1556510400000;4.755;4.755;4.013;4.181;690466.65
1556514000000;4.157;4.17;3.83;4.059;180104.055
1556517600000;4.069;4.105;3.977;4.034;69274.46
1556521200000;4.021;4.021;3.91;3.953;71914.21
1556524800000;3.953;4.003;3.842;3.969;54571.016
1556528400000;3.97;4.002;3.796;3.868;46657.949
1556532000000;3.858;3.975;3.739;3.754;53557.89
1556535600000;3.749;3.869;3.723;3.854;53225.651
1556539200000;3.85;3.908;3.765;3.822;29270.749
1556542800000;3.822;3.871;3.725;3.871;32010.37
1556546400000;3.878;4.023;3.855;3.972;65919.448
1556550000000;3.969;4.019;3.95;3.96;28344.387
1556553600000;3.956;4.015;3.784;3.81;41558.943
1556557200000;3.823;3.854;3.768;3.817;60212.56
1556560800000;3.817;3.853;3.797;3.838;9924.661
1556564400000;3.85;3.895;3.813;3.826;6394.277
1556568000000;3.826;3.844;3.749;3.77;10421.264
1556571600000;3.75;3.779;3.683;3.74;13626.877
1556575200000;3.697;3.896;3.661;3.769;52393.987
1556578800000;3.738;3.795;3.71;3.777;9453.697
1556582400000;3.777;3.896;3.768;3.896;20935.536
1556586000000;3.896;4.075;3.881;3.926;113970.571
1556589600000;3.927;4.05;3.87;3.918;34232.313
1556593200000;3.917;3.917;3.847;3.854;14420.845
1556596800000;3.872;3.872;3.75;3.765;21197.271
1556600400000;3.764;3.9;3.764;3.852;24600.166
1556604000000;3.825;3.857;3.773;3.794;10459.235
1556607600000;3.795;3.84;3.772;3.84;12500.091
1556611200000;3.84;3.905;3.821;3.83;17369.97
1556614800000;3.817;3.841;3.751;3.77;16632.649
1556618400000;3.794;3.92;3.772;3.92;15062.551
1556622000000;3.92;3.957;3.844;3.879;32912.313
1556625600000;3.879;3.946;3.86;3.882;22295.374
1556629200000;3.901;4.01;3.881;3.933;120865.568
1556632800000;3.933;3.98;3.901;3.904;41419.6
1556636400000;3.904;3.932;3.845;3.886;31754.936
1556640000000;3.86;3.887;3.818;3.874;24203.723
1556643600000;3.874;3.883;3.846;3.869;3718.36
1556647200000;3.876;3.9;3.868;3.891;3585.974
1556650800000;3.891;3.94;3.89;3.915;17250.102
1556654400000;3.915;3.981;3.915;3.929;12838.421
1556658000000;3.92;3.945;3.88;3.88;7048.682
1556661600000;3.9;3.938;3.855;3.87;9209.437
1556665200000;3.872;3.967;3.872;3.917;9946.651
1556668800000;3.913;4.005;3.876;3.954;35563.774
1556672400000;3.949;4.146;3.948;4.03;59342.15
1556676000000;4.02;4.26;4.014;4.185;69967.085
1556679600000;4.189;4.211;4.022;4.12;53088.719
1556683200000;4.125;4.125;4.037;4.038;29670.912
1556686800000;4.038;4.18;4.038;4.173;45429.997
1556690400000;4.176;4.215;4.105;4.18;50842.762
1556694000000;4.17;4.246;4.104;4.212;43774.402
1556697600000;4.209;4.339;4.2;4.225;93438.768
1556701200000;4.213;4.5;4.173;4.399;84589.459
1556704800000;4.397;4.48;4.312;4.328;101027.774
1556708400000;4.34;4.47;4.337;4.45;99175.711
1556712000000;4.45;4.458;4.311;4.389;107119.304
1556715600000;4.399;4.399;4.297;4.352;108297.542
1556719200000;4.35;4.64;4.35;4.516;172729.979
1556722800000;4.516;4.65;4.458;4.475;145469.291
1556726400000;4.472;4.603;4.4;4.414;80080.431
1556730000000;4.414;4.493;4.381;4.44;47437.556
1556733600000;4.437;4.54;4.437;4.53;29775.179
1556737200000;4.53;4.65;4.52;4.603;53642.119
1556740800000;4.603;4.617;4.49;4.559;37918.822
1556744400000;4.568;4.585;4.428;4.523;42323.673
1556748000000;4.512;4.512;4.345;4.359;63744.018
1556751600000;4.356;4.48;4.349;4.392;47811.888
1556755200000;4.391;4.392;4.174;4.224;107762.851
1556758800000;4.217;4.329;4.21;4.329;49447.535
1556762400000;4.328;4.4;4.32;4.352;61598.622
1556766000000;4.372;4.372;4.28;4.292;28848.24
1556769600000;4.29;4.437;4.275;4.413;57223.694
1556773200000;4.421;4.527;4.38;4.43;69453.811
1556776800000;4.427;4.55;4.41;4.55;28589.249
1556780400000;4.55;4.661;4.546;4.572;89768.333
1556784000000;4.573;4.65;4.458;4.573;66923.926
1556787600000;4.574;4.574;4.455;4.465;51585.088
1556791200000;4.465;4.571;4.45;4.48;29994.177
1556794800000;4.483;4.503;4.4;4.412;60583.237
1556798400000;4.412;4.536;4.405;4.416;52195.68
1556802000000;4.416;4.445;4.36;4.422;42898.432
1556805600000;4.421;4.479;4.369;4.449;67895.675
1556809200000;4.449;4.587;4.446;4.466;63524.124
1556812800000;4.466;4.52;4.415;4.44;38432.642
1556816400000;4.44;4.532;4.43;4.508;18079.894
1556820000000;4.515;4.587;4.511;4.58;29876.683
1556823600000;4.571;4.613;4.499;4.553;37314.866
1556827200000;4.552;4.568;4.433;4.524;22945.04
1556830800000;4.524;4.573;4.506;4.552;17508.759
1556834400000;4.543;4.595;4.512;4.522;18867.982
1556838000000;4.527;4.611;4.52;4.61;21827.493
1556841600000;4.608;4.712;4.55;4.712;68676.205
1556845200000;4.714;4.86;4.692;4.761;129484.045
1556848800000;4.763;4.958;4.724;4.91;141626.94
1556852400000;4.911;4.915;4.751;4.8;93987.071
1556856000000;4.8;4.839;4.783;4.832;48104.831
1556859600000;4.833;4.879;4.792;4.827;45554.091
1556863200000;4.827;4.95;4.826;4.944;69052.261
1556866800000;4.943;5.35;4.802;5.086;325478.547
1556870400000;5.082;5.172;4.9;4.931;380647.816
1556874000000;4.931;5.048;4.726;4.876;228234.474
1556877600000;4.876;5.088;4.816;4.89;173761.171
1556881200000;4.89;4.964;4.771;4.902;102839.689
1556884800000;4.9;5.077;4.835;5.025;82013.447
1556888400000;5.019;5.1;4.952;5.028;91654.785
1556892000000;5.028;5.119;4.983;5.028;95019.328
1556895600000;5.032;5.049;4.944;4.965;98282.663
1556899200000;4.965;4.979;4.88;4.914;44190.221
1556902800000;4.914;4.935;4.857;4.9;46490.88
1556906400000;4.9;4.99;4.9;4.984;40616.808
1556910000000;4.983;5.1;4.973;5.034;86593.43
1556913600000;5.034;5.098;4.972;5.076;45568.7
1556917200000;5.074;5.175;5.023;5.147;52899.909
1556920800000;5.147;5.379;5.144;5.3;174320.642
1556924400000;5.3;5.38;5.24;5.333;109585.282
1556928000000;5.341;5.66;5.341;5.497;326331.081
1556931600000;5.487;5.635;5.468;5.574;144983.68
1556935200000;5.574;5.619;5.417;5.42;141958.742
1556938800000;5.418;5.482;5.371;5.398;121221.2
1556942400000;5.4;5.4;5.15;5.25;192602.065
1556946000000;5.25;5.267;5.103;5.167;153609.731
1556949600000;5.163;5.269;5.08;5.22;134705.582
1556953200000;5.223;5.36;5.204;5.325;107917.033
1556956800000;5.325;5.329;5.167;5.194;105034.507
1556960400000;5.194;5.3;5.193;5.217;60162.249
1556964000000;5.207;5.215;5.085;5.116;144556.06
1556967600000;5.117;5.172;5.029;5.062;103535.084
1556971200000;5.064;5.094;4.95;4.996;162195.501
1556974800000;4.993;4.998;4.706;4.818;369080.405
1556978400000;4.824;4.989;4.743;4.938;191298.903
1556982000000;4.941;4.967;4.876;4.917;60163.715
1556985600000;4.917;5.45;4.88;5.233;311593.66
1556989200000;5.229;5.283;5.103;5.106;139211.805
1556992800000;5.114;5.244;5.105;5.236;64070.424
1556996400000;5.24;5.347;5.18;5.335;141157.65
1557000000000;5.328;5.38;5.255;5.326;96669.533
1557003600000;5.317;5.35;5.254;5.298;91556.095
1557007200000;5.291;5.291;5.13;5.158;86632.228
1557010800000;5.153;5.31;5.153;5.243;50264.318
1557014400000;5.238;5.238;5.081;5.09;62234.627
1557018000000;5.093;5.164;4.969;5.088;100290.597
1557021600000;5.092;5.131;5.037;5.049;56133.472
1557025200000;5.058;5.111;5.04;5.107;21148.427
1557028800000;5.103;5.108;5.013;5.013;26529.92
1557032400000;5.013;5.044;4.967;5.02;154890.074
1557036000000;5.02;5.02;4.93;4.99;64379.936
1557039600000;4.989;5.011;4.93;4.957;76123.551
1557043200000;4.957;4.957;4.852;4.883;128908.934
1557046800000;4.881;4.958;4.85;4.862;74171.199
1557050400000;4.853;4.884;4.823;4.867;54653.205
1557054000000;4.871;4.877;4.83;4.853;39947.04
1557057600000;4.861;4.972;4.774;4.951;110263.903
1557061200000;4.951;5.08;4.917;4.973;159217.292
1557064800000;4.971;5.022;4.9;4.957;81680.329
1557068400000;4.96;5.025;4.932;4.94;54381.327
1557072000000;4.94;4.948;4.862;4.89;67956.428
1557075600000;4.89;4.9;4.842;4.872;30336.096
1557079200000;4.871;4.871;4.822;4.835;25494.536
1557082800000;4.844;4.87;4.785;4.856;52695.265
1557086400000;4.859;4.967;4.856;4.911;59936.764
1557090000000;4.911;4.957;4.897;4.938;9914.013
1557093600000;4.938;4.959;4.86;4.87;18699.27
1557097200000;4.865;4.9;4.831;4.837;14228.769
1557100800000;4.838;4.857;4.756;4.781;37155.808
1557104400000;4.784;4.94;4.752;4.825;94949.069
1557108000000;4.822;4.83;4.662;4.696;60375.341
1557111600000;4.697;4.7;4.561;4.561;91236.923
1557115200000;4.563;4.67;4.533;4.669;79988.379
1557118800000;4.67;4.758;4.63;4.638;78680.216
1557122400000;4.631;4.644;4.54;4.588;79435.392
1557126000000;4.583;4.637;4.511;4.512;61720.792
1557129600000;4.512;4.576;4.502;4.552;52601.373
1557133200000;4.55;4.629;4.52;4.581;43672.529
1557136800000;4.583;4.9;4.571;4.711;196527.116
1557140400000;4.715;4.79;4.631;4.659;149995.443
1557144000000;4.663;4.742;4.619;4.712;76594.37
1557147600000;4.711;4.779;4.7;4.746;35602.962
1557151200000;4.752;4.835;4.746;4.8;59915.785
1557154800000;4.793;4.811;4.752;4.765;19724.775
1557158400000;4.774;4.841;4.774;4.798;45267.734
1557162000000;4.798;4.83;4.78;4.787;19693.496
1557165600000;4.788;4.799;4.696;4.745;42095.053
1557169200000;4.746;4.755;4.72;4.75;14068.146
1557172800000;4.752;4.797;4.716;4.789;19644.171
1557176400000;4.781;4.781;4.701;4.749;18149.248
1557180000000;4.747;4.756;4.711;4.737;8807.447
1557183600000;4.739;4.788;4.739;4.763;10031.844
1557187200000;4.763;4.89;4.735;4.89;52304.078
1557190800000;4.89;4.939;4.851;4.881;81495.05
1557194400000;4.882;4.923;4.814;4.915;66151.37
1557198000000;4.92;4.954;4.894;4.9;63753.789
1557201600000;4.9;5.03;4.9;5.016;62348.567
1557205200000;5.016;5.071;4.972;4.972;74938.096
1557208800000;4.972;4.982;4.925;4.979;46267.749
1557212400000;4.968;4.968;4.835;4.899;44950.228
1557216000000;4.898;4.958;4.858;4.884;29469.443
1557219600000;4.884;4.951;4.873;4.902;26744.041
1557223200000;4.902;4.905;4.818;4.844;32799.047
1557226800000;4.842;4.864;4.752;4.791;48328.872
1557230400000;4.792;4.848;4.775;4.82;39328.683
1557234000000;4.817;4.824;4.73;4.746;48180.608
1557237600000;4.744;4.749;4.62;4.621;105393.578
1557241200000;4.635;4.684;4.621;4.663;50584.318
1557244800000;4.663;4.791;4.657;4.72;59277.091
1557248400000;4.72;4.727;4.667;4.718;22465.736
1557252000000;4.719;4.81;4.719;4.779;44143.43
1557255600000;4.779;4.784;4.693;4.736;20588.992
1557259200000;4.739;4.793;4.71;4.716;14525.589
1557262800000;4.726;4.767;4.711;4.737;6582.303
1557266400000;4.738;4.739;4.691;4.691;8363.186
1557270000000;4.698;4.714;4.59;4.596;55564.166
1557273600000;4.601;4.607;4.452;4.538;136205.148
1557277200000;4.545;4.635;4.52;4.552;59553.095
1557280800000;4.551;4.589;4.531;4.541;41782.268
1557284400000;4.543;4.553;4.437;4.452;50682.478
1557288000000;4.452;4.55;4.445;4.542;41974.733
1557291600000;4.542;4.579;4.434;4.503;70957.077
1557295200000;4.501;4.536;4.462;4.499;19490.426
1557298800000;4.493;4.505;4.464;4.49;24784.846
1557302400000;4.493;4.503;4.455;4.461;28330.167
1557306000000;4.46;4.563;4.442;4.561;45183.219
1557309600000;4.554;4.624;4.527;4.577;51696.783
1557313200000;4.577;4.577;4.458;4.5;33649.748
1557316800000;4.5;4.519;4.47;4.472;17833.08
1557320400000;4.476;4.479;4.353;4.379;99932.001
1557324000000;4.39;4.399;4.28;4.31;79597.344
1557327600000;4.308;4.366;4.26;4.311;61489.494
1557331200000;4.313;4.327;4.265;4.296;16984.789
1557334800000;4.293;4.354;4.26;4.301;25306.197
1557338400000;4.301;4.329;4.242;4.256;25407.201
1557342000000;4.254;4.323;4.253;4.311;20958.207
1557345600000;4.307;4.335;4.3;4.327;16309.892
1557349200000;4.333;4.333;4.276;4.321;4756.454
1557352800000;4.316;4.43;4.311;4.397;27752.823
1557356400000;4.395;4.403;4.3;4.313;25294.477
1557360000000;4.342;4.423;4.338;4.385;12620.349
1557363600000;4.392;4.491;4.38;4.417;33869.821
1557367200000;4.417;4.417;4.369;4.392;15130.288
1557370800000;4.397;4.407;4.374;4.391;13046.551
1557374400000;4.392;4.399;4.33;4.351;18614.603
1557378000000;4.351;4.373;4.279;4.3;15779.608
1557381600000;4.301;4.31;4.1;4.114;76894.46
1557385200000;4.105;4.152;4;4.1;73408.095
1557388800000;4.098;4.178;4;4.167;109921.161
1557392400000;4.167;4.168;4.097;4.111;32336.822
1557396000000;4.112;4.141;4.075;4.079;19706.116
1557399600000;4.078;4.078;4.012;4.032;32208.533
1557403200000;4.026;4.119;3.892;4.103;170090.969
1557406800000;4.101;4.103;4;4.08;64147.54
1557410400000;4.08;4.1;3.952;3.972;46630.355
1557414000000;3.969;3.989;3.821;3.916;160861.326
1557417600000;3.912;3.959;3.698;3.768;142663.455
1557421200000;3.774;3.799;3.645;3.661;110742.273
1557424800000;3.666;3.735;3.602;3.639;43634.782
1557428400000;3.637;3.734;3.627;3.638;82559.296
1557432000000;3.635;3.642;3.415;3.549;211916
1557435600000;3.542;3.881;3.49;3.754;195778.937
1557439200000;3.744;3.836;3.658;3.821;90613.741
1557442800000;3.821;3.915;3.767;3.88;74990.432
1557446400000;3.884;4.114;3.789;4.042;155460.896
1557450000000;4.043;4.054;3.851;3.974;137170.528
1557453600000;3.968;4.014;3.892;3.971;65751.026
1557457200000;3.962;3.962;3.788;3.825;99710.765
1557460800000;3.823;4.052;3.77;3.952;137281.664
1557464400000;3.958;3.998;3.938;3.952;52754.859
1557468000000;3.95;4.019;3.94;4.011;22880.439
1557471600000;4.011;4.031;3.951;3.952;41300.884
1557475200000;3.952;3.963;3.875;3.901;58070.957
1557478800000;3.896;3.901;3.799;3.813;38597.14
1557482400000;3.813;3.88;3.81;3.879;29882.196
1557486000000;3.879;3.89;3.838;3.873;15312.237
1557489600000;3.873;3.949;3.841;3.856;32533.59
1557493200000;3.851;3.867;3.78;3.79;53712.71
1557496800000;3.785;3.821;3.75;3.777;43736.736
1557500400000;3.781;3.793;3.616;3.685;136513.56
1557504000000;3.675;3.718;3.611;3.679;90831.727
1557507600000;3.678;3.759;3.641;3.737;52594.687
1557511200000;3.736;3.791;3.7;3.755;23266.251
1557514800000;3.771;3.785;3.687;3.703;30683.562
1557518400000;3.7;3.71;3.62;3.651;33520.648
1557522000000;3.656;3.727;3.651;3.726;10234.384
1557525600000;3.714;3.733;3.69;3.699;6798.79
1557529200000;3.698;3.815;3.676;3.797;34465.32
1557532800000;3.804;3.85;3.779;3.817;26241.36
1557536400000;3.82;3.889;3.81;3.825;29011.523
1557540000000;3.825;3.863;3.77;3.801;36535.369
1557543600000;3.808;3.815;3.714;3.751;35009.889
1557547200000;3.756;3.779;3.718;3.718;36539.648
1557550800000;3.714;3.769;3.7;3.753;30513.048
1557554400000;3.749;3.785;3.701;3.77;37132.022
1557558000000;3.76;3.856;3.753;3.82;43787.449
1557561600000;3.818;3.979;3.773;3.975;97150.352
1557565200000;3.975;4.018;3.843;3.88;164009.389
1557568800000;3.88;4.095;3.876;4.091;114224.517
1557572400000;4.095;4.15;3.951;3.955;160099.159
1557576000000;3.955;4.06;3.948;4.044;96910.961
1557579600000;4.043;4.074;3.989;4.024;58743.215
1557583200000;4.033;4.168;4.012;4.167;48281.98
1557586800000;4.164;4.175;4.094;4.128;72820.428
1557590400000;4.122;4.142;4.028;4.043;84795.319
1557594000000;4.035;4.112;4.008;4.093;49076.152
1557597600000;4.079;4.166;4.062;4.149;36440.653
1557601200000;4.157;4.166;4.09;4.09;19920.963
1557604800000;4.098;4.125;4.089;4.119;5964.011
1557608400000;4.122;4.145;4.1;4.118;11453.699
1557612000000;4.109;4.143;4.036;4.038;38993.492
1557615600000;4.039;4.091;3.902;3.902;88297.052
1557619200000;3.904;3.983;3.82;3.846;73336.241
1557622800000;3.853;3.99;3.853;3.975;35786.121
1557626400000;3.975;4.04;3.966;3.967;30057.735
1557630000000;3.967;3.984;3.9;3.912;19775.863
1557633600000;3.918;3.966;3.905;3.954;17756.26
1557637200000;3.955;3.958;3.92;3.95;20305.316
1557640800000;3.95;4.005;3.943;3.975;31199.279
1557644400000;3.966;3.976;3.897;3.931;68683.493
1557648000000;3.933;3.98;3.842;3.96;54136.05
1557651600000;3.963;3.997;3.71;3.805;156374.8
1557655200000;3.8;3.866;3.723;3.74;50384.334
1557658800000;3.751;3.815;3.653;3.741;44229.3
1557662400000;3.741;3.765;3.668;3.747;16279.725
1557666000000;3.76;3.799;3.725;3.771;31357.951
1557669600000;3.754;3.793;3.655;3.672;23259.593
1557673200000;3.666;3.722;3.604;3.631;35419.723
1557676800000;3.643;3.759;3.642;3.695;27361.154
1557680400000;3.693;3.773;3.671;3.732;17675.078
1557684000000;3.721;3.83;3.721;3.771;12194.748
1557687600000;3.763;3.801;3.722;3.778;8161.429
1557691200000;3.788;3.829;3.762;3.815;7244.38
1557694800000;3.814;3.895;3.79;3.833;20155.718
1557698400000;3.833;3.85;3.73;3.774;13575.086
1557702000000;3.766;3.815;3.722;3.75;13644.486
1557705600000;3.75;3.805;3.734;3.8;11850.58
1557709200000;3.805;3.9;3.8;3.884;41576.421
1557712800000;3.873;3.938;3.835;3.87;21216.243
1557716400000;3.869;3.931;3.863;3.902;30570.573
1557720000000;3.902;3.961;3.893;3.956;41836.374
1557723600000;3.95;3.961;3.914;3.94;9991.038
1557727200000;3.94;4.033;3.921;4.002;43269.373
1557730800000;3.997;4.106;3.969;4.01;50017.673
1557734400000;4.025;4.154;3.959;4.08;74998.442
1557738000000;4.091;4.173;4.032;4.05;93975.085
1557741600000;4.046;4.088;4.003;4.059;65896.251
1557745200000;4.059;4.099;3.96;3.997;57955.458
1557748800000;3.998;4.029;3.895;3.942;72870.46
1557752400000;3.941;3.99;3.918;3.94;42475.888
1557756000000;3.94;3.987;3.923;3.94;20483.313
1557759600000;3.94;3.969;3.854;3.91;74291.303
1557763200000;3.91;3.929;3.852;3.896;69787.399
1557766800000;3.897;4.05;3.878;4.001;43938.699
1557770400000;4.01;4.079;4.001;4.038;40287.135
1557774000000;4.037;4.058;3.948;3.965;25686.849
1557777600000;3.965;3.969;3.901;3.919;15610.056
1557781200000;3.929;4.005;3.918;3.98;36743.359
1557784800000;3.966;3.998;3.888;3.924;15089.766
1557788400000;3.924;3.957;3.863;3.897;22961.379
1557792000000;3.897;3.916;3.803;3.808;44214.059
1557795600000;3.832;3.888;3.779;3.888;65406.22
1557799200000;3.867;3.999;3.859;3.96;33467.391
1557802800000;3.96;4.083;3.92;3.968;69246.471
1557806400000;3.977;4.067;3.964;3.982;46727.784
1557810000000;3.981;4.036;3.981;4.009;44333.975
1557813600000;4.008;4.087;4;4.061;31736.003
1557817200000;4.061;4.061;3.996;4.042;46131.765
1557820800000;4.044;4.052;3.946;3.948;39018.462
1557824400000;3.948;4.087;3.93;4.047;47157.948
1557828000000;4.047;4.067;3.866;3.877;91601.876
1557831600000;3.876;3.907;3.82;3.894;67389.059
1557835200000;3.893;3.927;3.861;3.925;37367.034
1557838800000;3.92;3.96;3.889;3.943;53630.898
1557842400000;3.941;3.954;3.869;3.926;73442.301
1557846000000;3.924;3.955;3.881;3.882;60608.312
1557849600000;3.882;3.915;3.799;3.906;109903.195
1557853200000;3.907;3.936;3.88;3.908;33567.388
1557856800000;3.907;3.91;3.852;3.865;16819.045
1557860400000;3.865;3.877;3.805;3.826;27088.346
1557864000000;3.827;3.845;3.8;3.845;25929.568
1557867600000;3.844;3.844;3.801;3.826;20352.903
1557871200000;3.829;3.9;3.826;3.879;23916.345
1557874800000;3.879;4.05;3.867;4;105176.409
1557878400000;4;4.056;3.986;4.028;72791.028
1557882000000;4.025;4.055;4;4.051;50022.171
1557885600000;4.055;4.196;4.035;4.19;123233.457
1557925200000;4.192;4.33;4.052;4.253;228560.083
1557928800000;4.253;4.27;4.151;4.246;125598.598
1557932400000;4.246;4.34;4.231;4.309;61038.649
1557936000000;4.302;4.452;4.23;4.446;104972.772
1557939600000;4.448;4.8;4.448;4.631;357791.778
1557943200000;4.63;4.648;4.363;4.363;157689.716
1557946800000;4.369;4.429;4.31;4.413;88204.471
1557950400000;4.416;4.435;4.33;4.395;38033.921
1557954000000;4.395;4.586;4.351;4.579;78979.14
1557957600000;4.575;4.58;4.418;4.489;74540.299
1557961200000;4.491;4.56;4.49;4.547;30589.305
1557964800000;4.546;4.581;4.48;4.569;80560.155
1557968400000;4.565;4.737;4.56;4.735;83724.527
1557972000000;4.737;4.78;4.639;4.723;78230.335
1557975600000;4.723;4.725;4.542;4.565;112790.101
1557979200000;4.559;4.565;4.275;4.372;154069.462
1557982800000;4.371;4.483;4.341;4.358;65695.212
1557986400000;4.359;4.548;4.325;4.548;49038.971
1557990000000;4.542;4.586;4.403;4.412;64351.051
1557993600000;4.41;4.496;4.382;4.425;30978.209
1557997200000;4.417;4.443;4.301;4.319;40012.462
1558000800000;4.319;4.388;4.08;4.136;193367.078
1558004400000;4.136;4.259;4.125;4.157;46797.369
1558008000000;4.162;4.23;4;4.016;99699.984
1558011600000;4.017;4.15;4.012;4.141;60836.282
1558015200000;4.141;4.285;4.132;4.203;75032.006
1558018800000;4.203;4.315;4.2;4.315;46791.473
1558022400000;4.316;4.379;4.2;4.206;90996.944
1558026000000;4.208;4.245;4.149;4.2;37884.693
1558029600000;4.202;4.267;4.195;4.206;20210.69
1558033200000;4.22;4.31;4.092;4.137;58181.413
1558036800000;4.142;4.169;4.078;4.127;38863.782
1558040400000;4.127;4.35;4.109;4.346;62820.47
1558044000000;4.339;4.375;4.25;4.282;49627.474
1558047600000;4.291;4.31;4.247;4.278;38066.197
1558051200000;4.268;4.49;4.267;4.462;72810.366
1558054800000;4.462;4.488;4.189;4.229;83979.76
1558058400000;4.219;4.343;4.071;4.092;71568.271
1558062000000;4.099;4.211;3.95;4.142;176256.952
1558065600000;4.14;4.398;4.132;4.215;118936.998
1558069200000;4.219;4.39;4.175;4.308;149067.338
1558072800000;4.31;4.357;4.217;4.223;79181.632
1558076400000;4.224;4.29;4.181;4.271;47755.911
1558080000000;4.271;4.714;4.271;4.622;444594.399
1558083600000;4.623;4.792;4.572;4.689;269277.404
1558087200000;4.663;4.698;4.44;4.503;185897.821
1558090800000;4.505;4.529;4.32;4.499;133724.26
1558094400000;4.498;4.554;4.285;4.467;173564.445
1558098000000;4.46;4.582;4.446;4.465;99560.374
1558101600000;4.472;4.498;4.403;4.421;65091.689
1558105200000;4.418;4.464;4.35;4.351;42791.002
1558108800000;4.349;4.563;4.33;4.408;107735.926
1558112400000;4.402;4.55;4.36;4.391;99591.616
1558116000000;4.398;4.688;4.381;4.6;95849.256
1558119600000;4.605;4.662;4.383;4.401;78902.079
1558123200000;4.401;4.48;4.33;4.438;60282.35
1558126800000;4.448;4.483;4.359;4.4;42027.368
1558130400000;4.4;4.499;4.312;4.413;47320.27
1558134000000;4.419;4.429;4.279;4.413;54718.298
1558137600000;4.413;4.465;4.33;4.369;58259.133
1558141200000;4.369;4.455;4.359;4.447;47824.563
1558144800000;4.445;4.589;4.423;4.503;74803.398
1558148400000;4.509;4.687;4.497;4.64;123588.768
1558152000000;4.652;4.672;4.533;4.613;65475.971
1558155600000;4.612;4.628;4.536;4.61;41425.735
1558159200000;4.606;4.627;4.505;4.511;39800.774
1558162800000;4.51;4.519;4.391;4.428;71250.151
1558166400000;4.435;4.535;4.43;4.476;28583.128
1558170000000;4.484;4.514;4.405;4.482;51072.228
1558173600000;4.489;4.568;4.486;4.54;44156.977
1558177200000;4.531;4.607;4.515;4.54;30705.923
1558180800000;4.541;4.59;4.487;4.545;28235.079
1558184400000;4.545;4.684;4.477;4.655;63707.233
1558188000000;4.662;4.799;4.581;4.72;178587.231
1558191600000;4.72;5;4.695;5;285640.107
1558195200000;4.964;4.995;4.815;4.829;231573.392
1558198800000;4.833;4.91;4.793;4.865;102115.823
1558202400000;4.87;4.959;4.836;4.903;74686.07
1558206000000;4.896;4.954;4.836;4.837;30499.711
1558209600000;4.837;4.88;4.779;4.858;39833.037
1558213200000;4.867;4.88;4.76;4.803;39212.675
1558216800000;4.802;4.82;4.75;4.807;33620.893
1558220400000;4.809;4.821;4.678;4.684;84932.999
1558224000000;4.684;4.8;4.636;4.692;73807.112
1558227600000;4.695;4.856;4.664;4.845;98784.394
1558231200000;4.848;4.861;4.73;4.794;71847.961
1558234800000;4.786;4.844;4.772;4.803;54313.743
1558238400000;4.797;4.95;4.783;4.84;79224.698
1558242000000;4.84;4.851;4.772;4.804;44842.663
1558245600000;4.804;4.943;4.804;4.861;48771.294
1558249200000;4.868;4.927;4.822;4.905;53855.804
1558252800000;4.906;4.96;4.881;4.941;48072.131
1558256400000;4.938;5.1;4.91;4.994;139010.218
1558260000000;4.993;5.05;4.941;5.021;78874.51
1558263600000;5.02;5.02;4.845;4.854;84088.906
1558267200000;4.86;4.92;4.75;4.874;119850.385
1558270800000;4.88;5.168;4.814;5.033;201232.719
1558274400000;5.043;5.171;5.02;5.118;100008.033
1558278000000;5.122;5.15;4.975;4.997;79310.338
1558281600000;5.004;5.078;4.93;4.969;46390.682
1558285200000;4.969;5.066;4.931;5.029;40730.816
1558288800000;5.021;5.059;4.991;5.051;11948.153
1558292400000;5.053;5.059;4.879;4.916;62681.461
1558296000000;4.916;4.957;4.871;4.954;33429.889
1558299600000;4.954;4.995;4.908;4.914;22089.766
1558303200000;4.924;4.998;4.882;4.905;62461.877
1558306800000;4.9;4.913;4.826;4.852;103351.112
1558310400000;4.852;4.863;4.57;4.685;134565.404
1558314000000;4.684;4.732;4.6;4.732;94121.735
1558317600000;4.732;4.75;4.61;4.66;51173.317
1558321200000;4.664;4.785;4.66;4.782;55674.593
1558324800000;4.782;4.82;4.652;4.662;77959.973
1558328400000;4.662;4.774;4.609;4.759;56842.913
1558332000000;4.761;4.761;4.66;4.672;39213.492
1558335600000;4.678;4.733;4.629;4.656;45035.452
1558339200000;4.668;4.672;4.541;4.595;79985.748
1558342800000;4.598;4.707;4.593;4.7;50619.512
1558346400000;4.696;4.728;4.653;4.705;20158.502
1558350000000;4.706;4.73;4.595;4.635;46175.846
1558353600000;4.633;4.672;4.507;4.547;84382.01
1558357200000;4.551;4.687;4.432;4.687;104206.395
1558360800000;4.686;4.75;4.66;4.718;85322.111
1558364400000;4.717;4.79;4.67;4.739;94067.107
1558368000000;4.749;4.791;4.651;4.66;50754.69
1558371600000;4.656;4.716;4.625;4.663;50967.477
1558375200000;4.663;4.79;4.639;4.662;71171.17
1558378800000;4.668;4.82;4.668;4.784;62477.403
1558382400000;4.784;4.806;4.701;4.727;60146.295
1558386000000;4.72;4.78;4.711;4.722;31512.833
1558389600000;4.722;4.735;4.633;4.663;48732.642
1558393200000;4.674;4.759;4.634;4.673;37519.666
1558396800000;4.668;4.78;4.639;4.693;49869.474
1558400400000;4.696;4.777;4.653;4.679;38302.733
1558404000000;4.679;4.69;4.597;4.638;59070.917
1558407600000;4.632;4.65;4.583;4.599;56798.734
1558411200000;4.601;4.644;4.558;4.573;36200.547
1558414800000;4.576;4.578;4.48;4.551;85369.107
1558418400000;4.551;4.645;4.523;4.64;44536.148
1558422000000;4.634;4.671;4.605;4.663;65902.3
1558425600000;4.654;4.698;4.652;4.667;61517.143
1558429200000;4.667;4.695;4.613;4.677;31837.286
1558432800000;4.673;4.678;4.608;4.63;22385.931
1558436400000;4.63;4.648;4.527;4.553;63629.236
1558440000000;4.565;4.62;4.537;4.551;51681.646
1558443600000;4.554;4.614;4.549;4.575;64661.639
1558447200000;4.58;4.634;4.56;4.632;43783.616
1558450800000;4.636;4.65;4.609;4.616;40846.54
1558454400000;4.62;4.64;4.569;4.595;47154.066
1558458000000;4.596;4.713;4.596;4.708;65705.753
1558461600000;4.708;4.733;4.654;4.705;42835.167
1558465200000;4.705;4.796;4.688;4.781;50089.011
1558468800000;4.78;4.864;4.754;4.774;60031.981
1558472400000;4.78;4.78;4.654;4.698;35288.097
1558476000000;4.69;4.691;4.635;4.682;19536.251
1558479600000;4.682;4.8;4.682;4.743;35670.381
1558483200000;4.74;4.821;4.707;4.816;37691.238
1558486800000;4.816;4.82;4.717;4.721;22600.114
1558490400000;4.72;4.74;4.685;4.718;18836.457
1558494000000;4.718;4.719;4.661;4.694;17088.426
1558497600000;4.698;4.73;4.645;4.723;18589.342
1558501200000;4.72;4.743;4.707;4.713;10154.143
1558504800000;4.715;4.716;4.673;4.679;12261.818
1558508400000;4.679;4.692;4.65;4.664;19048.681
1558512000000;4.664;4.683;4.622;4.622;26002.842
1558515600000;4.622;4.638;4.576;4.59;52551.038
1558519200000;4.584;4.592;4.515;4.541;72881.61
1558522800000;4.537;4.542;4.382;4.429;188172.686
1558526400000;4.427;4.469;4.411;4.411;58520.557
1558530000000;4.412;4.434;4.394;4.413;73828.296
1558533600000;4.414;4.444;4.395;4.419;19821.861
1558537200000;4.417;4.533;4.41;4.52;48708.332
1558540800000;4.514;4.577;4.487;4.574;40991.795
1558544400000;4.571;4.578;4.45;4.497;45479.102
1558548000000;4.497;4.543;4.456;4.534;24361.246
1558551600000;4.534;4.58;4.524;4.558;23569.243
1558555200000;4.561;4.578;4.45;4.486;34305.528
1558558800000;4.486;4.507;4.381;4.392;39525.313
1558562400000;4.401;4.448;4.3;4.389;56782.469
1558566000000;4.385;4.403;4.306;4.306;35770.054
1558569600000;4.309;4.363;4.295;4.32;52309.159
1558573200000;4.32;4.352;4.212;4.227;69253.512
1558576800000;4.227;4.227;4.167;4.213;76021.76
1558580400000;4.21;4.215;4.115;4.151;57255.2
1558584000000;4.15;4.257;4.15;4.231;67467.135
1558587600000;4.23;4.305;4.198;4.237;70398.646
1558591200000;4.237;4.244;4.16;4.198;46593.813
1558594800000;4.199;4.199;4.13;4.173;26974.112
1558598400000;4.174;4.183;4.142;4.156;25528.851
1558602000000;4.159;4.202;4.12;4.197;30862.531
1558605600000;4.202;4.244;4.196;4.237;19675.322
1558609200000;4.23;4.247;4.2;4.229;16108.936
1558612800000;4.226;4.229;4.181;4.209;16592.416
1558616400000;4.219;4.258;4.217;4.227;21847.301
1558620000000;4.227;4.301;4.226;4.257;54624.142
1558623600000;4.258;4.285;4.233;4.266;49348.657
1558627200000;4.272;4.306;4.238;4.256;38004.664
1558630800000;4.252;4.278;4.2;4.259;21780.877
1558634400000;4.264;4.264;4.137;4.16;78009.178
1558638000000;4.165;4.189;4.15;4.164;16590.245
1558641600000;4.16;4.235;4.152;4.228;17494.917
1558645200000;4.231;4.24;4.176;4.222;55716.861
1558648800000;4.221;4.295;4.212;4.276;27221.538
1558652400000;4.272;4.342;4.27;4.337;20474.278
1558656000000;4.335;4.418;4.335;4.395;37646.071
1558659600000;4.394;4.418;4.31;4.331;61322.146
1558663200000;4.332;4.365;4.274;4.282;30828.212
1558666800000;4.283;4.481;4.258;4.481;74738.02
1558670400000;4.481;4.5;4.423;4.455;97515.095
1558674000000;4.458;4.494;4.359;4.4;40376.516
1558677600000;4.398;4.483;4.378;4.432;35307.134
1558681200000;4.439;4.452;4.415;4.449;33093.165
1558684800000;4.441;4.511;4.402;4.421;45532.514
1558688400000;4.421;4.421;4.371;4.401;31305.11
1558692000000;4.401;4.427;4.353;4.372;22898.544
1558695600000;4.373;4.414;4.333;4.372;32089.105
1558699200000;4.374;4.51;4.36;4.505;50424.547
1558702800000;4.509;4.55;4.474;4.546;45883.664
1558706400000;4.55;4.74;4.539;4.715;153213.997
1558710000000;4.715;4.77;4.35;4.595;428127.971
1558713600000;4.599;4.615;4.408;4.511;173984.57
1558717200000;4.522;4.545;4.48;4.49;19723.529
1558720800000;4.49;4.54;4.484;4.524;8337.45
1558724400000;4.529;4.747;4.529;4.739;126637.424
1558728000000;4.739;4.768;4.399;4.549;352191.336
1558731600000;4.543;4.609;4.484;4.592;75240.457
1558735200000;4.597;4.607;4.5;4.55;22527.907
1558738800000;4.55;4.554;4.429;4.454;56045.399
1558742400000;4.447;4.552;4.441;4.496;25145.001
1558746000000;4.5;4.553;4.449;4.548;27954.516
1558749600000;4.547;4.561;4.495;4.512;15843.989
1558753200000;4.511;4.519;4.482;4.482;13006.046
1558756800000;4.481;4.553;4.481;4.536;10739.077
1558760400000;4.544;4.55;4.491;4.5;13742.582
1558764000000;4.503;4.6;4.48;4.572;81256.243
1558767600000;4.57;4.599;4.516;4.549;30363.067
1558771200000;4.548;4.579;4.533;4.56;20295.498
1558774800000;4.56;4.577;4.54;4.563;14785.829
1558778400000;4.563;4.583;4.49;4.515;25280.806
1558782000000;4.512;4.556;4.48;4.546;20226.634
1558785600000;4.544;4.552;4.5;4.534;23315.411
1558789200000;4.543;4.579;4.476;4.504;42288.266
1558792800000;4.504;4.506;4.426;4.459;52295.534
1558796400000;4.459;4.462;4.423;4.429;33017.392
1558800000000;4.43;4.441;4.4;4.4;13571.73
1558803600000;4.401;4.423;4.36;4.378;36845.635
1558807200000;4.375;4.392;4.31;4.321;25357.561
1558810800000;4.316;4.353;4.287;4.333;28026.75
1558814400000;4.35;4.37;4.309;4.327;10872.573
1558818000000;4.32;4.33;4.305;4.305;7910.823
1558821600000;4.305;4.343;4.3;4.336;20535.657
1558825200000;4.343;4.397;4.331;4.385;13562.823
1558828800000;4.385;4.437;4.363;4.4;17656.122
1558832400000;4.409;4.46;4.406;4.43;21237.382
1558836000000;4.425;4.43;4.326;4.338;40175.518
1558839600000;4.338;4.348;4.308;4.315;19791.69
1558843200000;4.317;4.343;4.312;4.333;6280.414
1558846800000;4.333;4.351;4.313;4.338;8092.578
1558850400000;4.335;4.365;4.31;4.327;10160.21
1558854000000;4.327;4.364;4.307;4.364;13678.29
1558857600000;4.359;4.37;4.341;4.369;9131.049
1558861200000;4.37;4.383;4.328;4.329;29534.301
1558864800000;4.33;4.341;4.318;4.323;7736.131
1558868400000;4.33;4.333;4.238;4.253;46385.841
1558872000000;4.257;4.322;4.253;4.312;12011.225
1558875600000;4.319;4.323;4.286;4.31;12580.587
1558879200000;4.319;4.35;4.298;4.35;22424.614
1558882800000;4.347;4.349;4.292;4.303;13625.818
1558886400000;4.309;4.312;4.286;4.29;5437.217
1558890000000;4.296;4.35;4.286;4.348;8914.649
1558893600000;4.347;4.357;4.328;4.341;12902.422
1558897200000;4.341;4.386;4.281;4.332;59877.548
1558900800000;4.332;4.456;4.319;4.417;65551.112
1558904400000;4.42;4.53;4.405;4.523;55852.112
1558908000000;4.518;4.543;4.458;4.458;31340.879
1558911600000;4.462;4.517;4.461;4.481;19540.352
1558915200000;4.478;4.566;4.477;4.532;28603.314
1558918800000;4.538;4.547;4.47;4.501;39800.499
1558922400000;4.501;4.534;4.485;4.489;18924.222
1558926000000;4.495;4.546;4.495;4.537;11531.578
1558929600000;4.544;4.55;4.5;4.502;7917.673
1558933200000;4.499;4.534;4.487;4.519;12810.481
1558936800000;4.519;4.547;4.515;4.517;8270.539
1558940400000;4.529;4.578;4.511;4.572;21721.592
1558944000000;4.572;4.676;4.545;4.652;56474.147
1558947600000;4.665;4.689;4.588;4.623;100000.688
1558951200000;4.623;4.629;4.554;4.574;48736.611
1558954800000;4.571;4.594;4.537;4.545;13280.371
1558958400000;4.545;4.577;4.502;4.518;32586.718
1558962000000;4.518;4.575;4.491;4.559;27494.193
1558965600000;4.558;4.57;4.52;4.559;22356.57
1558969200000;4.554;4.568;4.528;4.556;26261.145
1558972800000;4.548;4.661;4.479;4.488;81179.601
1558976400000;4.499;4.584;4.499;4.508;23790.865
1558980000000;4.517;4.566;4.507;4.536;10367.837
1558983600000;4.555;4.617;4.546;4.603;9195.83
1558987200000;4.612;4.639;4.578;4.634;12567.926
1558990800000;4.637;4.65;4.592;4.622;11982.234
1558994400000;4.619;4.671;4.618;4.668;8881.997
1558998000000;4.668;4.699;4.652;4.655;25430.67
1559001600000;4.665;4.699;4.592;4.597;25235.244
1559005200000;4.592;4.654;4.576;4.637;14344.356
1559008800000;4.637;4.656;4.61;4.62;26722.197
1559012400000;4.621;4.621;4.57;4.583;24716.679
1559016000000;4.583;4.629;4.581;4.61;11690.761
1559019600000;4.613;4.64;4.567;4.597;22497.856
1559023200000;4.597;4.603;4.474;4.553;40812.067
1559026800000;4.56;4.56;4.495;4.56;15038.32
1559030400000;4.559;4.573;4.542;4.56;12398.286
1559034000000;4.56;4.571;4.5;4.536;34191.318
1559037600000;4.529;4.536;4.5;4.502;12721.401
1559041200000;4.502;4.565;4.487;4.551;20330.288
1559044800000;4.543;4.564;4.505;4.522;9444.331
1559048400000;4.524;4.564;4.506;4.544;51342.345
1559052000000;4.544;4.559;4.521;4.546;12251.461
1559055600000;4.546;4.652;4.542;4.615;24595.073
1559059200000;4.616;4.689;4.605;4.688;23071.547
1559062800000;4.688;4.863;4.681;4.78;100672.871
1559066400000;4.78;4.8;4.699;4.703;34780.251
1559070000000;4.704;4.743;4.674;4.703;21633.947
1559073600000;4.704;4.719;4.679;4.681;12497.729
1559077200000;4.682;4.854;4.679;4.838;70853.114
1559080800000;4.841;4.854;4.733;4.764;19587.741
1559084400000;4.765;4.805;4.756;4.778;9569.217
1559088000000;4.794;4.873;4.713;4.719;63766.184
1559091600000;4.718;4.735;4.643;4.691;19863.987
1559095200000;4.696;4.696;4.601;4.655;29182.76
1559098800000;4.654;4.729;4.652;4.724;12113.995
1559102400000;4.729;4.731;4.575;4.64;35799.531
1559106000000;4.64;4.65;4.502;4.507;43201.485
1559109600000;4.506;4.553;4.5;4.532;23961.503
1559113200000;4.541;4.611;4.524;4.601;18405.194
1559116800000;4.602;4.67;4.601;4.633;19023.433
1559120400000;4.642;4.642;4.617;4.631;9394.644
1559124000000;4.632;4.695;4.586;4.602;38960.91
1559127600000;4.594;4.626;4.553;4.587;18815.294
1559131200000;4.587;4.638;4.581;4.638;28040.778
1559134800000;4.631;4.695;4.624;4.673;22324.524
1559138400000;4.673;4.714;4.661;4.691;22578.47
1559142000000;4.704;4.789;4.696;4.726;31491.237
1559145600000;4.733;4.745;4.674;4.743;21776.386
1559149200000;4.747;4.765;4.722;4.745;26682.026
1559152800000;4.747;4.75;4.694;4.7;14937.398
1559156400000;4.704;4.774;4.701;4.774;4675.139
1559160000000;4.774;4.798;4.665;4.691;29111.091
1559163600000;4.69;4.728;4.672;4.678;13215.306
1559167200000;4.679;4.733;4.679;4.732;9320.821
1559170800000;4.732;4.76;4.675;4.696;41837.659
1559174400000;4.682;4.718;4.668;4.718;14997.216
1559178000000;4.718;4.75;4.681;4.714;20932.352
1559181600000;4.727;4.839;4.707;4.824;45511.981
1559185200000;4.828;5.16;4.82;5.095;303043.88
1559188800000;5.088;5.351;5.088;5.261;237171.033
1559192400000;5.269;5.296;5.107;5.151;105002.25
1559196000000;5.147;5.176;5.12;5.147;29285.316
1559199600000;5.145;5.164;5.111;5.149;40708.708
1559203200000;5.148;5.749;5.147;5.568;543218.589
1559206800000;5.556;5.948;5.44;5.943;323093.578
1559210400000;5.948;6.24;5.703;6.198;460106.609
1559214000000;6.19;6.603;6.04;6.102;659931.261
1559217600000;6.108;6.2;5.876;5.898;382148.788
1559221200000;5.901;6.273;5.852;6.128;391457.998
1559224800000;6.124;6.136;5.93;5.948;184033.06
1559228400000;5.944;6.17;5.862;5.877;211428.349
1559232000000;5.878;6.021;5.716;5.896;298324.361
1559235600000;5.898;5.9;5.552;5.655;188430.628
1559239200000;5.652;5.859;5.568;5.796;116688.853
1559242800000;5.799;6.092;5.795;5.967;272787.361
1559246400000;5.965;5.966;5.581;5.618;182082.042
1559250000000;5.631;5.766;5.3;5.46;205597.734
1559253600000;5.469;5.946;5.391;5.788;340143.813
1559257200000;5.788;6.1;5.588;5.926;397464.533
1559260800000;5.928;5.928;5.614;5.625;224275.977
1559264400000;5.624;5.772;5.623;5.717;140019.937
1559268000000;5.719;5.743;5.528;5.71;197392.239
1559271600000;5.715;5.759;5.394;5.48;170073.174
1559275200000;5.478;5.483;5.296;5.296;203757.349
1559278800000;5.295;5.54;5.211;5.506;160131.354
1559282400000;5.515;5.524;5.369;5.432;72267.607
1559286000000;5.433;5.58;5.429;5.568;140139.484
1559289600000;5.571;5.604;5.459;5.477;101516.251
1559293200000;5.487;5.499;5.395;5.487;62823.863
1559296800000;5.487;5.496;5.224;5.33;242613.23
1559300400000;5.331;5.39;5.25;5.362;95567.799
1559304000000;5.361;5.386;5.25;5.304;151853.645
1559307600000;5.306;5.716;5.306;5.574;374608.046
1559311200000;5.572;5.784;5.5;5.781;184519.01
1559314800000;5.784;5.93;5.59;5.662;371702.019
1559318400000;5.667;5.803;5.644;5.676;146128.229
1559322000000;5.675;5.73;5.598;5.608;64210.569
1559325600000;5.609;5.85;5.6;5.759;84479.45
1559329200000;5.771;5.784;5.678;5.704;25683.239
1559332800000;5.7;5.835;5.683;5.824;32166.418
1559336400000;5.821;5.917;5.755;5.902;61838.77
1559340000000;5.909;5.909;5.828;5.864;48615.665
1559343600000;5.864;5.879;5.713;5.782;121338.542
1559347200000;5.782;6.325;5.752;6.196;485503.677
1559350800000;6.206;6.323;6.021;6.08;309258.213
1559354400000;6.076;6.184;6;6.087;137370.194
1559358000000;6.09;6.29;6.071;6.107;131675.808
1559361600000;6.093;6.138;5.973;6.11;128889.029
1559365200000;6.11;6.118;5.9;5.917;125846.933
1559368800000;5.917;6.042;5.847;5.907;201053.639
1559372400000;5.894;6.03;5.81;6.022;93448.515
1559376000000;6.01;6.034;5.882;6.021;40696.864
1559379600000;6.026;6.188;6.013;6.161;126273.913
1559383200000;6.164;6.169;5.979;6;97824.51
1559386800000;6.001;6.025;5.892;6.012;106694.457
1559390400000;6.018;6.107;5.914;5.94;61342.934
1559394000000;5.951;5.971;5.865;5.915;47620.409
1559397600000;5.915;5.942;5.6;5.731;206429.501
1559401200000;5.732;5.847;5.721;5.751;71303.859
1559404800000;5.771;5.883;5.76;5.81;50742.483
1559408400000;5.81;5.829;5.697;5.724;38962.798
1559412000000;5.725;5.746;5.683;5.684;17511.665
1559415600000;5.686;5.847;5.643;5.829;26533.362
1559419200000;5.825;5.847;5.758;5.765;11482.741
1559422800000;5.765;5.889;5.765;5.85;24112.993
1559426400000;5.846;5.855;5.79;5.839;13584.291
1559430000000;5.839;5.886;5.734;5.771;35032.048
1559433600000;5.773;5.782;5.674;5.733;44478.623
1559437200000;5.742;5.744;5.643;5.715;31076.634
1559440800000;5.729;5.739;5.695;5.695;20063.508
1559444400000;5.695;5.698;5.572;5.631;119862.372
1559448000000;5.631;5.67;5.594;5.662;20426.146
1559451600000;5.67;5.744;5.67;5.74;17936.062
1559455200000;5.742;5.868;5.731;5.822;33495.736
1559458800000;5.83;5.894;5.786;5.835;51661.015
1559462400000;5.835;5.99;5.819;5.94;70642.203
1559466000000;5.939;5.95;5.808;5.829;67018.629
1559469600000;5.825;5.88;5.811;5.88;13516.07
1559473200000;5.88;5.954;5.858;5.895;23670.056
1559476800000;5.893;5.974;5.886;5.931;29107.257
1559480400000;5.931;5.934;5.751;5.778;57491.448
1559484000000;5.782;5.869;5.766;5.853;23731.579
1559487600000;5.847;5.958;5.83;5.933;29507.543
1559491200000;5.926;5.948;5.814;5.9;18841.378
1559494800000;5.897;6.25;5.897;6.242;128595.35
1559498400000;6.244;6.375;6.035;6.121;251624.189
1559502000000;6.133;6.245;6.034;6.1;130134.26
1559505600000;6.111;6.13;6.033;6.077;32261.214
1559509200000;6.077;6.137;6.039;6.136;42142.613
1559512800000;6.136;6.301;6.122;6.231;104489.689
1559516400000;6.223;6.42;6.187;6.388;105376.655
1559520000000;6.393;6.42;6.134;6.192;160693.562
1559523600000;6.198;6.27;6.11;6.253;52535.494
1559527200000;6.257;6.262;6.136;6.183;61477.805
1559530800000;6.186;6.42;6.168;6.232;150089.481
1559534400000;6.233;6.377;6.184;6.334;55741.266
1559538000000;6.342;6.6;6.251;6.35;350528.563
1559541600000;6.34;6.429;6.123;6.238;191248.383
1559545200000;6.231;6.303;5.975;6.293;238501.942
1559548800000;6.297;6.424;6.244;6.266;111454.551
1559552400000;6.251;6.57;6.162;6.483;198757.652
1559556000000;6.489;6.75;6.486;6.66;351642.191
1559559600000;6.65;6.89;6.583;6.727;390978.508
1559563200000;6.727;6.868;6.594;6.772;247008.819
1559566800000;6.765;6.819;6.508;6.508;220744.208
1559570400000;6.508;6.708;6.399;6.582;294259.547
1559574000000;6.578;6.945;6.4;6.873;392151.487
1559577600000;6.873;7.249;6.704;7.104;502446.142
1559581200000;7.106;7.199;6.99;7.048;183663.941
1559584800000;7.047;7.218;7.034;7.06;96334.416
1559588400000;7.066;7.101;7;7.054;62158.249
1559592000000;7.054;7.214;7.008;7.136;48035.513
1559595600000;7.147;7.159;7.022;7.053;42595.093
1559599200000;7.053;7.107;6.855;6.966;70589.158
1559602800000;6.976;6.977;6.502;6.506;211283.36
1559606400000;6.506;6.742;6.16;6.618;404340.033
1559610000000;6.609;6.85;6.531;6.706;201849.17
1559613600000;6.706;6.84;6.684;6.799;103449.661
1559617200000;6.801;6.81;6.335;6.343;262669.754
1559620800000;6.357;6.602;6.32;6.564;102425.429
1559624400000;6.569;6.649;6.431;6.459;66722.244
1559628000000;6.45;6.543;6.299;6.393;116393.003
1559631600000;6.398;6.462;6.263;6.33;124951.793
1559635200000;6.325;6.397;6.299;6.381;119336.284
1559638800000;6.381;6.542;6.377;6.478;94301.933
1559642400000;6.485;6.489;6.376;6.424;47143.335
1559646000000;6.424;6.424;6.27;6.293;103427.732
1559649600000;6.304;6.495;6.3;6.485;85960.803
1559653200000;6.485;6.624;6.468;6.568;122142.731
1559656800000;6.57;6.584;6.452;6.455;58271.506
1559660400000;6.455;6.488;6.281;6.331;142865.222
1559664000000;6.331;6.461;6.289;6.319;69931.38
1559667600000;6.319;6.329;5.976;5.98;242417.703
1559671200000;5.974;6.15;5.96;6.031;137924.027
1559674800000;6.039;6.073;5.831;5.874;155501.54
1559678400000;5.873;5.94;5.833;5.883;75819.875
1559682000000;5.88;6.08;5.799;5.799;136229.376
1559685600000;5.8;5.938;5.744;5.828;214246.484
1559689200000;5.828;5.996;5.779;5.93;172140.806
1559692800000;5.931;6.157;5.904;6.041;168681.501
1559696400000;6.035;6.094;5.872;5.936;102371.571
1559700000000;5.936;6.14;5.936;6.119;56782.003
1559703600000;6.119;6.144;6.021;6.04;61010.673
1559707200000;6.04;6.076;5.943;5.992;69769.171
1559710800000;5.992;6.08;5.918;5.977;79347.407
1559714400000;5.976;6.014;5.828;5.979;116916.791
1559718000000;5.98;6.28;5.968;6.219;174685.927
1559721600000;6.219;6.24;6.14;6.206;60471.223
1559725200000;6.215;6.25;6.101;6.127;33472.022
1559728800000;6.126;6.194;6.04;6.137;99689.352
1559732400000;6.148;6.149;6.011;6.046;26823.215
1559736000000;6.036;6.123;5.996;6.025;68054.483
1559739600000;6.025;6.058;5.928;5.982;56131.94
1559743200000;5.988;6.018;5.724;5.81;165327.775
1559746800000;5.81;5.839;5.62;5.672;203120.121
1559750400000;5.671;5.843;5.66;5.819;97612.559
1559754000000;5.816;5.948;5.782;5.858;57567.607
1559757600000;5.865;5.932;5.855;5.862;31570.911
1559761200000;5.87;5.957;5.87;5.942;30786.535
1559764800000;5.948;6.2;5.911;6.052;237799.858
1559768400000;6.054;6.144;5.971;6.098;59931.192
1559772000000;6.091;6.19;6.046;6.077;62255.103
1559775600000;6.08;6.184;6.07;6.14;60232.527
1559779200000;6.141;6.147;5.999;6.002;52809.485
1559782800000;6.002;6.097;5.979;6.009;58208.867
1559786400000;6.01;6.047;5.988;6.019;20382.845
1559790000000;6.021;6.136;6.021;6.125;54460.93
1559793600000;6.125;6.142;6.038;6.119;41868.12
1559797200000;6.119;6.12;5.927;5.968;202068.65
1559800800000;5.967;6.024;5.967;6.023;20577.204
1559804400000;6.023;6.034;5.9;5.906;42477.243
1559808000000;5.903;5.966;5.863;5.966;42305.458
1559811600000;5.962;6.008;5.95;5.975;22681.978
1559815200000;5.974;5.98;5.93;5.934;36277.854
1559818800000;5.935;6.048;5.926;6.038;22094.947
1559822400000;6.048;6.059;5.867;5.909;60921.482
1559826000000;5.913;5.92;5.778;5.88;80411.462
1559829600000;5.879;5.904;5.652;5.723;159891.997
1559833200000;5.722;5.822;5.621;5.819;176352.387
1559836800000;5.811;6.13;5.794;6.026;304569.929
1559840400000;6.02;6.082;5.952;5.953;61948.866
1559844000000;5.95;5.97;5.711;5.896;94854.476
1559847600000;5.9;5.953;5.829;5.882;76915.974
1559851200000;5.882;6.01;5.852;5.979;26631.765
1559854800000;5.967;6.028;5.966;6.025;27446.475
1559858400000;6.013;6.023;5.903;5.95;29550.94
1559862000000;5.957;6.039;5.943;5.987;51474.498
1559865600000;5.995;6.034;5.905;5.93;73309.536
1559869200000;5.93;5.947;5.892;5.892;18107.419
1559872800000;5.898;5.969;5.892;5.932;21990.94
1559876400000;5.918;6.01;5.877;5.951;48099.816
1559880000000;5.957;5.973;5.9;5.921;23015.213
1559883600000;5.932;6.044;5.915;5.996;20642.497
1559887200000;5.998;6.156;5.998;6.13;106660.751
1559890800000;6.131;6.215;6.13;6.151;85566.275
1559894400000;6.161;6.399;6.148;6.292;301360.553
1559898000000;6.289;6.319;6.206;6.218;90910.265
1559901600000;6.219;6.328;6.207;6.294;59702.779
1559905200000;6.287;6.331;6.202;6.239;89667.92
1559908800000;6.24;6.258;6.202;6.203;40326.19
1559912400000;6.203;6.273;6.151;6.263;45322.103
1559916000000;6.273;6.276;6.2;6.2;46246.088
1559919600000;6.201;6.576;6.2;6.475;296720.989
1559923200000;6.474;6.509;6.368;6.399;225705.518
1559926800000;6.399;6.424;6.325;6.347;68252.729
1559930400000;6.356;6.399;6.322;6.353;32514.936
1559934000000;6.355;6.364;6.212;6.223;84098.937
1559937600000;6.22;6.223;6.218;6.222;70.583
1559941200000;6.222;6.222;6.222;6.222;0
1559944800000;6.223;6.342;6.219;6.325;48923.669
1559948400000;6.324;6.34;6.23;6.279;20925.57
1559952000000;6.279;6.316;6.241;6.273;12943.146
1559955600000;6.268;6.283;6.228;6.239;13186.833
1559959200000;6.237;6.247;6.182;6.245;28604.286
1559962800000;6.245;6.249;6.212;6.212;10079.998
1559966400000;6.215;6.23;6.18;6.192;42347.364
1559970000000;6.192;6.202;6.13;6.169;47855.654
1559973600000;6.168;6.168;6.083;6.083;61112.864
1559977200000;6.082;6.13;6;6.11;55095.137
1559980800000;6.113;6.178;6.068;6.178;59381.944
1559984400000;6.175;6.207;6.122;6.176;29742.602
1559988000000;6.179;6.205;6.131;6.131;27234.161
1559991600000;6.131;6.158;6.115;6.137;11976.305
1559995200000;6.136;6.142;6.058;6.11;27156.228
1559998800000;6.111;6.136;6.058;6.129;12222.007
1560002400000;6.13;6.13;6.029;6.04;42981.217
1560006000000;6.034;6.097;5.982;6.09;54289.173
1560009600000;6.084;6.09;5.95;5.979;43060.518
1560013200000;5.979;6.057;5.938;6.023;51564.472
1560016800000;6.023;6.114;6.003;6.025;29537.016
1560020400000;6.026;6.087;6.024;6.06;6028.499
1560024000000;6.061;6.119;6.06;6.117;13211.084
1560027600000;6.112;6.14;6.08;6.121;17057.589
1560031200000;6.121;6.155;6.082;6.125;26812.592
1560034800000;6.13;6.157;6.089;6.096;8073.846
1560038400000;6.097;6.127;6.032;6.034;20229.793
1560042000000;6.035;6.1;6.018;6.028;9386.932
1560045600000;6.021;6.04;5.995;5.995;16140.073
1560049200000;5.992;6.076;5.976;6.068;17049.813
1560052800000;6.074;6.094;6.03;6.03;8478.526
1560056400000;6.036;6.064;6.032;6.056;5149.629
1560060000000;6.056;6.087;6.021;6.033;15412.287
1560063600000;6.032;6.129;6.006;6.119;16821.396
1560067200000;6.119;6.146;6.074;6.102;15851.017
1560070800000;6.106;6.128;6.082;6.086;5186.444
1560074400000;6.087;6.109;6.039;6.105;5988.46
1560078000000;6.105;6.185;6.091;6.179;22255.755
1560081600000;6.182;6.182;5.957;6.01;55275.972
1560085200000;6.011;6.029;5.844;5.922;44549.522
1560088800000;5.915;6.008;5.838;6.001;35084.207
1560092400000;6.001;6.04;5.848;5.889;43464.861
1560096000000;5.889;5.889;5.7;5.766;117886.175
1560099600000;5.769;5.808;5.727;5.783;44151.061
1560103200000;5.774;5.823;5.75;5.814;13895.31
1560106800000;5.819;5.937;5.819;5.912;25062.118
1560110400000;5.909;5.921;5.833;5.85;21387.303
1560114000000;5.846;5.866;5.77;5.806;19403.549
1560117600000;5.802;5.802;5.7;5.743;47933.799
1560121200000;5.743;5.85;5.743;5.826;23243.695
1560124800000;5.825;5.827;5.737;5.798;28792.834
1560128400000;5.802;5.824;5.741;5.746;46127.348
1560132000000;5.746;5.875;5.737;5.853;25087.137
1560135600000;5.847;5.898;5.841;5.872;18981.847
1560139200000;5.875;5.89;5.786;5.833;33776.634
1560142800000;5.837;5.882;5.781;5.812;22239.294
1560146400000;5.813;5.928;5.801;5.903;28017.845
1560150000000;5.902;5.937;5.894;5.909;24810.796
1560153600000;5.91;5.974;5.904;5.952;30772.613
1560157200000;5.952;5.96;5.848;5.853;8727.748
1560160800000;5.854;5.871;5.738;5.765;65393.225
1560164400000;5.765;5.98;5.733;5.972;157371.192
1560168000000;5.974;6.069;5.971;6.011;83592.656
1560171600000;6.02;6.073;5.96;5.978;69515.192
1560175200000;5.978;6.035;5.97;5.98;15463.422
1560178800000;5.979;5.98;5.9;5.939;25253.832
1560182400000;5.934;6.033;5.918;5.925;45426.807
1560186000000;5.929;5.981;5.929;5.961;12898.094
1560189600000;5.956;5.983;5.937;5.95;9873.248
1560193200000;5.95;5.984;5.938;5.961;17521.75
1560196800000;5.958;5.991;5.901;5.938;12522.758
1560200400000;5.939;5.986;5.92;5.983;10141.467
1560204000000;5.984;6.01;5.963;6.003;10333.148
1560207600000;6.003;6.088;6.002;6.081;29182.295
1560211200000;6.076;6.176;5.973;6.063;83720.211
1560214800000;6.063;6.078;6;6;21081.052
1560218400000;6.006;6.01;5.934;5.954;31733.481
1560222000000;5.955;5.966;5.919;5.931;12905.487
1560225600000;5.925;5.951;5.916;5.923;9634.92
1560229200000;5.929;6.008;5.926;6.008;30843.683
1560232800000;6.009;6.012;5.953;5.969;8948.965
1560236400000;5.963;5.992;5.944;5.973;5860.699
1560240000000;5.975;6.022;5.959;6.006;21859.521
1560243600000;6.005;6.021;5.972;5.972;9918.551
1560247200000;5.977;5.985;5.776;5.861;83207.282
1560250800000;5.862;5.875;5.796;5.841;20550.722
1560254400000;5.841;5.848;5.789;5.825;20412.055
1560258000000;5.826;5.869;5.813;5.818;13707.759
1560261600000;5.819;5.833;5.805;5.817;25387.006
1560265200000;5.816;5.827;5.795;5.812;13264.995
1560268800000;5.815;5.879;5.753;5.867;39984.841
1560272400000;5.867;5.9;5.838;5.872;23188.12
1560276000000;5.876;5.912;5.856;5.878;27421.426
1560279600000;5.884;5.897;5.86;5.87;4536.726
1560283200000;5.871;5.918;5.845;5.908;15705.787
1560286800000;5.905;5.95;5.895;5.896;11882.01
1560290400000;5.904;5.937;5.874;5.9;8034.258
1560294000000;5.901;5.953;5.901;5.943;17509.53
1560297600000;5.949;5.953;5.854;5.865;16150.525
1560301200000;5.863;5.895;5.852;5.891;9272.464
1560304800000;5.89;5.995;5.865;5.978;47002.319
1560308400000;5.978;6.019;5.963;5.991;59727.058
1560312000000;5.992;6.039;5.98;6.033;25080.703
1560315600000;6.034;6.079;5.993;5.998;36941.765
1560319200000;6;6.018;5.964;6;14103.062
1560322800000;5.998;6.12;5.995;6.104;39350.872
1560326400000;6.104;6.25;6.088;6.229;85959.852
1560330000000;6.222;6.226;6.091;6.185;70825.277
1560333600000;6.188;6.264;6.142;6.187;41064.684
1560337200000;6.189;6.257;6.178;6.2;26720.991
1560340800000;6.198;6.218;6.155;6.156;27346.602
1560344400000;6.163;6.205;6.109;6.128;36610.33
1560348000000;6.128;6.138;6.08;6.119;28496.831
1560351600000;6.115;6.2;6.103;6.153;49249.698
1560355200000;6.16;6.2;6.11;6.12;26287.308
1560358800000;6.12;6.13;6.024;6.085;44852.325
1560362400000;6.085;6.118;6.055;6.1;15576.191
1560366000000;6.105;6.133;6.096;6.105;16607.667
1560369600000;6.105;6.122;6;6.057;40009.91
1560373200000;6.068;6.095;6;6.021;24161.701
1560376800000;6.024;6.063;6.012;6.057;7697.036
1560380400000;6.056;6.129;6.024;6.124;12304.727
1560384000000;6.125;6.13;6.063;6.107;22743.9
1560387600000;6.105;6.116;6.063;6.094;19440.517
1560391200000;6.088;6.099;6.023;6.035;6679.006
1560394800000;6.034;6.098;6.026;6.075;21381.69
1560398400000;6.079;6.118;6.04;6.102;13702.648
1560402000000;6.102;6.113;6.061;6.069;9066.325
1560405600000;6.075;6.098;6.058;6.084;18548.12
1560409200000;6.084;6.139;6.073;6.095;26357.838
1560412800000;6.095;6.117;6.07;6.111;18092.932
1560416400000;6.117;6.119;6.069;6.079;17474.105
1560420000000;6.079;6.128;6.07;6.123;13727.999
1560423600000;6.124;6.158;6.12;6.158;11909.745
1560427200000;6.158;6.369;6.153;6.294;105769.128
1560430800000;6.295;6.386;6.271;6.376;81899.843
1560434400000;6.377;6.506;6.361;6.384;109380.116
1560438000000;6.384;6.478;6.29;6.302;48297.077
1560441600000;6.301;6.448;6.29;6.354;41380.196
1560445200000;6.357;6.377;6.279;6.301;27364.39
1560448800000;6.301;6.348;6.257;6.324;31402.321
1560452400000;6.317;6.36;6.316;6.355;26377.033
1560456000000;6.355;6.362;6.324;6.351;21672.125
1560459600000;6.352;6.365;6.316;6.319;11616.113
1560463200000;6.319;6.325;6.195;6.265;54260.505
1560466800000;6.268;6.291;6.2;6.266;26524.826
1560470400000;6.264;6.281;6.208;6.209;18975.217
1560474000000;6.209;6.237;6.128;6.135;44927.945
1560477600000;6.131;6.169;6.126;6.153;7617.571
1560481200000;6.147;6.205;6.14;6.169;18934.589
1560484800000;6.171;6.241;6.155;6.222;20164.088
1560488400000;6.22;6.242;6.196;6.218;13697.796
1560492000000;6.216;6.238;6.185;6.203;9944.399
1560495600000;6.21;6.233;6.185;6.218;8006.81
1560499200000;6.212;6.265;6.203;6.216;14830.376
1560502800000;6.211;6.22;6.145;6.189;26756.706
1560506400000;6.188;6.197;6.167;6.171;16037.194
1560510000000;6.171;6.171;6.072;6.072;28508.356
1560513600000;6.077;6.087;5.94;6.008;128962.222
1560517200000;6.005;6.08;5.982;6.02;44213.669
1560520800000;6.02;6.077;5.995;6.049;21466.716
1560524400000;6.048;6.058;5.96;5.961;29554.998
1560528000000;5.966;5.985;5.874;5.907;31048.538
1560531600000;5.913;5.984;5.907;5.969;19840.155
1560535200000;5.969;6.059;5.962;6.04;16492.889
1560538800000;6.036;6.076;6.036;6.055;7794.24
1560542400000;6.055;6.075;6.031;6.035;1785.125
1560546000000;6.036;6.12;6.011;6.099;17778.298
1560549600000;6.104;6.178;6.104;6.174;11979.315
1560553200000;6.174;6.272;6.174;6.222;27236.225
1560556800000;6.224;6.243;6.158;6.19;19125.277
1560560400000;6.191;6.26;6.175;6.191;33683.643
1560564000000;6.188;6.204;6.163;6.185;23449.691
1560567600000;6.18;6.24;6.176;6.225;11643.304
1560571200000;6.225;6.228;6.156;6.174;11619.188
1560574800000;6.178;6.21;6.141;6.158;10309.519
1560578400000;6.16;6.207;6.158;6.159;11324.369
1560582000000;6.159;6.265;6.129;6.23;35293.266
1560585600000;6.236;6.246;6.182;6.219;5532.548
1560589200000;6.216;6.259;6.207;6.242;9908.192
1560592800000;6.242;6.246;6.201;6.211;7683.943
1560596400000;6.212;6.22;6.176;6.212;7084.342
1560600000000;6.215;6.219;6.184;6.185;2488.341
1560603600000;6.185;6.189;6.131;6.155;26473.753
1560607200000;6.151;6.197;6.151;6.18;10301.92
1560610800000;6.18;6.191;6.102;6.11;39854.394
1560614400000;6.116;6.236;6.102;6.165;44541.188
1560618000000;6.171;6.202;6.128;6.171;20720.836
1560621600000;6.17;6.177;6.133;6.15;10758.076
1560625200000;6.15;6.195;6.15;6.181;6334.899
1560628800000;6.185;6.193;6.146;6.158;5794.313
1560632400000;6.159;6.163;6.134;6.148;2481.694
1560636000000;6.148;6.209;6.139;6.199;11602.139
1560639600000;6.199;6.203;6.143;6.167;5032.374
1560643200000;6.164;6.166;6.133;6.146;12698.4
1560646800000;6.148;6.21;6.138;6.146;15458.902
1560650400000;6.142;6.21;6.118;6.132;25687.499
1560654000000;6.143;6.161;6.128;6.159;9010.851
1560657600000;6.159;6.197;6.152;6.196;6206.031
1560661200000;6.199;6.359;6.193;6.354;51906.196
1560664800000;6.357;6.377;6.266;6.357;33413.659
1560668400000;6.357;6.377;6.33;6.355;16638.106
1560672000000;6.355;6.362;6.217;6.227;38164.095
1560675600000;6.225;6.26;6.157;6.193;28022.105
1560679200000;6.199;6.231;6.187;6.22;7822.426
1560682800000;6.216;6.237;6.209;6.224;13086.816
1560686400000;6.223;6.242;6.199;6.218;12853.978
1560690000000;6.218;6.318;6.218;6.291;17194.05
1560693600000;6.288;6.318;6.263;6.282;17898.164
1560697200000;6.282;6.35;6.278;6.331;20637.682
1560700800000;6.332;6.444;6.308;6.438;38105.659
1560704400000;6.436;6.47;6.345;6.407;32444.23
1560708000000;6.418;6.418;6.367;6.395;8305.046
1560711600000;6.395;6.413;6.324;6.413;15903.427
1560715200000;6.408;6.428;6.352;6.41;12287.594
1560718800000;6.408;6.512;6.408;6.496;85613.767
1560722400000;6.492;6.546;6.461;6.544;20750.092
1560726000000;6.544;6.737;6.537;6.692;69693.499
1560729600000;6.689;6.847;6.651;6.704;110566.791
1560733200000;6.703;6.741;6.62;6.629;26935.754
1560736800000;6.623;6.642;6.531;6.572;48772.597
1560740400000;6.572;6.614;6.512;6.543;25595.033
1560744000000;6.546;6.57;6.529;6.549;11141.547
1560747600000;6.541;6.547;6.47;6.474;20551.258
1560751200000;6.474;6.567;6.454;6.56;36206.938
1560754800000;6.559;6.618;6.549;6.601;16372.635
1560758400000;6.602;6.623;6.523;6.548;17379.182
1560762000000;6.549;6.617;6.524;6.617;13431.549
1560765600000;6.617;6.897;6.617;6.876;151513.09
1560769200000;6.871;6.94;6.738;6.812;71553.283
1560772800000;6.813;6.825;6.679;6.715;33667.081
1560776400000;6.711;6.822;6.688;6.801;18748.193
1560780000000;6.801;6.801;6.712;6.746;37150.142
1560783600000;6.743;6.758;6.65;6.665;38302.924
1560787200000;6.665;6.841;6.657;6.803;31988.616
1560790800000;6.801;6.816;6.776;6.808;7715.446
1560794400000;6.808;6.99;6.806;6.983;42766.973
1560798000000;6.991;7;6.941;6.978;40233.411
1560801600000;6.978;7;6.893;6.976;66243.576
1560805200000;6.974;7.094;6.951;7.094;29419.773
1560808800000;7.094;7.1;6.942;6.983;22369.218
1560812400000;6.993;7.043;6.968;7.009;26913.141
1560816000000;7.011;7.04;6.873;6.911;21415.652
1560819600000;6.913;6.927;6.833;6.918;20579.853
1560823200000;6.906;6.906;6.822;6.823;20299.199
1560826800000;6.822;6.838;6.771;6.833;24191.439
1560830400000;6.833;6.902;6.81;6.823;28263.88
1560834000000;6.822;6.832;6.7;6.708;22821.637
1560837600000;6.708;6.735;6.684;6.714;13956.626
1560841200000;6.714;6.8;6.52;6.632;81228.053
1560844800000;6.641;6.718;6.622;6.707;36320.983
1560848400000;6.708;6.764;6.704;6.733;13078.755
1560852000000;6.741;6.741;6.686;6.702;10859.332
1560855600000;6.703;6.703;6.622;6.633;13316.709
1560859200000;6.632;6.632;6.582;6.615;14334.54
1560862800000;6.627;6.758;6.603;6.722;18525.345
1560866400000;6.715;6.757;6.649;6.741;11929.484
1560870000000;6.727;6.727;6.554;6.615;26407.149
1560873600000;6.614;6.614;6.546;6.553;12269.116
1560877200000;6.551;6.575;6.47;6.561;42306.873
1560880800000;6.561;6.568;6.48;6.567;19026.316
1560884400000;6.56;6.56;6.504;6.541;5844.016
1560888000000;6.537;6.6;6.523;6.586;10210.577
1560891600000;6.6;6.604;6.509;6.509;14186.684
1560895200000;6.516;6.539;6.495;6.507;7874.406
1560898800000;6.501;6.604;6.474;6.571;19956.696
1560902400000;6.586;6.726;6.586;6.718;18775.304
1560906000000;6.718;6.74;6.638;6.68;18064.318
1560909600000;6.68;6.744;6.675;6.734;13689.9
1560913200000;6.734;6.8;6.729;6.789;19547.765
1560916800000;6.789;6.796;6.729;6.739;14800.932
1560920400000;6.734;6.788;6.715;6.769;5921.817
1560924000000;6.774;6.849;6.7;6.714;40690.238
1560927600000;6.705;6.735;6.693;6.735;12975.987
1560931200000;6.737;6.764;6.691;6.692;14821.153
1560934800000;6.691;6.697;6.638;6.663;18295.585
1560938400000;6.655;6.684;6.633;6.683;17392.237
1560942000000;6.673;6.707;6.651;6.707;10394.577
1560945600000;6.708;6.72;6.631;6.65;21706.968
1560949200000;6.649;6.652;6.55;6.645;27737.656
1560952800000;6.636;6.638;6.59;6.6;14341.024
1560956400000;6.6;6.631;6.565;6.565;45751.999
1560960000000;6.564;6.632;6.55;6.625;22320.237
1560963600000;6.631;6.649;6.62;6.621;7898.233
1560967200000;6.621;6.621;6.565;6.574;11471.153
1560970800000;6.567;6.594;6.567;6.593;7688.717
1560974400000;6.59;6.615;6.583;6.596;7664.526
1560978000000;6.599;6.639;6.587;6.638;2503.16
1560981600000;6.633;6.648;6.578;6.601;7203.186
1560985200000;6.593;6.65;6.592;6.628;6555.654
1560988800000;6.621;6.637;6.559;6.567;5664.072
1560992400000;6.581;6.583;6.526;6.554;26849.599
1560996000000;6.553;6.598;6.553;6.557;15836.261
1560999600000;6.566;6.593;6.548;6.575;16844.478
1561003200000;6.575;6.583;6.506;6.514;10625.238
1561006800000;6.512;6.515;6.448;6.466;33886.679
1561010400000;6.468;6.489;6.456;6.467;7584.088
1561014000000;6.467;6.494;6.45;6.451;10216.582
1561017600000;6.453;6.467;6.324;6.356;34626.868
1561021200000;6.353;6.436;6.345;6.394;23062.58
1561024800000;6.393;6.404;6.336;6.379;12275.274
1561028400000;6.379;6.385;6.285;6.296;41313.422
1561032000000;6.296;6.379;6.291;6.339;12977.09
1561035600000;6.346;6.489;6.346;6.46;44275.629
1561039200000;6.459;6.464;6.382;6.393;21047.387
1561042800000;6.393;6.428;6.341;6.406;18863.357
1561046400000;6.405;6.406;6.3;6.341;14094.712
1561050000000;6.339;6.382;6.306;6.377;4293.387
1561053600000;6.357;6.377;6.319;6.336;3836.56
1561057200000;6.324;6.465;6.317;6.45;15588.745
1561060800000;6.461;6.464;6.366;6.459;15008.944
1561064400000;6.449;6.46;6.382;6.4;4142.372
1561068000000;6.388;6.481;6.388;6.47;9063.707
1561071600000;6.476;6.499;6.467;6.478;4269.303
1561075200000;6.476;6.504;6.411;6.441;15555.614
1561078800000;6.447;6.492;6.402;6.45;36168.65
1561082400000;6.453;6.519;6.388;6.407;16689.645
1561086000000;6.407;6.444;6.357;6.404;21467.937
1561089600000;6.405;6.415;6.356;6.359;6404.957
1561093200000;6.368;6.456;6.346;6.456;9508.525
1561096800000;6.459;6.589;6.449;6.505;38732.467
1561100400000;6.517;6.564;6.508;6.532;10640.363
1561104000000;6.532;6.566;6.52;6.554;13271.674
1561107600000;6.546;6.577;6.504;6.557;21562.382
1561111200000;6.567;6.579;6.51;6.521;16232.28
1561114800000;6.522;6.531;6.505;6.505;4909.263
1561118400000;6.516;6.528;6.5;6.501;7291.89
1561122000000;6.501;6.514;6.357;6.399;44409.832
1561125600000;6.39;6.455;6.334;6.446;20644.122
1561129200000;6.427;6.444;6.416;6.421;8582.058
1561132800000;6.417;6.496;6.413;6.413;12968.743
1561136400000;6.416;6.475;6.413;6.446;10263.299
1561140000000;6.437;6.47;6.429;6.434;8322.188
1561143600000;6.458;6.466;6.406;6.464;4814.4
1561147200000;6.463;6.504;6.449;6.504;6573.914
1561150800000;6.499;6.509;6.473;6.494;5906.523
1561154400000;6.482;6.53;6.469;6.53;17400.511
1561158000000;6.533;6.558;6.476;6.523;22526.803
1561161600000;6.513;6.56;6.414;6.559;33530.974
1561165200000;6.559;6.68;6.538;6.65;25751.38
1561168800000;6.658;6.688;6.59;6.66;41089.494
1561172400000;6.646;6.713;6.6;6.686;30057.674
1561176000000;6.669;6.774;6.635;6.635;28806.178
1561179600000;6.64;6.674;6.626;6.642;13529.9
1561183200000;6.652;6.663;6.629;6.655;8984.968
1561186800000;6.658;6.756;6.644;6.715;16927.963
1561190400000;6.722;6.87;6.703;6.764;91688.758
1561194000000;6.757;6.828;6.707;6.708;16487.265
1561197600000;6.725;6.725;6.629;6.641;12081.546
1561201200000;6.644;6.745;6.626;6.721;16948.125
1561204800000;6.734;6.748;6.61;6.675;34795.671
1561208400000;6.674;6.85;6.673;6.827;51064.068
1561212000000;6.823;6.914;6.612;6.745;77182.147
1561215600000;6.745;6.794;6.687;6.716;27533.536
1561219200000;6.72;6.784;6.696;6.733;34630.066
1561222800000;6.732;6.848;6.725;6.777;19861.776
1561226400000;6.798;6.862;6.731;6.749;37797.426
1561230000000;6.751;6.797;6.706;6.741;20484.949
1561233600000;6.723;6.751;6.707;6.71;4247.228
1561237200000;6.71;6.736;6.701;6.701;6496.245
1561240800000;6.701;6.73;6.65;6.654;8895.426
1561244400000;6.672;6.765;6.655;6.758;8015.759
1561248000000;6.764;6.827;6.716;6.788;17255.329
1561251600000;6.787;6.849;6.761;6.829;17556.064
1561255200000;6.815;6.862;6.803;6.821;9899.795
1561258800000;6.834;7.024;6.816;6.967;82398.888
1561262400000;6.968;7.03;6.95;7.003;24909.033
1561266000000;7.01;7.181;7.002;7.149;57463.104
1561269600000;7.148;7.193;7.054;7.168;42501.258
1561273200000;7.166;7.166;7.02;7.063;27533.909
1561276800000;7.061;7.118;7.04;7.083;24413.691
1561280400000;7.086;7.095;6.901;6.925;63638.172
1561284000000;6.927;6.937;6.82;6.86;30872.147
1561287600000;6.86;6.985;6.86;6.945;14710.924
1561291200000;6.935;6.988;6.935;6.983;19016.924
1561294800000;6.982;6.987;6.931;6.969;12995.931
1561298400000;6.97;7.064;6.953;7.03;19370.134
1561302000000;7.037;7.108;7.03;7.101;13646.215
1561305600000;7.1;7.123;6.956;7.016;33285.258
1561309200000;7.015;7.048;7;7.016;9363.002
1561312800000;7.018;7.021;6.962;7.004;13928.502
1561316400000;7.004;7.033;6.91;6.993;19325.3
1561320000000;6.983;7.058;6.912;6.931;34338.953
1561323600000;6.931;7.021;6.902;6.97;28026.611
1561327200000;6.967;7.028;6.907;6.94;8548.927
1561330800000;6.949;6.959;6.825;6.838;14873.759
1561334400000;6.83;6.846;6.689;6.772;43020.045
1561338000000;6.759;6.762;6.651;6.686;20738.631
1561341600000;6.686;6.743;6.644;6.658;23920.047
1561345200000;6.659;6.705;6.615;6.697;9639.136
1561348800000;6.691;6.73;6.65;6.721;14702.077
1561352400000;6.714;6.798;6.704;6.761;10618.412
1561356000000;6.754;6.769;6.663;6.683;15079.101
1561359600000;6.69;6.749;6.688;6.728;10690.385
1561363200000;6.736;6.766;6.722;6.766;4512.38
1561366800000;6.766;6.789;6.733;6.734;10621.136
1561370400000;6.733;6.753;6.708;6.718;12608.983
1561374000000;6.718;6.73;6.669;6.711;22878.175
1561377600000;6.714;6.717;6.638;6.669;18946.949
1561381200000;6.669;6.703;6.655;6.691;5959.193
1561384800000;6.694;6.714;6.666;6.685;9150.864
1561388400000;6.68;6.68;6.634;6.656;12932.872
1561392000000;6.662;6.724;6.653;6.678;19374.276
1561395600000;6.668;6.72;6.647;6.713;12643.597
1561399200000;6.713;6.732;6.66;6.668;14888.068
1561402800000;6.667;6.676;6.587;6.609;31710.136
1561406400000;6.608;6.64;6.542;6.584;26766.166
1561410000000;6.584;6.62;6.561;6.593;10107.976
1561413600000;6.593;6.648;6.593;6.638;13042.968
1561417200000;6.638;6.672;6.606;6.665;11063.731
1561420800000;6.675;6.703;6.649;6.663;7596.332
1561424400000;6.668;6.735;6.661;6.725;9951.111
1561428000000;6.726;6.747;6.691;6.698;19287.662
1561431600000;6.696;6.704;6.65;6.665;7505.658
1561435200000;6.666;6.711;6.629;6.641;30876.773
1561438800000;6.66;6.66;6.535;6.562;36505.612
1561442400000;6.559;6.568;6.525;6.538;23302.663
1561446000000;6.538;6.566;6.516;6.537;31016.026
1561449600000;6.534;6.62;6.531;6.576;31495.486
1561453200000;6.594;6.665;6.591;6.641;36722.244
1561456800000;6.639;6.679;6.623;6.646;17525.581
1561460400000;6.647;6.647;6.6;6.619;16141.729
1561464000000;6.621;6.63;6.503;6.537;30250.227
1561467600000;6.543;6.57;6.502;6.568;18132.529
1561471200000;6.568;6.574;6.527;6.536;17696.034
1561474800000;6.536;6.567;6.521;6.547;8857.505
1561478400000;6.542;6.606;6.541;6.561;24503.599
1561482000000;6.555;6.575;6.512;6.564;13179.349
1561485600000;6.553;6.561;6.521;6.554;7966.242
1561489200000;6.56;6.569;6.531;6.545;7585.498
1561492800000;6.558;6.575;6.536;6.556;7652.561
1561496400000;6.551;6.605;6.513;6.517;14037.967
1561500000000;6.517;6.607;6.474;6.576;20879.899
1561503600000;6.581;6.619;6.509;6.581;29087.064
1561507200000;6.579;6.662;6.549;6.615;28813.28
1561510800000;6.632;6.667;6.601;6.65;15415.776
1561514400000;6.649;6.669;6.6;6.618;10587.764
1561518000000;6.634;6.736;6.617;6.659;39524.513
1561521600000;6.671;6.715;6.628;6.673;23152.351
1561525200000;6.688;6.736;6.551;6.563;40738.309
1561528800000;6.559;6.67;6.556;6.664;23084.276
1561532400000;6.652;6.723;6.609;6.71;19315.536
1561536000000;6.686;6.77;6.682;6.742;36282.305
1561539600000;6.747;6.832;6.721;6.758;32702.619
1561543200000;6.751;6.849;6.748;6.807;38268.079
1561546800000;6.803;6.803;6.74;6.756;12053.585
1561550400000;6.755;6.846;6.697;6.818;44060.832
1561554000000;6.816;6.822;6.702;6.776;24598.044
1561557600000;6.776;6.821;6.75;6.759;16682.936
1561561200000;6.763;6.819;6.751;6.791;20854.031
1561564800000;6.796;6.844;6.745;6.745;27354.883
1561568400000;6.744;6.775;6.657;6.695;24908.148
1561572000000;6.688;6.749;6.593;6.601;18005.752
1561575600000;6.614;6.669;6.556;6.57;14102.898
1561579200000;6.563;6.675;6.2;6.401;76451.899
1561582800000;6.42;6.465;6.151;6.292;81591.103
1561586400000;6.294;6.375;6.282;6.301;12280.297
1561590000000;6.303;6.491;6.303;6.35;59967.099
1561593600000;6.35;6.416;6.05;6.06;84376.548
1561597200000;6.06;6.195;6.014;6.1;112665.465
1561600800000;6.1;6.12;5.985;6.12;50095.66
1561604400000;6.124;6.165;6.015;6.134;34274.414
1561608000000;6.134;6.183;6.085;6.168;27278.643
1561611600000;6.155;6.18;6.078;6.164;24881.832
1561615200000;6.17;6.171;5.708;5.928;90574.037
1561618800000;5.934;5.977;5.829;5.916;40961.317
1561622400000;5.91;5.918;5.66;5.683;68694.6
1561626000000;5.696;5.957;5.595;5.927;79408.14
1561629600000;5.929;5.965;5.695;5.846;28871.487
1561633200000;5.859;6.006;5.844;6;22146.695
1561636800000;6.004;6.044;5.804;5.811;18187.293
1561640400000;5.828;6.015;5.828;5.855;26659.758
1561644000000;5.877;6.064;5.84;6.058;28439.982
1561647600000;6.064;6.069;5.924;5.987;16531.936
1561651200000;5.991;6.028;5.614;5.668;76905.752
1561654800000;5.669;5.685;5.446;5.51;78002.877
1561658400000;5.525;5.626;5.469;5.536;48915.544
1561662000000;5.525;5.55;5.429;5.542;19705.864
1561665600000;5.557;5.57;5.36;5.524;20544.513
1561669200000;5.524;5.6;5.468;5.538;10969.954
1561672800000;5.533;5.681;5.523;5.675;16701.544
1561676400000;5.658;5.697;5.474;5.558;17920.629
1561680000000;5.552;5.665;5.5;5.665;23287.786
1561683600000;5.665;5.665;5.529;5.61;24759.361
1561687200000;5.61;5.662;5.525;5.574;15818.411
1561690800000;5.574;5.59;5.504;5.57;16673.911
1561694400000;5.568;5.571;5.522;5.532;9855.612
1561698000000;5.523;5.543;5.464;5.54;16529.415
1561701600000;5.543;5.599;5.506;5.562;25273.889
1561705200000;5.561;5.606;5.53;5.54;20552.848
1561708800000;5.54;5.675;5.522;5.629;26361.444
1561712400000;5.629;5.753;5.592;5.739;27260.946
1561716000000;5.739;5.822;5.736;5.822;15398.648
1561719600000;5.823;5.946;5.797;5.931;14656.214
1561723200000;5.93;5.942;5.724;5.747;17637.649
1561726800000;5.762;5.809;5.741;5.765;8282.243
1561730400000;5.783;5.848;5.75;5.848;8899.63
1561734000000;5.848;5.866;5.78;5.788;11708.182
1561737600000;5.794;5.933;5.759;5.904;21537.943
1561741200000;5.897;5.897;5.8;5.812;6540.666
1561744800000;5.815;5.85;5.815;5.837;1491.774
1561748400000;5.844;5.944;5.844;5.919;9734.315
1561752000000;5.913;5.937;5.845;5.92;8291.109
1561755600000;5.925;5.952;5.906;5.946;4614.832
1561759200000;5.949;5.955;5.879;5.951;5569.148
1561762800000;5.937;5.97;5.908;5.928;10099.417
1561766400000;5.928;5.933;5.86;5.885;8391.512
1561770000000;5.888;5.923;5.81;5.81;15895.648
1561773600000;5.822;5.822;5.731;5.776;27226.024
1561777200000;5.764;5.769;5.705;5.715;17586.526
1561780800000;5.71;5.738;5.626;5.738;16929.296
1561784400000;5.738;5.807;5.73;5.807;10320.306
1561788000000;5.802;5.823;5.757;5.81;8370.926
1561791600000;5.8;5.9;5.756;5.896;7419.564
1561795200000;5.886;5.89;5.809;5.815;12214.711
1561798800000;5.813;5.94;5.8;5.926;15556.065
1561802400000;5.921;6.007;5.888;5.995;27158.366
1561806000000;6.003;6.087;5.977;6.062;16180.474
1561809600000;6.075;6.096;5.972;5.983;22583.417
1561813200000;5.984;6.003;5.925;5.947;15263.133
1561816800000;5.938;6.011;5.93;5.973;5729.283
1561820400000;5.977;6.022;5.929;6.02;14788.494
1561824000000;6.017;6.148;5.956;6.132;34887.312
1561827600000;6.132;6.179;6.1;6.14;59445.442
1561831200000;6.14;6.159;6.082;6.141;18378.454
1561834800000;6.142;6.174;6.087;6.087;11881.849
1561838400000;6.086;6.198;6.067;6.076;31503.652
1561842000000;6.078;6.126;6.022;6.08;12675.786
1561845600000;6.074;6.098;6.034;6.045;4262.25
1561849200000;6.045;6.118;6.02;6.058;10564.223
1561852800000;6.047;6.117;6.02;6.076;10580.826
1561856400000;6.075;6.075;6.002;6.064;13428.568
1561860000000;6.064;6.087;6.019;6.022;20623.415
1561863600000;6.019;6.028;5.905;5.926;46852.673
1561867200000;5.933;5.951;5.848;5.877;17031.254
1561870800000;5.874;5.91;5.821;5.865;15361.588
1561874400000;5.871;5.891;5.845;5.891;7262.158
1561878000000;5.886;5.9;5.821;5.829;7617.398
1561881600000;5.824;5.839;5.576;5.721;183228.031
1561885200000;5.719;5.862;5.71;5.855;33454.466
1561888800000;5.852;5.898;5.771;5.785;22772.122
1561892400000;5.781;5.875;5.771;5.865;8878.207
1561896000000;5.866;5.91;5.848;5.878;13832.064
1561899600000;5.881;5.881;5.601;5.642;30278.259
1561903200000;5.648;5.711;5.555;5.682;46481.982
1561906800000;5.682;5.705;5.632;5.632;12991.461
1561910400000;5.638;5.693;5.526;5.667;20510.009
1561914000000;5.677;5.751;5.672;5.742;8605.478
1561917600000;5.737;5.762;5.713;5.728;3689.685
1561921200000;5.727;5.727;5.594;5.661;39116.749
1561924800000;5.672;5.709;5.633;5.659;8694.729
1561928400000;5.661;5.704;5.64;5.661;11556.683
1561932000000;5.647;5.658;5.473;5.513;16068.739
1561935600000;5.521;5.564;5.395;5.443;27901.575
1561939200000;5.443;5.575;5.418;5.575;13788.31
1561942800000;5.57;5.604;5.537;5.573;11894.473
1561946400000;5.567;5.661;5.522;5.605;12771.632
1561950000000;5.604;5.72;5.6;5.674;12917.664
1561953600000;5.674;5.687;5.632;5.66;7816.509
1561957200000;5.66;5.665;5.581;5.594;7640.207
1561960800000;5.588;5.626;5.568;5.577;6208.95
1561964400000;5.577;5.607;5.541;5.553;8252.148
1561968000000;5.562;5.632;5.562;5.627;14487.09
1561971600000;5.625;5.658;5.604;5.635;8615.935
1561975200000;5.637;5.644;5.552;5.587;10817.99
1561978800000;5.581;5.621;5.572;5.612;5881.565
1561982400000;5.602;5.64;5.411;5.445;33302.325
1561986000000;5.445;5.476;5.403;5.421;23310.415
1561989600000;5.408;5.46;5.31;5.337;20227.343
1561993200000;5.337;5.351;5.167;5.251;114975.611
1561996800000;5.266;5.308;5.24;5.261;28014.044
1562000400000;5.268;5.307;5.208;5.264;80585.055
1562004000000;5.274;5.3;5.242;5.28;5957.811
1562007600000;5.284;5.284;5.143;5.22;25590.103
1562011200000;5.233;5.378;5.232;5.373;38114.938
1562014800000;5.367;5.395;5.303;5.359;15865.659
1562018400000;5.354;5.371;5.321;5.358;4120.489
1562022000000;5.361;5.496;5.36;5.475;13102.27
1562025600000;5.493;5.512;5.363;5.363;14433.709
1562029200000;5.362;5.459;5.353;5.375;15322.243
1562032800000;5.373;5.514;5.363;5.501;15721.97
1562036400000;5.498;5.666;5.48;5.564;51302.103
1562040000000;5.568;5.63;5.258;5.304;38725.633
1562043600000;5.304;5.382;5.249;5.27;18829.078
1562047200000;5.258;5.311;5.202;5.225;31747.203
1562050800000;5.221;5.27;5.221;5.247;8378.18
1562054400000;5.247;5.391;5.235;5.358;15145.113
1562058000000;5.362;5.375;5.269;5.359;40912.978
1562061600000;5.359;5.38;5.272;5.272;13826.878
1562065200000;5.274;5.278;5.123;5.178;33012.429
1562068800000;5.178;5.36;5.167;5.341;28769.904
1562072400000;5.335;5.367;5.268;5.279;11613.757
1562076000000;5.285;5.354;5.233;5.349;32884.014
1562079600000;5.35;5.375;5.328;5.36;14086.777
1562083200000;5.368;5.373;5.266;5.34;29401.495
1562086800000;5.34;5.425;5.335;5.391;21577.886
1562090400000;5.386;5.386;5.302;5.386;11812.921
1562094000000;5.393;5.438;5.384;5.396;7625.039
1562097600000;5.398;5.438;5.3;5.305;10020.646
1562101200000;5.305;5.387;5.283;5.372;6857.643
1562104800000;5.375;5.418;5.333;5.367;8283.295
1562108400000;5.357;5.375;5.302;5.337;5809.613
1562112000000;5.341;5.519;5.341;5.45;18229.054
1562115600000;5.452;5.52;5.433;5.459;26753.444
1562119200000;5.457;5.457;5.347;5.358;15863.834
1562122800000;5.348;5.436;5.329;5.404;9315.675
1562126400000;5.415;5.459;5.404;5.407;15389.703
1562130000000;5.407;5.48;5.4;5.446;14672.491
1562133600000;5.455;5.456;5.386;5.44;28485.121
1562137200000;5.437;5.44;5.401;5.401;19302.679
1562140800000;5.401;5.418;5.304;5.31;14968.567
1562144400000;5.323;5.362;5.288;5.339;12543.508
1562148000000;5.338;5.463;5.324;5.385;14954.612
1562151600000;5.385;5.387;5.305;5.332;8643.824
1562155200000;5.332;5.405;5.321;5.4;7700.332
1562158800000;5.4;5.401;5.318;5.36;17445.774
1562162400000;5.364;5.374;5.336;5.338;7441.276
1562166000000;5.347;5.37;5.324;5.37;5714.495
1562169600000;5.375;5.4;5.352;5.375;10759.473
1562173200000;5.363;5.397;5.352;5.395;6678.496
1562176800000;5.38;5.488;5.378;5.421;19191.752
1562180400000;5.421;5.582;5.42;5.517;23663.329
1562184000000;5.529;5.57;5.47;5.518;20733.558
1562187600000;5.52;5.548;5.48;5.487;6949.164
1562191200000;5.486;5.6;5.449;5.589;23025.644
1562194800000;5.58;5.62;5.55;5.574;18231.035
1562198400000;5.584;5.614;5.58;5.602;10098.761
1562202000000;5.602;5.609;5.544;5.577;8560.475
1562205600000;5.582;5.584;5.531;5.55;9193.672
1562209200000;5.548;5.567;5.523;5.532;18693.517
1562212800000;5.542;5.547;5.496;5.508;21639.193
1562216400000;5.506;5.522;5.482;5.51;16930.847
1562220000000;5.51;5.535;5.497;5.53;6350.416
1562223600000;5.521;5.523;5.495;5.506;18029.197
1562227200000;5.502;5.55;5.491;5.519;15370.047
1562230800000;5.53;5.53;5.49;5.504;18921.325
1562234400000;5.511;5.527;5.495;5.513;18701.651
1562238000000;5.513;5.576;5.513;5.567;23302.523
1562241600000;5.567;5.766;5.567;5.726;51922.47
1562245200000;5.732;5.741;5.633;5.633;10939.121
1562248800000;5.63;5.647;5.553;5.587;11552.417
1562252400000;5.595;5.657;5.591;5.618;10096.957
1562256000000;5.62;5.726;5.594;5.709;14999.29
1562259600000;5.709;5.714;5.596;5.616;14676.396
1562263200000;5.615;5.615;5.583;5.594;1858.572
1562266800000;5.595;5.605;5.576;5.596;3569.977
1562270400000;5.595;5.615;5.55;5.572;6752.647
1562274000000;5.579;5.579;5.545;5.57;1837.806
1562277600000;5.559;5.656;5.556;5.64;5309.81
1562281200000;5.629;5.637;5.465;5.478;15094.091
1562284800000;5.478;5.479;5.398;5.443;9529.828
1562288400000;5.448;5.49;5.426;5.456;7970.375
1562292000000;5.451;5.501;5.45;5.481;2094.971
1562295600000;5.486;5.493;5.444;5.445;4181.67
1562299200000;5.452;5.452;5.427;5.435;3941.012
1562302800000;5.44;5.445;5.396;5.435;18257.854
1562306400000;5.438;5.45;5.401;5.419;11154.755
1562310000000;5.418;5.439;5.404;5.42;9308.19
1562313600000;5.421;5.453;5.379;5.41;20524.422
1562317200000;5.41;5.478;5.41;5.431;11017.236
1562320800000;5.431;5.489;5.431;5.45;6654.056
1562324400000;5.459;5.459;5.402;5.41;3092.318
1562328000000;5.415;5.416;5.334;5.34;8943.476
1562331600000;5.346;5.377;5.339;5.368;5315.986
1562335200000;5.359;5.379;5.335;5.366;19128.656
1562338800000;5.367;5.388;5.362;5.366;7406.221
1562342400000;5.369;5.4;5.362;5.382;2483.631
1562346000000;5.382;5.41;5.363;5.41;4749.777
1562349600000;5.409;5.429;5.381;5.404;2964.69
1562353200000;5.403;5.42;5.38;5.392;4135.052
1562356800000;5.391;5.392;5.341;5.351;5843.852
1562360400000;5.36;5.379;5.347;5.369;4733.712
1562364000000;5.361;5.374;5.35;5.357;7539.184
1562367600000;5.354;5.354;5.33;5.353;3170.335
1562371200000;5.368;5.438;5.368;5.437;25179.762
1562374800000;5.43;5.445;5.424;5.445;1597.416
1562378400000;5.445;5.451;5.42;5.422;3008.143
1562382000000;5.426;5.447;5.412;5.447;2885.694
1562385600000;5.439;5.49;5.43;5.465;10285.355
1562389200000;5.458;5.47;5.385;5.392;6074.836
1562392800000;5.386;5.393;5.374;5.382;5485.298
1562396400000;5.377;5.391;5.368;5.382;2099.926
1562400000000;5.385;5.393;5.369;5.377;8029.56
1562403600000;5.377;5.38;5.339;5.37;4521.492
1562407200000;5.37;5.372;5.299;5.299;8944.714
1562410800000;5.303;5.31;5.235;5.28;14698.89
1562414400000;5.28;5.297;5.24;5.274;7650.433
1562418000000;5.281;5.304;5.254;5.304;5863.244
1562421600000;5.3;5.391;5.289;5.39;9924.926
1562425200000;5.391;5.42;5.367;5.4;13035.703
1562428800000;5.403;5.424;5.363;5.369;6570.813
1562432400000;5.369;5.378;5.325;5.374;4445.888
1562436000000;5.376;5.376;5.325;5.334;3638.057
1562439600000;5.341;5.357;5.319;5.345;400.851
1562443200000;5.343;5.361;5.334;5.347;903.941
1562446800000;5.344;5.351;5.29;5.312;2644.89
1562450400000;5.314;5.323;5.294;5.314;2394.564
1562454000000;5.305;5.305;5.288;5.288;2493.793
1562457600000;5.299;5.301;5.274;5.282;4060.673
1562461200000;5.284;5.296;5.28;5.289;3405.705
1562464800000;5.29;5.308;5.255;5.268;4411.542
1562468400000;5.268;5.281;5.26;5.269;1509.728
1562472000000;5.27;5.294;5.261;5.291;5216.012
1562475600000;5.287;5.293;5.258;5.268;3636.352
1562479200000;5.265;5.265;5.235;5.24;4741.681
1562482800000;5.24;5.265;5.223;5.246;16274.771
1562486400000;5.244;5.26;5.207;5.237;5040.913
1562490000000;5.237;5.255;5.223;5.254;2323.606
1562493600000;5.246;5.259;5.201;5.213;11950.067
1562497200000;5.213;5.26;5.2;5.26;9755.11
1562500800000;5.26;5.281;5.253;5.263;7149.953
1562504400000;5.267;5.277;5.26;5.26;2603.941
1562508000000;5.267;5.278;5.26;5.265;3666.372
1562511600000;5.266;5.277;5.222;5.236;6311.64
1562515200000;5.24;5.272;5.233;5.25;5447.589
1562518800000;5.262;5.322;5.262;5.289;8788.532
1562522400000;5.308;5.318;5.277;5.306;7184.769
1562526000000;5.306;5.33;5.292;5.312;4494.212
1562529600000;5.312;5.361;5.302;5.357;8513.577
1562533200000;5.362;5.38;5.36;5.373;7067.561
1562536800000;5.373;5.413;5.36;5.367;13008.639
1562540400000;5.37;5.405;5.37;5.398;2581.03
1562544000000;5.399;5.406;5.365;5.373;3594.734
1562547600000;5.374;5.384;5.353;5.357;4552.687
1562551200000;5.358;5.359;5.29;5.291;8782.471
1562554800000;5.291;5.307;5.272;5.304;6786.938
1562558400000;5.304;5.329;5.303;5.303;3085.919
1562562000000;5.31;5.323;5.304;5.315;3638.827
1562565600000;5.315;5.333;5.313;5.324;3205.541
1562569200000;5.324;5.352;5.315;5.346;5544.544
1562572800000;5.353;5.42;5.34;5.403;11700.125
1562576400000;5.411;5.435;5.333;5.393;45687.449
1562580000000;5.393;5.393;5.308;5.312;21181.023
1562583600000;5.312;5.322;5.254;5.271;23069.14
1562587200000;5.263;5.275;5.252;5.252;3809.125
1562590800000;5.251;5.3;5.226;5.28;19379.646
1562594400000;5.282;5.309;5.282;5.298;2230.837
1562598000000;5.309;5.309;5.257;5.264;3987.227
1562601600000;5.271;5.28;5.238;5.254;4558.368
1562605200000;5.26;5.293;5.248;5.282;2932.533
1562608800000;5.281;5.295;5.264;5.264;2353.569
1562612400000;5.264;5.294;5.225;5.236;8720.917
1562616000000;5.243;5.267;5.152;5.199;37918.746
1562619600000;5.207;5.227;5.121;5.122;14417.09
1562623200000;5.122;5.163;5.1;5.157;24663.353
1562626800000;5.162;5.185;5.145;5.175;5871.13
1562630400000;5.185;5.196;5.07;5.079;24165.198
1562634000000;5.078;5.108;5.04;5.092;17243.785
1562637600000;5.087;5.119;5.069;5.113;19149.566
1562641200000;5.113;5.12;5.091;5.091;9413.709
1562644800000;5.091;5.112;5.09;5.112;5571.398
1562648400000;5.109;5.14;5.101;5.111;6039.783
1562652000000;5.111;5.143;5.109;5.133;9382.884
1562655600000;5.131;5.15;5.09;5.098;15671.339
1562659200000;5.099;5.123;5.082;5.09;20420.657
1562662800000;5.09;5.115;5.05;5.102;32922.842
1562666400000;5.102;5.108;4.97;4.976;80322.807
1562670000000;4.977;4.977;4.922;4.932;32602.048
1562673600000;4.933;4.949;4.907;4.927;20058.999
1562677200000;4.927;4.959;4.92;4.949;15353.66
1562680800000;4.95;4.966;4.9;4.907;19299.229
1562684400000;4.907;4.978;4.87;4.971;28399.599
1562688000000;4.965;4.99;4.922;4.923;17114.779
1562691600000;4.93;4.939;4.915;4.918;10688.229
1562695200000;4.922;4.978;4.915;4.978;9259.522
1562698800000;4.979;5.013;4.935;4.988;21661.748
1562702400000;4.979;5.001;4.937;4.966;2649.946
1562706000000;4.968;5;4.964;5;4880.841
1562709600000;5;5.044;4.991;5.033;4816.027
1562713200000;5.044;5.07;4.978;4.984;10268.128
1562716800000;4.984;4.985;4.942;4.949;8991.091
1562720400000;4.945;4.953;4.884;4.884;14916.968
1562724000000;4.884;4.903;4.802;4.824;48770.95
1562727600000;4.824;4.849;4.81;4.836;13775.154
1562731200000;4.833;4.849;4.801;4.804;12176.258
1562734800000;4.804;4.805;4.748;4.753;23343.013
1562738400000;4.75;4.811;4.735;4.753;33379.576
1562742000000;4.764;4.842;4.758;4.83;32498.854
1562745600000;4.83;4.833;4.751;4.784;19861.543
1562749200000;4.784;4.796;4.765;4.78;8487.449
1562752800000;4.789;4.79;4.767;4.78;13151.474
1562756400000;4.774;4.788;4.748;4.754;10378.161
1562760000000;4.753;4.762;4.722;4.722;10916.883
1562763600000;4.722;4.728;4.699;4.711;26876.002
1562767200000;4.706;4.706;4.519;4.536;106529.372
1562770800000;4.54;4.55;4.175;4.315;495931.638
1562774400000;4.316;4.451;4.252;4.344;109467.671
1562778000000;4.348;4.487;4.335;4.454;35762.378
1562781600000;4.451;4.54;4.451;4.501;26035.936
1562785200000;4.5;4.5;4.392;4.428;12993.216
1562788800000;4.429;4.439;4.349;4.379;15346.232
1562792400000;4.379;4.439;4.326;4.423;32732.509
1562796000000;4.425;4.51;4.418;4.475;36191.171
1562799600000;4.468;4.485;4.41;4.483;18706.23
1562803200000;4.48;4.48;4.338;4.37;18635.284
1562806800000;4.369;4.378;4.34;4.368;15682.2
1562810400000;4.372;4.652;4.363;4.558;71988.178
1562814000000;4.571;4.602;4.454;4.482;23040.02
1562817600000;4.486;4.489;4.053;4.186;73990.577
1562821200000;4.172;4.376;4.09;4.341;63599.25
1562824800000;4.35;4.355;4.249;4.302;17429.365
1562828400000;4.307;4.369;4.29;4.307;13307.755
1562832000000;4.301;4.314;4.274;4.289;8039.199
1562835600000;4.289;4.289;4.201;4.259;17538.755
1562839200000;4.252;4.269;4.15;4.19;20915.952
1562842800000;4.2;4.294;4.194;4.241;12857.188
1562846400000;4.241;4.294;4.219;4.229;13508.489
1562850000000;4.23;4.253;4.164;4.237;17013.367
1562853600000;4.239;4.332;4.233;4.324;18366.111
1562857200000;4.324;4.431;4.241;4.27;16619.869
1562860800000;4.266;4.413;4.238;4.367;27835.807
1562864400000;4.363;4.411;4.305;4.317;21204.783
1562868000000;4.321;4.364;4.308;4.354;3372.536
1562871600000;4.354;4.363;4.3;4.336;9128.89
1562875200000;4.344;4.345;4.239;4.295;22665.729
1562878800000;4.3;4.389;4.3;4.376;8721.318
1562882400000;4.376;4.379;4.314;4.314;5358.118
1562886000000;4.315;4.354;4.31;4.354;16355.872
1562889600000;4.349;4.469;4.324;4.469;17300.399
1562893200000;4.464;4.607;4.464;4.504;52657.796
1562896800000;4.502;4.544;4.402;4.452;47647.172
1562900400000;4.459;4.464;4.268;4.268;21563.705
1562904000000;4.279;4.403;4.264;4.399;21500.886
1562907600000;4.395;4.471;4.38;4.451;11252.137
1562911200000;4.441;4.451;4.377;4.443;18575.448
1562914800000;4.448;4.494;4.431;4.494;15299.829
1562918400000;4.485;4.576;4.455;4.481;31370.183
1562922000000;4.483;4.565;4.47;4.559;14966.313
1562925600000;4.557;4.598;4.52;4.559;20686.483
1562929200000;4.559;4.559;4.498;4.512;8240.335
1562932800000;4.516;4.517;4.466;4.486;15279.815
1562936400000;4.484;4.54;4.459;4.477;27413.69
1562940000000;4.484;4.501;4.405;4.432;16705.236
1562943600000;4.428;4.432;4.373;4.4;7901.412
1562947200000;4.391;4.452;4.38;4.441;12245.501
1562950800000;4.443;4.448;4.413;4.434;10358.554
1562954400000;4.444;4.467;4.428;4.464;13030.675
1562958000000;4.467;4.5;4.462;4.482;23994.677
1562961600000;4.494;4.496;4.435;4.45;7911.917
1562965200000;4.458;4.468;4.402;4.463;11843.192
1562968800000;4.472;4.513;4.466;4.467;10925.745
1562972400000;4.468;4.531;4.459;4.526;8071.601
1562976000000;4.527;4.534;4.491;4.491;5418.196
1562979600000;4.493;4.493;4.457;4.462;6738.599
1562983200000;4.457;4.458;4.414;4.434;5185.784
1562986800000;4.434;4.434;4.386;4.398;12061.61
1562990400000;4.399;4.423;4.382;4.409;5402.767
1562994000000;4.402;4.433;4.4;4.433;4796.159
1562997600000;4.427;4.483;4.424;4.432;8118.618
1563001200000;4.432;4.432;4.371;4.371;8495.123
1563004800000;4.375;4.474;4.361;4.443;23955.138
1563008400000;4.44;4.478;4.431;4.464;8537.755
1563012000000;4.455;4.459;4.339;4.37;20559.857
1563015600000;4.377;4.404;4.353;4.379;9368.655
1563019200000;4.376;4.376;4.331;4.344;6915.285
1563022800000;4.349;4.43;4.345;4.401;17720.267
1563026400000;4.409;4.421;4.332;4.34;7520.097
1563030000000;4.34;4.38;4.332;4.364;2414.127
1563033600000;4.369;4.37;4.33;4.331;14093.984
1563037200000;4.327;4.353;4.313;4.334;3183.9
1563040800000;4.331;4.338;4.225;4.237;36063.343
1563044400000;4.237;4.266;4.219;4.264;4263.689
1563048000000;4.264;4.265;4.176;4.181;5137.231
1563051600000;4.179;4.205;4.125;4.193;14822.486
1563055200000;4.197;4.305;4.194;4.244;17931.486
1563058800000;4.251;4.276;4.232;4.268;19123.471
1563062400000;4.271;4.281;4.232;4.238;3680.787
1563066000000;4.236;4.268;4.235;4.26;2463.81
1563069600000;4.255;4.273;4.212;4.221;8480.025
1563073200000;4.214;4.239;4.214;4.223;1517.878
1563076800000;4.232;4.236;4.212;4.214;3363.196
1563080400000;4.225;4.236;4.215;4.215;6109.869
1563084000000;4.215;4.239;4.204;4.218;8966.783
1563087600000;4.218;4.226;4.199;4.199;10519.741
1563091200000;4.206;4.219;4.17;4.17;12317.847
1563094800000;4.17;4.17;4.01;4.058;39668.274
1563098400000;4.062;4.072;3.95;4;38312.776
1563102000000;3.997;4.05;3.987;4.024;16902.31
1563105600000;4.024;4.034;3.963;3.969;11927.856
1563109200000;3.971;4.001;3.928;3.946;16966.612
1563112800000;3.946;3.959;3.925;3.925;12546.545
1563116400000;3.92;3.926;3.88;3.881;28178.374
1563120000000;3.88;3.939;3.87;3.924;15081.373
1563123600000;3.921;3.997;3.897;3.913;13498.499
1563127200000;3.915;3.921;3.842;3.892;9060.601
1563130800000;3.88;3.915;3.879;3.915;5722.881
1563134400000;3.91;3.96;3.883;3.932;7241.856
1563138000000;3.925;3.999;3.911;3.991;16919.491
1563141600000;3.991;3.999;3.898;3.904;8401.699
1563145200000;3.904;3.951;3.8;3.805;12894.963
1563148800000;3.82;3.82;3.571;3.65;65439.685
1563152400000;3.639;4.253;3.631;3.676;52693.727
1563156000000;3.676;3.68;3.561;3.634;61377.766
1563159600000;3.636;3.798;3.633;3.755;56020.73
1563163200000;3.739;3.771;3.694;3.7;19458.486
1563166800000;3.7;3.722;3.644;3.679;13721.9
1563170400000;3.685;3.701;3.665;3.693;3751.664
1563174000000;3.697;3.8;3.697;3.742;28123.177
1563177600000;3.745;3.745;3.674;3.685;11931.507
1563181200000;3.693;3.736;3.671;3.733;5256.68
1563184800000;3.737;3.824;3.735;3.803;8040.31
1563188400000;3.8;3.842;3.786;3.806;10225.379
1563192000000;3.806;3.817;3.738;3.738;5562.532
1563195600000;3.738;3.818;3.718;3.802;14022.85
1563199200000;3.806;3.988;3.806;3.939;30924.422
1563202800000;3.944;3.962;3.883;3.962;7935.941
1563206400000;3.961;4.024;3.916;3.993;18637.035
1563210000000;3.993;4.034;3.937;3.937;17192.335
1563213600000;3.936;4.103;3.925;4.091;28117.807
1563217200000;4.09;4.16;4.04;4.158;35791.015
1563220800000;4.158;4.45;4.152;4.386;149931.873
1563224400000;4.387;4.471;4.275;4.281;74615.341
1563228000000;4.273;4.336;4.221;4.315;32096.941
1563231600000;4.32;4.323;4.097;4.132;69054.175
1563235200000;4.131;4.215;4.121;4.202;17011.737
1563238800000;4.201;4.201;4.101;4.128;25717.273
1563242400000;4.129;4.129;4.04;4.045;41417.322
1563246000000;4.041;4.131;4.019;4.064;47993.716
1563249600000;4.055;4.154;4.013;4.135;31853.376
1563253200000;4.13;4.131;4.069;4.089;11888.907
1563256800000;4.08;4.2;4.076;4.197;19772.149
1563260400000;4.2;4.255;4.079;4.138;49634.259
1563264000000;4.151;4.194;4.139;4.17;10627.052
1563267600000;4.165;4.185;4.118;4.137;23769.749
1563271200000;4.116;4.167;4.114;4.145;10072.645
1563274800000;4.145;4.158;4.085;4.112;14985.321
1563278400000;4.112;4.199;4.051;4.092;23639.939
1563282000000;4.092;4.119;3.992;4.008;23966.011
1563285600000;4.013;4.045;3.96;3.982;21691.058
1563289200000;3.979;4.059;3.939;4.031;45193.612
1563292800000;4.022;4.022;3.758;3.767;82075.946
1563296400000;3.767;3.773;3.615;3.72;72614.883
1563300000000;3.72;3.779;3.69;3.704;23716.281
1563303600000;3.697;3.803;3.695;3.803;13587.983
1563307200000;3.806;3.835;3.763;3.763;9320.993
1563310800000;3.761;3.788;3.716;3.725;19114.67
1563314400000;3.75;3.75;3.6;3.662;54210.254
1563318000000;3.665;4.05;3.475;3.649;133678.326
1563321600000;3.654;3.809;3.654;3.73;18848.29
1563325200000;3.73;3.768;3.695;3.725;18542.071
1563328800000;3.726;3.726;3.556;3.635;63728.351
1563332400000;3.638;3.732;3.636;3.716;22914.043
1563336000000;3.728;3.749;3.623;3.717;19150.831
1563339600000;3.716;3.819;3.709;3.791;11559.086
1563343200000;3.78;3.844;3.77;3.817;9887.081
1563346800000;3.815;3.818;3.742;3.796;10964.118
1563350400000;3.8;3.804;3.729;3.736;11695.667
1563354000000;3.728;3.776;3.715;3.732;15867.005
1563357600000;3.729;3.772;3.633;3.681;56462.212
1563361200000;3.687;3.753;3.637;3.678;24090.741
1563364800000;3.686;3.812;3.68;3.783;29192.965
1563368400000;3.788;3.814;3.746;3.814;16884.949
1563372000000;3.814;3.965;3.807;3.94;48919.688
1563375600000;3.938;4.037;3.865;3.903;61606.282
1563379200000;3.903;4.022;3.901;3.979;38573.032
1563382800000;3.973;4.008;3.913;3.966;26817.218
1563386400000;3.965;4.015;3.926;3.969;11404.136
1563390000000;3.968;3.976;3.835;3.835;13909.354
1563393600000;3.835;3.922;3.833;3.892;23114.228
1563397200000;3.89;3.984;3.877;3.917;16078.129
1563400800000;3.924;3.956;3.915;3.915;5202.152
1563404400000;3.922;3.924;3.81;3.825;19720.753
1563408000000;3.824;3.834;3.769;3.788;23591.542
1563411600000;3.796;3.957;3.796;3.888;25504.643
1563415200000;3.904;3.979;3.904;3.965;10015.071
1563418800000;3.964;3.968;3.863;3.885;11135.272
1563422400000;3.888;4.061;3.888;4.049;29406.573
1563426000000;4.048;4.048;3.935;3.948;24710.836
1563429600000;3.947;4.021;3.947;4.005;22119.828
1563433200000;4.005;4.019;3.907;3.937;35506.091
1563436800000;3.954;3.961;3.859;3.88;22728.879
1563440400000;3.88;3.895;3.836;3.865;29150.926
1563444000000;3.865;3.975;3.865;3.924;8554.607
1563447600000;3.932;3.944;3.842;3.888;12078.806
1563451200000;3.892;3.895;3.686;3.707;43947.616
1563454800000;3.703;3.778;3.703;3.74;21173.579
1563458400000;3.734;4.023;3.675;3.99;50882.171
1563462000000;3.981;4.018;3.945;4.008;38544.008
1563465600000;4.011;4.105;3.953;4.028;44041.531
1563469200000;4.021;4.045;4.001;4.025;6608.212
1563472800000;4.025;4.094;3.999;4.033;17192.795
1563476400000;4.042;4.05;4.023;4.033;3549.933
1563480000000;4.038;4.05;3.994;4.023;8034.162
1563483600000;4.024;4.046;3.995;4.014;4443.477
1563487200000;4.014;4.028;4.002;4.019;5057.426
1563490800000;4.028;4.18;4.028;4.085;14443.587
1563494400000;4.078;4.105;4.073;4.103;5885.576
1563498000000;4.102;4.158;4.071;4.071;8470.342
1563501600000;4.071;4.086;4.027;4.07;10166.995
1563505200000;4.067;4.081;4.059;4.059;3758.843
1563508800000;4.059;4.065;3.985;3.988;6043.263
1563512400000;3.984;3.996;3.944;3.988;10753.355
1563516000000;3.988;4;3.928;3.936;7599.922
1563519600000;3.928;3.978;3.908;3.974;7277.495
1563523200000;3.979;4.065;3.838;3.879;37104.018
1563526800000;3.883;3.934;3.866;3.906;20999.229
1563530400000;3.896;3.907;3.871;3.888;6425.951
1563534000000;3.892;3.9;3.847;3.868;8881.662
1563537600000;3.871;3.939;3.855;3.891;15509.528
1563541200000;3.889;3.889;3.797;3.853;15344.312
1563544800000;3.854;3.92;3.835;3.87;6524.266
1563548400000;3.879;3.944;3.867;3.944;5474.806
1563552000000;3.944;3.958;3.874;3.887;12857.54
1563555600000;3.892;3.909;3.851;3.886;9193.566
1563559200000;3.884;3.908;3.875;3.891;6974.034
1563562800000;3.887;3.899;3.854;3.863;6968.196
1563566400000;3.863;3.9;3.862;3.892;3385.496
1563570000000;3.899;3.923;3.86;3.923;5496.298
1563573600000;3.923;3.94;3.901;3.901;3480.35
1563577200000;3.908;3.933;3.905;3.928;13647.732
1563580800000;3.938;3.998;3.931;3.945;10480.291
1563584400000;3.95;3.992;3.925;3.961;14163.581
1563588000000;3.968;4.001;3.913;4.001;30056.205
1563591600000;4.003;4.061;3.996;4.004;29150.014
1563595200000;4.009;4.047;4;4.016;28187.729
1563598800000;4.022;4.079;4.014;4.022;13030.489
1563602400000;4.016;4.065;3.994;4.006;18862.994
1563606000000;4.005;4.058;3.995;4.003;21679.913
1563609600000;4.004;4.047;4;4.038;6324.108
1563613200000;4.034;4.049;4.022;4.024;12811.242
1563616800000;4.037;4.047;4;4;10612.617
1563620400000;4.003;4.014;3.938;3.982;30550.273
1563624000000;3.98;4.002;3.951;3.99;10848.619
1563627600000;3.983;4.028;3.979;3.994;13641.37
1563631200000;3.994;4.032;3.985;4.021;9905.307
1563634800000;4.02;4.05;4.003;4.049;16035.793
1563638400000;4.049;4.176;4.034;4.148;41035.178
1563642000000;4.147;4.18;4.103;4.123;23215.064
1563645600000;4.121;4.179;4.119;4.165;11186.164
1563649200000;4.165;4.172;4.102;4.159;7668.708
1563652800000;4.158;4.164;4.146;4.155;2154.277
1563656400000;4.155;4.175;4.149;4.164;4933.982
1563660000000;4.166;4.175;4.128;4.133;5760.773
1563663600000;4.129;4.166;4.043;4.044;14207.143
1563667200000;4.044;4.094;4.011;4.076;13799.441
1563670800000;4.075;4.098;4.07;4.083;4331.097
1563674400000;4.075;4.081;4.001;4.006;9073.312
1563678000000;4.003;4.027;3.982;3.997;3586.055
1563681600000;4.003;4.011;3.996;4.004;4287.403
1563685200000;4.001;4.012;3.995;4.004;5827.154
1563688800000;4.014;4.035;4.009;4.022;8348.199
1563692400000;4.028;4.264;4.028;4.256;48893.872
1563696000000;4.26;4.29;4.166;4.288;50458.96
1563699600000;4.282;4.315;4.281;4.307;12348.395
1563703200000;4.306;4.313;4.228;4.228;31651.128
1563706800000;4.228;4.245;4.197;4.224;12664.217
1563710400000;4.224;4.224;4.179;4.207;9390.381
1563714000000;4.206;4.216;4.186;4.19;8356.559
1563717600000;4.198;4.2;4.07;4.086;20037.966
1563721200000;4.088;4.134;4.086;4.13;17180.151
1563724800000;4.131;4.149;4.074;4.08;6301.641
1563728400000;4.078;4.08;4.045;4.073;9678.207
1563732000000;4.072;4.117;4.071;4.115;7952.708
1563735600000;4.117;4.127;4.069;4.102;6553.349
1563739200000;4.095;4.186;4.091;4.17;7580.27
1563742800000;4.17;4.217;4.151;4.151;12455.14
1563746400000;4.158;4.218;4.151;4.163;12882.36
1563750000000;4.18;4.224;4.166;4.218;9005.276
1563753600000;4.22;4.267;4.18;4.186;10306.622
1563757200000;4.187;4.232;4.179;4.22;13611.775
1563760800000;4.229;4.293;4.227;4.293;6673.422
1563764400000;4.288;4.288;4.264;4.27;7417.579
1563768000000;4.276;4.288;4.251;4.264;5817.863
1563771600000;4.265;4.302;4.251;4.302;11159.591
1563775200000;4.302;4.345;4.253;4.265;16722.671
1563778800000;4.265;4.273;4.232;4.241;14002.272
1563782400000;4.249;4.261;4.222;4.224;14074.641
1563786000000;4.221;4.221;4.122;4.142;29542.932
1563789600000;4.14;4.21;4.134;4.198;16019.452
1563793200000;4.198;4.199;4.15;4.162;10999.674
1563796800000;4.163;4.177;4.136;4.174;10198.906
1563800400000;4.174;4.18;4.154;4.172;5432.514
1563804000000;4.174;4.211;3.886;3.988;54772.82
1563807600000;3.984;4;3.933;3.946;20179.121
1563811200000;3.944;3.974;3.933;3.958;5278.437
1563814800000;3.955;4.013;3.945;4;8442.269
1563818400000;3.993;4.008;3.953;3.953;3491.489
1563822000000;3.953;3.973;3.897;3.9;10749.627
1563825600000;3.898;3.928;3.897;3.912;26522.467
1563829200000;3.92;4.001;3.91;3.93;24554.085
1563832800000;3.93;3.976;3.923;3.933;6190.977
1563836400000;3.926;4.005;3.926;3.991;4199.679
1563840000000;3.984;3.986;3.914;3.933;8170.715
1563843600000;3.933;3.957;3.914;3.936;14139.555
1563847200000;3.929;3.965;3.924;3.965;6354.385
1563850800000;3.962;3.962;3.943;3.948;4462.952
1563854400000;3.947;3.947;3.912;3.913;5133.272
1563858000000;3.913;3.922;3.889;3.898;7725.181
1563861600000;3.897;3.922;3.79;3.81;33992.115
1563865200000;3.81;3.876;3.8;3.86;32187.303
1563868800000;3.87;3.897;3.79;3.795;9969.36
1563872400000;3.795;3.861;3.785;3.86;9506.842
1563876000000;3.861;3.881;3.81;3.846;4461.282
1563879600000;3.847;3.9;3.847;3.887;9167.237
1563883200000;3.887;3.903;3.838;3.856;9381.269
1563886800000;3.856;3.858;3.7;3.823;47020.93
1563890400000;3.813;3.834;3.798;3.829;8145.804
1563894000000;3.831;3.848;3.684;3.696;27253.179
1563897600000;3.696;3.752;3.693;3.732;14751.961
1563901200000;3.737;3.763;3.736;3.751;4014.858
1563904800000;3.752;3.831;3.751;3.808;7036.036
1563908400000;3.81;3.835;3.809;3.835;2272.125
1563912000000;3.835;3.863;3.835;3.835;3802.059
1563915600000;3.838;3.858;3.81;3.813;4538.4
1563919200000;3.812;3.818;3.763;3.763;8086.045
1563922800000;3.769;3.776;3.705;3.719;11303.77
1563926400000;3.711;3.715;3.65;3.662;30221.515
1563930000000;3.663;3.674;3.651;3.652;3099.046
1563933600000;3.65;3.681;3.619;3.677;16547.133
1563937200000;3.677;3.688;3.66;3.666;7983.279
1563940800000;3.666;3.673;3.616;3.665;5636.811
1563944400000;3.673;3.702;3.661;3.689;4186.476
1563948000000;3.689;3.689;3.666;3.67;8168.883
1563951600000;3.672;3.691;3.662;3.669;5537.09
1563955200000;3.667;3.748;3.667;3.733;5875.218
1563958800000;3.733;3.743;3.726;3.735;4086.981
1563962400000;3.735;3.753;3.73;3.753;8951.503
1563966000000;3.748;3.787;3.733;3.787;7757.717
1563969600000;3.783;3.797;3.778;3.785;4194.25
1563973200000;3.791;3.791;3.727;3.734;6172.362
1563976800000;3.731;3.873;3.727;3.858;22056.692
1563980400000;3.864;4.063;3.855;4.055;28326.616
1563984000000;4.054;4.077;3.764;3.808;53256.131
1563987600000;3.799;3.851;3.793;3.833;7125.462
1563991200000;3.836;3.872;3.826;3.871;3417.3
1563994800000;3.864;3.901;3.847;3.881;3617.758
1563998400000;3.883;3.892;3.835;3.871;2996.397
1564002000000;3.872;3.92;3.865;3.901;9298.257
1564005600000;3.899;3.916;3.879;3.9;6190.877
1564009200000;3.903;3.908;3.879;3.892;4663.933
1564012800000;3.892;4.034;3.856;4.008;22686.166
1564016400000;4.014;4.028;3.937;3.952;13243.271
1564020000000;3.945;3.983;3.945;3.97;2162.847
1564023600000;3.966;3.994;3.952;3.979;6140.748
1564027200000;3.971;3.989;3.924;3.935;8575.198
1564030800000;3.925;3.951;3.922;3.95;4783.373
1564034400000;3.95;3.95;3.933;3.937;1476.721
1564038000000;3.939;3.952;3.934;3.952;4702.339
1564041600000;3.952;3.977;3.943;3.968;3633.236
1564045200000;3.968;3.981;3.911;3.92;8725.265
1564048800000;3.918;3.949;3.902;3.919;9674.553
1564052400000;3.918;3.926;3.9;3.92;6100.986
1564056000000;3.913;3.95;3.83;3.875;19965.245
1564059600000;3.873;3.874;3.79;3.839;32578.179
1564063200000;3.832;3.858;3.829;3.851;11588.1
1564066800000;3.856;3.859;3.823;3.849;7994.215
1564070400000;3.843;3.869;3.807;3.845;10032.787
1564074000000;3.845;3.869;3.844;3.849;2629.364
1564077600000;3.849;3.867;3.841;3.841;6489.777
1564081200000;3.843;3.843;3.792;3.807;4267.54
1564084800000;3.802;3.815;3.781;3.815;3172.67
1564088400000;3.809;3.832;3.8;3.813;4059.081
1564092000000;3.815;3.833;3.812;3.817;1293.748
1564095600000;3.821;3.832;3.782;3.789;3848.85
1564099200000;3.79;3.791;3.7;3.732;11111.706
1564102800000;3.732;3.75;3.715;3.734;6696.214
1564106400000;3.734;3.75;3.729;3.747;1637.681
1564110000000;3.747;3.762;3.728;3.762;4511.631
1564113600000;3.762;3.81;3.757;3.806;4313.257
1564117200000;3.807;3.807;3.765;3.786;2179.114
1564120800000;3.78;3.8;3.741;3.782;9849.411
1564124400000;3.784;3.843;3.776;3.839;17623.272
1564128000000;3.841;3.849;3.822;3.849;5756.954
1564131600000;3.847;3.854;3.816;3.828;5599.68
1564135200000;3.826;3.837;3.812;3.831;4069.622
1564138800000;3.831;3.87;3.827;3.856;6868.328
1564142400000;3.855;3.871;3.837;3.847;4607.75
1564146000000;3.846;3.859;3.83;3.83;5976.929
1564149600000;3.833;3.836;3.764;3.778;17211.83
1564153200000;3.78;3.833;3.78;3.827;6226.386
1564156800000;3.83;3.867;3.822;3.85;8008.894
1564160400000;3.85;3.85;3.8;3.825;10104.038
1564164000000;3.821;3.855;3.805;3.84;5162.657
1564167600000;3.839;3.869;3.837;3.857;7641.733
1564171200000;3.859;3.896;3.833;3.88;15381.441
1564174800000;3.884;3.89;3.861;3.874;3270.617
1564178400000;3.875;3.917;3.873;3.901;11393.395
1564182000000;3.901;3.911;3.873;3.888;5680.996
1564185600000;3.888;3.995;3.878;3.965;18104.713
1564189200000;3.965;3.981;3.93;3.957;11685.931
1564192800000;3.957;3.998;3.929;3.99;37739.211
1564196400000;3.987;3.999;3.922;3.937;14715.346
1564200000000;3.936;3.945;3.93;3.937;5295.74
1564203600000;3.937;3.94;3.913;3.922;7251.073
1564207200000;3.923;3.942;3.916;3.942;3699.931
1564210800000;3.933;3.94;3.874;3.909;20182.402
1564214400000;3.912;3.912;3.885;3.9;6284.174
1564218000000;3.901;3.92;3.89;3.903;4595.223
1564221600000;3.893;3.893;3.707;3.722;30833.959
1564225200000;3.724;3.75;3.685;3.714;11468.27
1564228800000;3.713;3.713;3.659;3.692;12272.645
1564232400000;3.691;3.717;3.59;3.617;71912.057
1564236000000;3.617;3.633;3.55;3.611;103824.002
1564239600000;3.602;3.622;3.554;3.588;23739.753
1564243200000;3.578;3.618;3.569;3.598;11905.555
1564246800000;3.598;3.634;3.597;3.627;5455.988
1564250400000;3.629;3.637;3.596;3.607;5729.578
1564254000000;3.605;3.639;3.604;3.618;4688.775
1564257600000;3.615;3.641;3.613;3.637;2032.771
1564261200000;3.642;3.664;3.637;3.653;4786.911
1564264800000;3.65;3.666;3.601;3.641;14436.435
1564268400000;3.641;3.647;3.607;3.617;9295.264
1564272000000;3.614;3.634;3.585;3.613;6915.524
1564275600000;3.613;3.634;3.613;3.629;7675.643
1564279200000;3.633;3.634;3.62;3.631;4615.365
1564282800000;3.63;3.638;3.63;3.638;1188.016
1564286400000;3.638;3.673;3.638;3.659;7190.188
1564290000000;3.662;3.667;3.64;3.652;3043.914
1564293600000;3.652;3.661;3.632;3.644;2957.647
1564297200000;3.643;3.659;3.629;3.631;1868.433
1564300800000;3.64;3.643;3.625;3.625;2207.481
1564304400000;3.63;3.652;3.612;3.618;7858.554
1564308000000;3.617;3.633;3.602;3.609;2776.458
1564311600000;3.609;3.64;3.6;3.628;15452.768
1564315200000;3.628;3.65;3.607;3.61;12020.939
1564318800000;3.612;3.612;3.599;3.609;2148.485
1564322400000;3.609;3.624;3.602;3.609;6789.519
1564326000000;3.609;3.617;3.599;3.607;4686.852
1564329600000;3.606;3.626;3.593;3.626;12842.367
1564333200000;3.628;3.635;3.624;3.634;1418.637
1564336800000;3.631;3.634;3.62;3.62;1302.657
1564340400000;3.62;3.634;3.6;3.607;7000.095
1564344000000;3.611;3.612;3.594;3.599;2599.111
1564347600000;3.595;3.599;3.587;3.587;1845.102
1564351200000;3.582;3.617;3.489;3.567;52779.392
1564354800000;3.563;3.667;3.546;3.612;19967.338
1564358400000;3.613;3.665;3.61;3.616;10166.485
1564362000000;3.623;3.69;3.622;3.638;17209.514
1564365600000;3.638;3.654;3.614;3.636;4527.639
1564369200000;3.636;3.649;3.622;3.625;6387.304
1564372800000;3.625;3.636;3.59;3.602;9558.188
1564376400000;3.594;3.624;3.59;3.59;3758.698
1564380000000;3.587;3.616;3.579;3.611;4844.346
1564383600000;3.6;3.627;3.596;3.622;2976.482
1564387200000;3.624;3.64;3.609;3.615;4301.523
1564390800000;3.623;3.627;3.529;3.553;15090.293
1564394400000;3.554;3.584;3.539;3.567;7956.559
1564398000000;3.572;3.588;3.549;3.552;6639.806
1564401600000;3.553;3.605;3.552;3.605;5969.863
1564405200000;3.61;3.615;3.576;3.597;12314.944
1564408800000;3.602;3.602;3.585;3.594;4651.503
1564412400000;3.6;3.628;3.59;3.602;5861.892
1564416000000;3.602;3.657;3.573;3.619;8896.453
1564419600000;3.619;3.628;3.57;3.586;6224.911
1564423200000;3.585;3.605;3.571;3.596;9238.506
1564426800000;3.596;3.6;3.584;3.597;3069.397
1564430400000;3.59;3.609;3.587;3.594;1764.975
1564434000000;3.595;3.604;3.594;3.596;1292.28
1564437600000;3.597;3.624;3.59;3.623;3576.843
1564441200000;3.623;3.626;3.592;3.593;2463.062
1564444800000;3.594;3.605;3.589;3.603;3061.62
1564448400000;3.596;3.626;3.585;3.585;10677.773
1564452000000;3.587;3.591;3.551;3.558;5452.029
1564455600000;3.56;3.569;3.5;3.516;12921.264
1564459200000;3.518;3.548;3.518;3.54;2328.662
1564462800000;3.536;3.54;3.517;3.525;3201.406
1564466400000;3.528;3.559;3.528;3.546;6077.955
1564470000000;3.546;3.55;3.535;3.539;3802.383
1564473600000;3.537;3.538;3.503;3.507;10176.569
1564477200000;3.512;3.548;3.504;3.52;6714.922
1564480800000;3.52;3.539;3.51;3.516;7972.969
1564484400000;3.515;3.562;3.508;3.556;18136.407
1564488000000;3.556;3.586;3.556;3.568;5271.04
1564491600000;3.573;3.58;3.541;3.553;2962.312
1564495200000;3.56;3.58;3.548;3.55;6162.155
1564498800000;3.557;3.616;3.551;3.616;14082.425
1564502400000;3.616;3.627;3.59;3.614;8632.764
1564506000000;3.621;3.631;3.592;3.629;12555.541
1564509600000;3.626;3.658;3.626;3.636;8858.104
1564513200000;3.642;3.645;3.604;3.617;5040.052
1564516800000;3.621;3.627;3.614;3.617;1573.675
1564520400000;3.614;3.623;3.61;3.61;1371.061
1564524000000;3.61;3.615;3.581;3.583;2077.909
1564527600000;3.583;3.595;3.557;3.594;18143.421
1564531200000;3.59;3.626;3.58;3.598;4791.957
1564534800000;3.609;3.625;3.609;3.624;4516.913
1564538400000;3.624;3.649;3.613;3.64;8588.104
1564542000000;3.639;3.66;3.636;3.66;6964.637
1564545600000;3.655;3.66;3.647;3.651;5044.614
1564549200000;3.655;3.683;3.65;3.68;9894.631
1564552800000;3.676;3.734;3.675;3.72;12370.851
1564556400000;3.72;3.733;3.688;3.69;7742.401
1564560000000;3.694;3.723;3.691;3.717;6168.728
1564563600000;3.718;3.73;3.693;3.708;4859.009
1564567200000;3.716;3.729;3.71;3.71;4611.425
1564570800000;3.71;3.727;3.68;3.713;10009.815
1564574400000;3.717;3.733;3.689;3.699;10103.516
1564578000000;3.708;3.731;3.689;3.726;6845.442
1564581600000;3.732;3.748;3.691;3.693;13207.569
1564585200000;3.693;3.715;3.671;3.693;16557.013
1564588800000;3.695;3.712;3.658;3.66;18484.812
1564592400000;3.659;3.688;3.65;3.673;6251.757
1564596000000;3.668;3.669;3.609;3.636;18957.961
1564599600000;3.64;3.644;3.619;3.624;4381.059
1564603200000;3.624;3.652;3.621;3.642;2688.122
1564606800000;3.633;3.633;3.624;3.63;2507.996
1564610400000;3.629;3.636;3.615;3.636;4124.331
1564614000000;3.635;3.659;3.631;3.649;7637.003
1564617600000;3.649;3.661;3.63;3.646;7541.818
1564621200000;3.643;3.65;3.629;3.632;4521.716
1564624800000;3.636;3.636;3.625;3.625;2550.141
1564628400000;3.625;3.625;3.584;3.585;12085.898
1564632000000;3.585;3.611;3.572;3.59;14198.382
1564635600000;3.585;3.596;3.565;3.594;4700.408
1564639200000;3.586;3.586;3.546;3.55;19473.874
1564642800000;3.55;3.584;3.54;3.549;22124.596
1564646400000;3.549;3.576;3.537;3.57;20157.654
1564650000000;3.567;3.567;3.424;3.48;60240.934
1564653600000;3.478;3.518;3.445;3.506;16094.702
1564657200000;3.506;3.513;3.495;3.506;3374.136
1564660800000;3.506;3.522;3.495;3.52;4415.074
1564664400000;3.514;3.522;3.493;3.501;6837.684
1564668000000;3.501;3.506;3.491;3.495;8561.687
1564671600000;3.497;3.512;3.495;3.495;8819.133
1564675200000;3.494;3.502;3.467;3.478;16922.94
1564678800000;3.472;3.509;3.461;3.501;9021.269
1564682400000;3.502;3.51;3.498;3.502;3936.542
1564686000000;3.5;3.526;3.471;3.505;11343.125
1564689600000;3.501;3.549;3.471;3.536;16762.069
1564693200000;3.537;3.553;3.515;3.545;4005.009
1564696800000;3.55;3.551;3.523;3.528;4584.736
1564700400000;3.526;3.542;3.511;3.538;9881.713
1564704000000;3.535;3.543;3.506;3.511;5088.497
1564707600000;3.511;3.54;3.501;3.54;7602.251
1564711200000;3.541;3.813;3.536;3.791;138748.18
1564714800000;3.788;3.909;3.71;3.752;210446.281
1564718400000;3.75;3.773;3.707;3.735;29521.241
1564722000000;3.731;3.773;3.722;3.746;21869.433
1564725600000;3.75;3.751;3.66;3.735;22474.972
1564729200000;3.734;3.748;3.693;3.706;19936.705
1564732800000;3.705;3.756;3.696;3.754;14346.617
1564736400000;3.754;3.758;3.655;3.664;26184.344
1564740000000;3.658;3.705;3.657;3.669;12064.323
1564743600000;3.655;3.667;3.578;3.586;64805.055
1564747200000;3.584;3.602;3.573;3.58;34688.05
1564750800000;3.587;3.635;3.58;3.616;16881.193
1564754400000;3.62;3.684;3.61;3.669;18619.62
1564758000000;3.674;3.69;3.62;3.64;21494.653
1564761600000;3.645;3.645;3.557;3.571;18731.53
1564765200000;3.575;3.615;3.567;3.604;7090.511
1564768800000;3.603;3.607;3.593;3.602;3815.118
1564772400000;3.602;3.612;3.593;3.594;4994.234
1564776000000;3.599;3.651;3.579;3.583;10538.665
1564779600000;3.589;3.628;3.579;3.614;3433.904
1564783200000;3.614;3.677;3.614;3.676;7961.96
1564786800000;3.67;3.68;3.639;3.647;6031.185
1564790400000;3.652;3.657;3.628;3.634;5993.196
1564794000000;3.636;3.691;3.623;3.681;19351.479
1564797600000;3.681;3.693;3.652;3.689;13102.269
1564801200000;3.693;3.7;3.658;3.659;15243.524
1564804800000;3.655;3.729;3.655;3.704;9338.72
1564808400000;3.705;3.708;3.655;3.675;10259.006
1564812000000;3.673;3.704;3.666;3.704;5663.584
1564815600000;3.706;3.739;3.695;3.739;9094.611
1564819200000;3.74;3.766;3.737;3.747;11926.049
1564822800000;3.747;3.758;3.719;3.719;9144.997
1564826400000;3.715;3.72;3.705;3.718;6256.472
1564830000000;3.718;3.732;3.701;3.708;6292.773
1564833600000;3.703;3.703;3.665;3.701;11446.128
1564837200000;3.706;3.759;3.706;3.746;15431.499
1564840800000;3.742;3.759;3.693;3.695;7151.492
1564844400000;3.701;3.704;3.68;3.688;5139.809
1564848000000;3.688;3.744;3.68;3.722;8871.075
1564851600000;3.723;3.732;3.716;3.721;3239.122
1564855200000;3.721;3.757;3.715;3.746;5845.884
1564858800000;3.747;3.766;3.745;3.761;5942.872
1564862400000;3.76;3.765;3.753;3.761;3305.764
1564866000000;3.757;3.758;3.737;3.737;5792.716
1564869600000;3.738;3.741;3.719;3.73;2530.721
1564873200000;3.721;3.724;3.687;3.69;6598.754
1564876800000;3.693;3.715;3.686;3.715;10086.803
1564880400000;3.715;3.763;3.715;3.756;18353.924
1564884000000;3.755;3.758;3.708;3.709;5455.073
1564887600000;3.706;3.721;3.637;3.656;12513.683
1564891200000;3.656;3.661;3.6;3.606;12618.953
1564894800000;3.602;3.667;3.6;3.623;9978.663
1564898400000;3.621;3.637;3.593;3.614;7846.348
1564902000000;3.61;3.625;3.6;3.606;5888.048
1564905600000;3.606;3.614;3.585;3.585;7558.422
1564909200000;3.585;3.608;3.578;3.604;10412.939
1564912800000;3.611;3.619;3.587;3.6;3696.242
1564916400000;3.607;3.628;3.603;3.626;4511.618
1564920000000;3.628;3.63;3.584;3.591;5508.415
1564923600000;3.591;3.604;3.588;3.594;10995.593
1564927200000;3.599;3.627;3.594;3.619;10173.52
1564930800000;3.62;3.65;3.615;3.65;18037.04
1564934400000;3.648;3.65;3.602;3.603;4608.741
1564938000000;3.606;3.615;3.602;3.602;2815.536
1564941600000;3.606;3.615;3.605;3.605;1050.091
1564945200000;3.605;3.607;3.592;3.598;4877.407
1564948800000;3.603;3.621;3.602;3.617;4564.392
1564952400000;3.617;3.644;3.588;3.619;5305.979
1564956000000;3.622;3.631;3.592;3.592;3108.003
1564959600000;3.59;3.602;3.59;3.592;2652.939
1564963200000;3.592;3.643;3.592;3.631;7384.731
1564966800000;3.634;3.648;3.619;3.619;11265.496
1564970400000;3.618;3.678;3.618;3.678;10293.239
1564974000000;3.68;3.685;3.625;3.645;12856.863
1564977600000;3.656;3.656;3.62;3.638;15129.165
1564981200000;3.638;3.645;3.618;3.626;10247.483
1564984800000;3.628;3.675;3.626;3.664;3505.158
1564988400000;3.667;3.673;3.632;3.639;12679.167
1564992000000;3.632;3.634;3.609;3.612;9992.313
1564995600000;3.613;3.632;3.604;3.62;10525.82
1564999200000;3.63;3.732;3.617;3.693;36496.717
1565002800000;3.689;3.696;3.653;3.67;9962.757
1565006400000;3.673;3.711;3.668;3.7;5551.084
1565010000000;3.699;3.707;3.677;3.677;4814.098
1565013600000;3.675;3.697;3.659;3.695;9237.612
1565017200000;3.695;3.697;3.653;3.691;4831.698
1565020800000;3.689;3.826;3.664;3.79;67655.428
1565024400000;3.792;3.814;3.786;3.81;10750.749
1565028000000;3.81;3.868;3.81;3.821;17172.043
1565031600000;3.818;3.858;3.808;3.851;17247.034
1565035200000;3.851;3.857;3.832;3.851;13018.445
1565038800000;3.842;3.854;3.835;3.838;8793.83
1565042400000;3.839;3.857;3.784;3.795;33243.612
1565046000000;3.795;3.804;3.742;3.767;16302.649
1565049600000;3.773;3.783;3.73;3.76;15199.685
1565053200000;3.761;3.761;3.694;3.704;15129.584
1565056800000;3.702;3.75;3.7;3.743;8353.594
1565060400000;3.743;3.759;3.73;3.756;6500.733
1565064000000;3.759;3.759;3.696;3.71;10978.889
1565067600000;3.714;3.731;3.707;3.726;1626.372
1565071200000;3.725;3.735;3.671;3.709;24071.386
1565074800000;3.709;3.722;3.698;3.706;8319.27
1565078400000;3.706;3.761;3.703;3.737;17490.421
1565082000000;3.731;3.737;3.7;3.712;15716.392
1565085600000;3.712;3.741;3.566;3.587;59128.646
1565089200000;3.586;3.62;3.577;3.607;11450.615
1565092800000;3.605;3.605;3.576;3.596;8881.313
1565096400000;3.594;3.633;3.582;3.633;15024.196
1565100000000;3.633;3.633;3.582;3.59;18069.96
1565103600000;3.59;3.665;3.558;3.646;36778.457
1565107200000;3.646;3.647;3.59;3.615;15449.649
1565110800000;3.614;3.66;3.614;3.634;17016.126
1565114400000;3.633;3.636;3.624;3.63;7612.521
1565118000000;3.632;3.632;3.58;3.582;8927.359
1565121600000;3.583;3.608;3.566;3.568;9887.067
1565125200000;3.572;3.576;3.518;3.527;19344.115
1565128800000;3.536;3.549;3.52;3.531;9454.444
1565132400000;3.529;3.571;3.522;3.57;4040.258
1565136000000;3.572;3.626;3.566;3.618;4876.258
1565139600000;3.618;3.688;3.618;3.65;17801.618
1565143200000;3.645;3.661;3.615;3.642;29215.142
1565146800000;3.638;3.643;3.61;3.62;5266.091
1565150400000;3.626;3.627;3.59;3.604;8813.548
1565154000000;3.604;3.618;3.54;3.54;33120.738
1565157600000;3.545;3.557;3.528;3.554;12511.329
1565161200000;3.554;3.587;3.543;3.56;14009.403
1565164800000;3.553;3.577;3.527;3.577;40857.449
1565168400000;3.573;3.602;3.561;3.59;8397.235
1565172000000;3.588;3.593;3.569;3.579;4407.147
1565175600000;3.579;3.589;3.544;3.589;27505.281
1565179200000;3.589;3.591;3.546;3.549;33932.745
1565182800000;3.549;3.587;3.545;3.578;32793.787
1565186400000;3.583;3.586;3.546;3.556;18586.96
1565190000000;3.554;3.561;3.484;3.509;63374.395
1565193600000;3.509;3.528;3.469;3.494;20455.936
1565197200000;3.494;3.515;3.474;3.515;7176.737
1565200800000;3.517;3.553;3.491;3.497;22387.992
1565204400000;3.499;3.509;3.487;3.487;6978.39
1565208000000;3.487;3.542;3.473;3.531;21172.944
1565211600000;3.532;3.57;3.521;3.55;20068.857
1565215200000;3.538;3.573;3.501;3.511;27048.388
1565218800000;3.504;3.52;3.468;3.498;9011.279
1565222400000;3.494;3.506;3.474;3.489;4226.978
1565226000000;3.491;3.495;3.471;3.481;8815.996
1565229600000;3.48;3.492;3.461;3.477;9919.522
1565233200000;3.475;3.49;3.462;3.475;12806.5
1565236800000;3.472;3.485;3.471;3.474;9765.264
1565240400000;3.484;3.484;3.458;3.458;15646.575
1565244000000;3.459;3.463;3.444;3.463;7474.152
1565247600000;3.463;3.468;3.45;3.458;10808.814
1565251200000;3.459;3.485;3.443;3.477;15783.928
1565254800000;3.477;3.478;3.457;3.467;7633.127
1565258400000;3.463;3.464;3.416;3.424;21328.562
1565262000000;3.419;3.447;3.407;3.438;11092.182
1565265600000;3.444;3.46;3.438;3.442;8903.279
1565269200000;3.437;3.449;3.352;3.356;39291.714
1565272800000;3.357;3.394;3.343;3.366;22039.946
1565276400000;3.366;3.384;2.989;3.21;215128.271
1565280000000;3.21;3.245;3.141;3.239;292046.858
1565283600000;3.242;3.272;3.221;3.26;37920.445
1565287200000;3.254;3.299;3.24;3.281;9705.865
1565290800000;3.282;3.313;3.268;3.28;11462.879
1565294400000;3.283;3.334;3.262;3.331;16265.827
1565298000000;3.328;3.334;3.226;3.235;30769.408
1565301600000;3.235;3.253;3.222;3.229;20947.674
1565305200000;3.236;3.285;3.226;3.271;24173.395
1565308800000;3.27;3.285;3.249;3.255;20855.651
1565312400000;3.258;3.26;3.23;3.233;10356.295
1565316000000;3.23;3.254;3.201;3.253;18224.053
1565319600000;3.252;3.252;3.23;3.23;12831.131
1565323200000;3.246;3.321;3.246;3.308;26342.73
1565326800000;3.311;3.311;3.244;3.244;11976.987
1565330400000;3.244;3.249;3.234;3.241;5846.262
1565334000000;3.237;3.253;3.236;3.253;4888.973
1565337600000;3.253;3.299;3.244;3.25;9153.008
1565341200000;3.25;3.252;3.128;3.144;52793.905
1565344800000;3.138;3.155;3.076;3.113;31778.192
1565348400000;3.11;3.134;3.087;3.108;29466.927
1565352000000;3.102;3.132;3.096;3.119;12912.323
1565355600000;3.121;3.126;3.097;3.105;27802.899
1565359200000;3.112;3.112;3.082;3.104;16614.23
1565362800000;3.099;3.108;3.087;3.102;8680.248
1565366400000;3.102;3.148;3.1;3.119;19635.564
1565370000000;3.121;3.148;3.102;3.114;20898.691
1565373600000;3.119;3.133;3.112;3.114;3239.627
1565377200000;3.117;3.14;3.114;3.118;6810.242
1565380800000;3.121;3.124;3.108;3.117;2315.842
1565384400000;3.117;3.124;3.101;3.111;4843.165
1565388000000;3.111;3.15;3.098;3.15;7921.48
1565391600000;3.143;3.159;3.133;3.146;3868.31
1565395200000;3.147;3.242;3.144;3.23;21782.549
1565398800000;3.231;3.246;3.2;3.222;16593.535
1565402400000;3.221;3.221;3.2;3.206;12326.492
1565406000000;3.205;3.206;3.2;3.201;16854.78
1565409600000;3.203;3.203;3.143;3.146;11977.236
1565413200000;3.147;3.206;3.147;3.202;9027.37
1565416800000;3.206;3.242;3.206;3.207;15992.637
1565420400000;3.209;3.262;3.206;3.206;17204.005
1565424000000;3.216;3.25;3.206;3.206;6147.012
1565427600000;3.207;3.271;3.206;3.271;4901.746
1565431200000;3.272;3.349;3.272;3.301;43717.408
1565434800000;3.307;3.334;3.153;3.175;52882.881
1565438400000;3.175;3.233;3.15;3.226;17173.854
1565442000000;3.223;3.355;3.206;3.24;46982.277
1565445600000;3.238;3.287;3.211;3.231;18231.91
1565449200000;3.234;3.255;3.198;3.25;9955.05
1565452800000;3.25;3.263;3.233;3.239;11189.569
1565456400000;3.235;3.257;3.203;3.245;6964.85
1565460000000;3.243;3.259;3.211;3.259;9022.193
1565463600000;3.256;3.318;3.256;3.311;27453.522
1565467200000;3.311;3.327;3.307;3.326;7635.136
1565470800000;3.31;3.334;3.303;3.313;9716.077
1565474400000;3.314;3.321;3.308;3.314;4486.347
1565478000000;3.313;3.382;3.313;3.349;9484.841
1565481600000;3.343;3.378;3.333;3.334;18034.723
1565485200000;3.328;3.331;3.303;3.306;19415.002
1565488800000;3.307;3.337;3.306;3.328;6050.909
1565492400000;3.329;3.329;3.319;3.319;5769.145
1565496000000;3.319;3.326;3.315;3.315;8247.214
1565499600000;3.315;3.331;3.304;3.309;11764.372
1565503200000;3.306;3.333;3.306;3.312;5805.547
1565506800000;3.312;3.342;3.271;3.335;43035.543
1565510400000;3.335;3.379;3.317;3.34;21201.623
1565514000000;3.334;3.362;3.331;3.354;62001.437
1565517600000;3.35;3.353;3.331;3.351;9930.681
1565521200000;3.35;3.419;3.35;3.409;14998.305
1565524800000;3.408;3.408;3.36;3.377;6769.757
1565528400000;3.381;3.407;3.379;3.379;5065.114
1565532000000;3.372;3.378;3.354;3.364;9562.717
1565535600000;3.366;3.374;3.333;3.363;9712.421
1565539200000;3.357;3.39;3.357;3.386;4352.213
1565542800000;3.388;3.396;3.381;3.391;8753.299
1565546400000;3.391;3.416;3.388;3.415;8344.777
1565550000000;3.416;3.452;3.416;3.452;11381.193
1565553600000;3.451;3.496;3.441;3.494;11123.895
1565557200000;3.493;3.499;3.472;3.476;13739.823
1565560800000;3.474;3.538;3.47;3.536;14878.072
1565564400000;3.538;3.552;3.526;3.552;20991.959
1565568000000;3.554;3.563;3.539;3.558;19005.637
1565571600000;3.558;3.582;3.55;3.58;8581.024
1565575200000;3.582;3.656;3.578;3.585;24442.382
1565578800000;3.589;3.627;3.548;3.55;21789.044
1565582400000;3.552;3.577;3.503;3.545;30406.563
1565586000000;3.555;3.555;3.503;3.505;7385.788
1565589600000;3.502;3.506;3.445;3.461;21402.707
1565593200000;3.462;3.528;3.4;3.461;80357.649
1565596800000;3.466;3.521;3.431;3.439;38633.856
1565600400000;3.443;3.511;3.43;3.489;21788.812
1565604000000;3.489;3.489;3.44;3.47;15378.783
1565607600000;3.471;3.478;3.42;3.44;12266.317
1565611200000;3.433;3.454;3.39;3.445;60494.118
1565614800000;3.445;3.445;3.42;3.434;3110.698
1565618400000;3.431;3.491;3.41;3.425;27172.459
1565622000000;3.421;3.457;3.42;3.446;10295.24
1565625600000;3.442;3.442;3.356;3.386;34324.868
1565629200000;3.386;3.446;3.355;3.383;41749.918
1565632800000;3.388;3.402;3.375;3.386;3501.238
1565636400000;3.38;3.398;3.363;3.38;9535.841
1565640000000;3.389;3.402;3.375;3.391;1925.694
1565643600000;3.392;3.399;3.358;3.358;8571.198
1565647200000;3.358;3.39;3.354;3.369;7294.478
1565650800000;3.37;3.372;3.331;3.341;12008.183
1565654400000;3.341;3.345;3.321;3.333;6588.314
1565658000000;3.336;3.336;3.311;3.318;17736.424
1565661600000;3.325;3.325;3.3;3.302;16053.653
1565665200000;3.304;3.337;3.29;3.335;17422.073
1565668800000;3.333;3.349;3.318;3.318;18872.082
1565672400000;3.324;3.326;3.247;3.263;33470.344
1565676000000;3.262;3.275;3.25;3.264;16035.505
1565679600000;3.264;3.301;3.263;3.298;7083.267
1565683200000;3.301;3.31;3.288;3.297;6769.041
1565686800000;3.297;3.298;3.271;3.273;7496.593
1565690400000;3.27;3.295;3.259;3.28;11275.98
1565694000000;3.283;3.311;3.267;3.273;12320.354
1565697600000;3.271;3.301;3.271;3.284;1536.935
1565701200000;3.284;3.284;3.235;3.237;15728.218
1565704800000;3.237;3.244;3.149;3.209;58092.864
1565708400000;3.214;3.222;3.186;3.21;9157.244
1565712000000;3.206;3.231;3.152;3.158;18426.546
1565715600000;3.158;3.216;3.155;3.21;8288.181
1565719200000;3.212;3.26;3.204;3.24;6907.479
1565722800000;3.24;3.305;3.24;3.302;5503.417
1565726400000;3.305;3.307;3.267;3.267;6573.528
1565730000000;3.267;3.267;3.224;3.258;14712.231
1565733600000;3.25;3.26;3.233;3.253;4363.522
1565737200000;3.253;3.26;3.247;3.258;7119.319
1565740800000;3.253;3.258;3.222;3.223;6508.075
1565744400000;3.222;3.222;3.168;3.188;7460.085
1565748000000;3.192;3.234;3.172;3.234;34035.641
1565751600000;3.232;3.264;3.232;3.256;26768.941
1565755200000;3.256;3.297;3.238;3.243;12527.111
1565758800000;3.243;3.26;3.235;3.249;6942.632
1565762400000;3.253;3.269;3.249;3.25;6415.576
1565766000000;3.256;3.263;3.236;3.248;4986.35
1565769600000;3.247;3.249;3.194;3.198;7799.827
1565773200000;3.195;3.211;3.155;3.193;22571.786
1565776800000;3.19;3.205;3.178;3.191;8714.206
1565780400000;3.183;3.189;3.155;3.189;5033.837
1565784000000;3.191;3.204;3.177;3.187;4203.987
1565787600000;3.173;3.181;3.136;3.139;24692.462
1565791200000;3.14;3.157;3.119;3.156;26941.102
1565794800000;3.156;3.202;3.143;3.189;17468.626
1565798400000;3.202;3.23;3.091;3.12;31993.358
1565802000000;3.119;3.121;2.958;3.029;83528.365
1565805600000;3.016;3.028;2.997;3.009;32372.919
1565809200000;3.009;3.009;2.988;2.989;10083.179
1565812800000;2.994;3.02;2.936;2.957;38088.373
1565816400000;2.957;2.981;2.957;2.966;6481.307
1565820000000;2.971;3.025;2.968;3.018;5340.497
1565823600000;3.027;3.027;2.848;2.861;29350.346
1565827200000;2.865;2.926;2.865;2.883;33646.629
1565830800000;2.885;2.885;2.862;2.876;12299.636
1565863200000;2.876;3;2.822;2.986;123535.914
1565866800000;2.987;2.996;2.94;2.968;16148.843
1565870400000;2.966;2.966;2.804;2.845;38865.329
1565874000000;2.854;2.885;2.82;2.874;11671.575
1565877600000;2.88;2.891;2.849;2.861;5447.589
1565881200000;2.861;2.924;2.856;2.915;12028.496
1565884800000;2.917;2.93;2.856;2.88;14548.52
1565888400000;2.883;2.886;2.837;2.869;10900.688
1565892000000;2.874;2.904;2.874;2.894;2839.58
1565895600000;2.891;2.908;2.883;2.906;4370.557
1565899200000;2.908;2.95;2.895;2.918;19457.996
1565902800000;2.922;2.929;2.894;2.921;6247.231
1565906400000;2.917;2.943;2.9;2.906;6762.922
1565910000000;2.913;2.95;2.854;2.898;29966.793
1565913600000;2.895;2.977;2.88;2.933;44892.273
1565917200000;2.939;3.009;2.938;2.953;21355.296
1565920800000;2.953;3.008;2.941;2.969;25210.117
1565924400000;2.97;2.999;2.916;2.92;15366.115
1565928000000;2.92;2.92;2.854;2.863;11355.536
1565931600000;2.863;2.865;2.808;2.831;44970.813
1565935200000;2.836;2.896;2.816;2.89;20138.189
1565938800000;2.89;2.904;2.852;2.87;6520.092
1565942400000;2.871;2.926;2.851;2.913;12100.297
1565946000000;2.922;2.941;2.9;2.907;6567.443
1565949600000;2.909;2.972;2.905;2.951;17237.549
1565953200000;2.951;3.024;2.874;2.96;83765.484
1565956800000;2.959;2.97;2.919;2.95;7938.276
1565960400000;2.951;2.968;2.929;2.955;7498.685
1565964000000;2.96;2.96;2.925;2.925;11438.681
1565967600000;2.932;2.998;2.915;2.921;21771.751
1565971200000;2.917;2.946;2.903;2.913;5761.403
1565974800000;2.92;3.004;2.902;2.982;32718.569
1565978400000;2.982;2.993;2.954;2.963;10613.064
1565982000000;2.955;2.998;2.955;2.99;9934.359
1565985600000;2.996;2.999;2.921;2.925;27854.685
1565989200000;2.927;2.936;2.922;2.924;6163.539
1565992800000;2.925;2.943;2.871;2.912;18075.463
1565996400000;2.907;2.915;2.88;2.882;9459.761
1566000000000;2.89;2.89;2.844;2.855;12763.994
1566003600000;2.855;2.886;2.852;2.884;3941.695
1566007200000;2.877;2.888;2.848;2.859;4226.403
1566010800000;2.856;2.889;2.855;2.879;1704.514
1566014400000;2.876;2.886;2.863;2.87;7189.685
1566018000000;2.875;2.875;2.828;2.851;20495.802
1566021600000;2.852;2.87;2.852;2.861;6963.566
1566025200000;2.865;2.866;2.864;2.865;1367.475
1566028800000;2.864;2.89;2.857;2.858;13568.216
1566032400000;2.865;2.894;2.861;2.89;4318.177
1566036000000;2.885;2.9;2.882;2.889;10381.52
1566039600000;2.883;2.9;2.878;2.896;9077.808
1566043200000;2.896;2.9;2.857;2.857;11240.757
1566046800000;2.852;2.876;2.85;2.869;5447.821
1566050400000;2.869;2.87;2.85;2.852;3945.77
1566054000000;2.852;2.864;2.844;2.851;8272.198
1566057600000;2.859;2.872;2.852;2.858;2357.022
1566061200000;2.854;2.86;2.836;2.836;7968.709
1566064800000;2.833;2.87;2.831;2.858;8528.044
1566068400000;2.854;2.885;2.854;2.865;3296.031
1566072000000;2.857;2.861;2.846;2.846;505.289
1566075600000;2.859;2.877;2.833;2.85;6663.223
1566079200000;2.864;2.884;2.86;2.884;1803.457
1566082800000;2.885;2.91;2.875;2.91;5412.981
1566086400000;2.91;2.926;2.899;2.901;5231.325
1566090000000;2.903;2.903;2.867;2.877;5768.948
1566093600000;2.874;2.886;2.867;2.886;1553.359
1566097200000;2.883;2.883;2.867;2.867;1614.523
1566100800000;2.874;2.875;2.864;2.872;590.845
1566104400000;2.87;2.876;2.863;2.869;1449.642
1566108000000;2.87;2.879;2.869;2.879;2631.841
1566111600000;2.879;2.879;2.865;2.865;4624.652
1566115200000;2.865;2.868;2.863;2.863;1997.977
1566118800000;2.863;2.882;2.862;2.872;5849.01
1566122400000;2.872;2.931;2.868;2.93;9242.139
1566126000000;2.939;2.946;2.92;2.926;15913.235
1566129600000;2.926;2.959;2.926;2.949;7919.818
1566133200000;2.95;2.96;2.921;2.949;23824.003
1566136800000;2.947;2.96;2.92;2.924;11532.65
1566140400000;2.924;2.942;2.922;2.935;8621.069
1566144000000;2.935;2.97;2.935;2.965;4208.081
1566147600000;2.965;2.97;2.928;2.944;9695.109
1566151200000;2.94;2.964;2.939;2.949;2081.514
1566154800000;2.948;2.956;2.937;2.937;585.03
1566158400000;2.935;2.951;2.932;2.941;2174.77
1566162000000;2.941;2.952;2.936;2.949;6464.933
1566165600000;2.951;2.984;2.948;2.983;20824.047
1566169200000;2.983;2.984;2.961;2.971;4640.886
1566172800000;2.972;2.972;2.922;2.935;8147.4
1566176400000;2.935;2.945;2.927;2.927;6905.812
1566180000000;2.931;2.951;2.927;2.944;5976.801
1566183600000;2.94;2.942;2.931;2.937;4449.446
1566187200000;2.933;2.934;2.752;2.869;198456.442
1566190800000;2.87;2.874;2.85;2.865;20141.414
1566194400000;2.865;2.913;2.855;2.904;26967.323
1566198000000;2.904;2.942;2.9;2.926;49734.248
1566201600000;2.927;2.943;2.915;2.942;7641.901
1566205200000;2.945;2.948;2.925;2.941;12850.184
1566208800000;2.94;2.966;2.94;2.949;11539.188
1566212400000;2.949;2.966;2.908;2.918;47953.963
1566216000000;2.915;2.927;2.885;2.906;15340.106
1566219600000;2.902;2.92;2.857;2.86;107633.663
1566223200000;2.859;2.892;2.85;2.888;38303.75
1566226800000;2.884;2.891;2.868;2.88;21399.95
1566230400000;2.881;2.89;2.848;2.867;12321.84
1566234000000;2.865;2.878;2.863;2.878;2494.076
1566237600000;2.878;2.891;2.872;2.881;8600.917
1566241200000;2.881;2.897;2.859;2.871;7599.655
1566244800000;2.878;2.885;2.865;2.879;2663.794
1566248400000;2.879;2.888;2.862;2.888;3212.485
1566252000000;2.888;2.906;2.883;2.898;14470.815
1566255600000;2.895;2.919;2.884;2.892;18369.24
1566259200000;2.891;2.896;2.875;2.887;7067.127
1566262800000;2.888;2.894;2.872;2.883;6237.109
1566266400000;2.882;2.883;2.85;2.865;12857.787
1566270000000;2.862;2.865;2.842;2.847;12865.114
1566273600000;2.843;2.85;2.839;2.844;3912.966
1566277200000;2.849;2.851;2.84;2.84;3444.72
1566280800000;2.841;2.842;2.823;2.842;10020.171
1566284400000;2.841;2.855;2.838;2.85;9849.331
1566288000000;2.847;2.848;2.814;2.817;8494.426
1566291600000;2.815;2.815;2.753;2.798;59030.701
1566295200000;2.798;2.799;2.779;2.779;5798.968
1566298800000;2.778;2.789;2.777;2.785;7377.641
1566302400000;2.788;2.813;2.777;2.808;16058.319
1566306000000;2.808;2.833;2.808;2.827;5016.526
1566309600000;2.825;2.834;2.798;2.815;11774.155
1566313200000;2.821;2.825;2.807;2.819;7762.01
1566316800000;2.819;2.849;2.819;2.847;8994.585
1566320400000;2.849;2.911;2.849;2.906;16748.236
1566324000000;2.907;2.911;2.881;2.889;11317
1566327600000;2.883;2.892;2.881;2.882;1520.813
1566331200000;2.884;2.912;2.86;2.908;7848.687
1566334800000;2.912;2.925;2.888;2.899;11312.288
1566338400000;2.899;2.902;2.89;2.895;2929.944
1566342000000;2.901;2.901;2.866;2.866;4214.166
1566345600000;2.876;2.876;2.85;2.85;9462.85
1566349200000;2.85;2.85;2.814;2.824;6823.964
1566352800000;2.824;2.837;2.783;2.79;5885.173
1566356400000;2.795;2.796;2.732;2.747;18857.162
1566360000000;2.746;2.748;2.724;2.744;16954.118
1566363600000;2.74;2.778;2.738;2.774;7118.437
1566367200000;2.777;2.778;2.738;2.753;6443.249
1566370800000;2.757;2.773;2.738;2.738;9961.639
1566374400000;2.738;2.744;2.723;2.727;9034.05
1566378000000;2.728;2.732;2.719;2.728;8531.097
1566381600000;2.724;2.725;2.7;2.7;5527.891
1566385200000;2.702;2.718;2.69;2.699;11899.006
1566388800000;2.699;2.7;2.598;2.608;42158.729
1566392400000;2.608;2.63;2.601;2.623;19679.743
1566396000000;2.62;2.647;2.619;2.631;9236.015
1566399600000;2.63;2.634;2.607;2.607;5340.84
1566403200000;2.607;2.665;2.587;2.655;21299.906
1566406800000;2.654;2.659;2.651;2.654;6279.072
1566410400000;2.659;2.667;2.653;2.662;8327.137
1566414000000;2.664;2.682;2.664;2.679;9009.097
1566417600000;2.682;2.705;2.68;2.683;7135.175
1566421200000;2.682;2.688;2.654;2.654;8847.628
1566424800000;2.654;2.658;2.645;2.655;2113.409
1566428400000;2.655;2.671;2.648;2.667;2287.235
1566432000000;2.672;2.684;2.651;2.654;1018.191
1566435600000;2.658;2.658;2.595;2.602;9041.784
1566439200000;2.599;2.62;2.569;2.614;14230.63
1566442800000;2.614;2.625;2.591;2.597;5384.603
1566446400000;2.596;2.627;2.581;2.621;28947.277
1566450000000;2.62;2.643;2.62;2.63;9855.035
1566453600000;2.63;2.65;2.61;2.646;8280.572
1566457200000;2.644;2.644;2.623;2.623;1591.745
1566460800000;2.623;2.624;2.606;2.606;7728.863
1566464400000;2.603;2.632;2.6;2.628;5034.89
1566468000000;2.626;2.64;2.622;2.638;19813.301
1566471600000;2.638;2.64;2.593;2.613;26076.239
1566475200000;2.614;2.661;2.614;2.647;10724.45
1566478800000;2.643;2.674;2.643;2.673;15943.903
1566482400000;2.67;2.679;2.646;2.672;4994.918
1566486000000;2.676;2.69;2.658;2.666;10881.001
1566489600000;2.666;2.69;2.654;2.689;10128.1
1566493200000;2.689;2.742;2.68;2.738;21863.526
1566496800000;2.74;2.747;2.729;2.738;9353.025
1566500400000;2.735;2.747;2.725;2.738;9365.399
1566504000000;2.741;2.743;2.709;2.712;6895.998
1566507600000;2.709;2.71;2.698;2.699;9850.165
1566511200000;2.699;2.725;2.695;2.719;8555.096
1566514800000;2.722;2.731;2.708;2.715;6457.661
1566518400000;2.712;2.712;2.676;2.697;15788.165
1566522000000;2.696;2.723;2.696;2.708;7667.332
1566525600000;2.71;2.732;2.705;2.713;15640.363
1566529200000;2.713;2.746;2.713;2.744;17360.352
1566532800000;2.744;2.746;2.739;2.745;7909.688
1566536400000;2.745;2.747;2.731;2.747;6712.938
1566540000000;2.746;2.747;2.715;2.737;7275.294
1566543600000;2.738;2.738;2.711;2.716;3593.298
1566547200000;2.715;2.735;2.711;2.726;5077.625
1566550800000;2.726;2.742;2.718;2.727;11651.981
1566554400000;2.729;2.729;2.706;2.71;5855.6
1566558000000;2.705;2.747;2.704;2.745;8288.364
1566561600000;2.736;2.747;2.736;2.742;4914.291
1566565200000;2.736;2.753;2.718;2.72;12994.669
1566568800000;2.72;2.77;2.72;2.748;19506.122
1566572400000;2.748;2.766;2.742;2.742;8971.795
1566576000000;2.747;2.747;2.65;2.7;51791.276
1566579600000;2.697;2.713;2.687;2.687;4992.519
1566583200000;2.687;2.701;2.685;2.693;5021.69
1566586800000;2.698;2.699;2.681;2.692;3253.704
1566590400000;2.692;2.711;2.648;2.679;24325.53
1566594000000;2.679;2.708;2.654;2.662;16668.265
1566597600000;2.66;2.686;2.657;2.684;8636.28
1566601200000;2.687;2.718;2.662;2.715;10987.401
1566604800000;2.711;2.718;2.705;2.711;9678.868
1566608400000;2.711;2.72;2.709;2.719;5110.614
1566612000000;2.72;2.722;2.71;2.717;6340.207
1566615600000;2.717;2.717;2.679;2.686;6106.916
1566619200000;2.686;2.701;2.686;2.697;1441.131
1566622800000;2.7;2.712;2.69;2.703;4983.675
1566626400000;2.703;2.706;2.698;2.705;12017.69
1566630000000;2.705;2.709;2.703;2.708;3308.157
1566633600000;2.708;2.709;2.673;2.673;8378.165
1566637200000;2.677;2.678;2.608;2.635;48978.544
1566640800000;2.63;2.636;2.601;2.601;8260.328
1566644400000;2.609;2.638;2.608;2.625;13097.634
1566648000000;2.625;2.629;2.619;2.623;2306.534
1566651600000;2.623;2.628;2.619;2.619;1940.88
1566655200000;2.621;2.628;2.619;2.628;1989.447
1566658800000;2.628;2.629;2.618;2.621;2693.307
1566662400000;2.621;2.635;2.62;2.629;5578.879
1566666000000;2.629;2.632;2.616;2.627;8543.473
1566669600000;2.629;2.672;2.629;2.66;9244.083
1566673200000;2.657;2.685;2.655;2.684;16568.311
1566676800000;2.686;2.698;2.679;2.698;18271.536
1566680400000;2.695;2.704;2.684;2.704;2946.49
1566684000000;2.699;2.726;2.683;2.704;16952.567
1566687600000;2.71;2.711;2.688;2.694;4566.561
1566691200000;2.694;2.707;2.677;2.706;10891.143
1566694800000;2.691;2.701;2.688;2.689;2945.649
1566698400000;2.684;2.687;2.673;2.679;2134.23
1566702000000;2.676;2.685;2.674;2.683;656.63
1566705600000;2.686;2.726;2.68;2.708;5911.743
1566709200000;2.715;2.722;2.704;2.709;8278.204
1566712800000;2.713;2.717;2.698;2.711;4095.197
1566716400000;2.707;2.712;2.699;2.704;2527.71
1566720000000;2.705;2.705;2.681;2.691;4377.747
1566723600000;2.686;2.7;2.685;2.7;1169.551
1566727200000;2.703;2.725;2.698;2.711;13400.425
1566730800000;2.709;2.72;2.705;2.708;4423.007
1566734400000;2.705;2.738;2.703;2.723;17494.091
1566738000000;2.726;2.73;2.68;2.695;12851.476
1566741600000;2.695;2.701;2.633;2.644;25568.296
1566745200000;2.644;2.672;2.639;2.648;20578.312
1566748800000;2.644;2.658;2.625;2.64;21617.099
1566752400000;2.641;2.642;2.63;2.63;8305.314
1566756000000;2.636;2.64;2.633;2.639;3927.924
1566759600000;2.637;2.643;2.62;2.629;6008.99
1566763200000;2.629;2.643;2.617;2.63;13976.613
1566766800000;2.634;2.652;2.609;2.622;4136.322
1566770400000;2.614;2.642;2.614;2.637;3790.376
1566774000000;2.634;2.634;2.611;2.617;6775.64
1566777600000;2.62;2.696;2.62;2.67;30825.292
1566781200000;2.671;2.679;2.66;2.663;3353.54
1566784800000;2.667;2.701;2.664;2.683;8264.511
1566788400000;2.686;2.691;2.655;2.658;5188.722
1566792000000;2.669;2.686;2.669;2.674;3736.318
1566795600000;2.67;2.67;2.645;2.663;1688.523
1566799200000;2.665;2.667;2.651;2.665;2053.084
1566802800000;2.666;2.671;2.65;2.652;3940.629
1566806400000;2.652;2.659;2.643;2.644;3686.388
1566810000000;2.654;2.659;2.646;2.655;1838.785
1566813600000;2.659;2.662;2.631;2.645;15882.893
1566817200000;2.645;2.646;2.637;2.637;5921.591
1566820800000;2.638;2.641;2.62;2.628;4315.022
1566824400000;2.623;2.652;2.608;2.645;13402.14
1566828000000;2.649;2.649;2.633;2.646;4666.157
1566831600000;2.651;2.654;2.631;2.636;7442.973
1566835200000;2.63;2.641;2.617;2.634;6095.126
1566838800000;2.631;2.64;2.63;2.64;3999.32
1566842400000;2.64;2.64;2.629;2.629;2370.11
1566846000000;2.625;2.641;2.612;2.625;9932.194
1566849600000;2.625;2.625;2.601;2.622;4198.843
1566853200000;2.622;2.623;2.586;2.606;12212.247
1566856800000;2.606;2.618;2.605;2.609;2038.402
1566860400000;2.609;2.624;2.609;2.616;1756.072
1566864000000;2.622;2.642;2.618;2.625;3810.052
1566867600000;2.628;2.628;2.604;2.604;1884.92
1566871200000;2.604;2.604;2.546;2.555;24578.853
1566874800000;2.552;2.557;2.536;2.536;9937.233
1566878400000;2.538;2.559;2.538;2.557;5136.243
1566882000000;2.557;2.569;2.557;2.569;6377.003
1566885600000;2.569;2.569;2.555;2.557;9547.956
1566889200000;2.559;2.559;2.536;2.543;8137.606
1566892800000;2.543;2.564;2.51;2.526;16269.761
1566896400000;2.527;2.529;2.515;2.522;3400.968
1566900000000;2.522;2.535;2.522;2.527;2548.707
1566903600000;2.527;2.532;2.52;2.527;7463.854
1566907200000;2.52;2.52;2.5;2.513;8814.133
1566910800000;2.513;2.542;2.512;2.53;16217.283
1566914400000;2.533;2.541;2.526;2.538;4642.986
1566918000000;2.54;2.54;2.525;2.536;10712.654
1566921600000;2.536;2.54;2.528;2.53;4244.457
1566925200000;2.536;2.551;2.531;2.549;1910.413
1566928800000;2.55;2.604;2.546;2.584;45418.658
1566932400000;2.575;2.578;2.572;2.573;2947.241
1566936000000;2.569;2.583;2.568;2.579;1353.455
1566939600000;2.58;2.584;2.57;2.575;3030.84
1566943200000;2.574;2.577;2.566;2.569;698.23
1566946800000;2.571;2.573;2.567;2.567;2016.307
1566950400000;2.568;2.569;2.544;2.551;1536.41
1566954000000;2.552;2.554;2.537;2.537;4052.735
1566957600000;2.537;2.54;2.513;2.519;22763.13
1566961200000;2.524;2.531;2.49;2.495;26080.479
1566964800000;2.503;2.51;2.499;2.499;7955.973
1566968400000;2.497;2.497;2.433;2.447;58186.873
1566972000000;2.448;2.478;2.448;2.47;16583.942
1566975600000;2.469;2.472;2.452;2.46;8519.608
1566979200000;2.456;2.463;2.441;2.446;6675.678
1566982800000;2.445;2.478;2.445;2.476;6468.277
1566986400000;2.476;2.476;2.461;2.466;1698.657
1566990000000;2.469;2.475;2.456;2.456;4749.003
1566993600000;2.456;2.461;2.439;2.44;8437.809
1566997200000;2.447;2.545;2.426;2.501;95006.148
1567000800000;2.5;2.501;2.461;2.496;27906.674
1567004400000;2.501;2.6;2.499;2.6;51259.294
1567008000000;2.6;2.617;2.553;2.562;16246.172
1567011600000;2.562;2.582;2.56;2.56;7194.059
1567015200000;2.56;2.56;2.39;2.436;95083.088
1567018800000;2.435;2.439;2.315;2.366;73425.486
1567022400000;2.366;2.415;2.342;2.353;22124.874
1567026000000;2.346;2.376;2.322;2.34;22572.375
1567029600000;2.34;2.34;2.315;2.332;16325.61
1567033200000;2.332;2.362;2.313;2.322;31810.878
1567036800000;2.326;2.333;2.267;2.311;76005.753
1567040400000;2.311;2.318;2.242;2.255;31824.177
1567044000000;2.256;2.263;2.22;2.263;16087.216
1567047600000;2.258;2.26;2.2;2.226;44663.375
1567051200000;2.224;2.23;2.2;2.217;22419.565
1567054800000;2.216;2.226;2.203;2.213;10538.504
1567058400000;2.215;2.23;2.193;2.215;17924.94
1567062000000;2.222;2.231;2.161;2.171;40472.504
1567065600000;2.177;2.21;2.177;2.2;16973.744
1567069200000;2.203;2.277;2.203;2.277;19128.929
1567072800000;2.275;2.288;2.186;2.193;30078.032
1567076400000;2.191;2.213;2.18;2.181;14427.257
1567080000000;2.183;2.194;2.137;2.168;44640.135
1567083600000;2.168;2.178;2.167;2.176;6443.845
1567087200000;2.178;2.178;2.154;2.159;6066.516
1567090800000;2.158;2.205;2.158;2.184;32699.786
1567094400000;2.184;2.199;2.158;2.164;18661.082
1567098000000;2.161;2.218;2.158;2.215;52861.935
1567101600000;2.21;2.236;2.21;2.227;13859.669
1567105200000;2.224;2.228;2.189;2.197;22085.238
1567108800000;2.197;2.216;2.192;2.216;5477.75
1567112400000;2.215;2.218;2.201;2.206;3946.265
1567116000000;2.205;2.206;2.197;2.2;5760.631
1567119600000;2.2;2.2;2.15;2.161;60012.182
1567123200000;2.16;2.21;2.157;2.175;11031.719
1567126800000;2.171;2.171;2.086;2.113;19601.524
1567130400000;2.11;2.115;2.096;2.107;6082.351
1567134000000;2.109;2.129;2.092;2.12;17843.831
1567137600000;2.12;2.156;2.114;2.149;21584.896
1567141200000;2.15;2.168;2.148;2.166;6372.445
1567144800000;2.161;2.19;2.154;2.154;17459.603
1567148400000;2.158;2.176;2.154;2.154;8023.778
1567152000000;2.155;2.172;2.15;2.164;13742.607
1567155600000;2.164;2.197;2.157;2.191;14209.647
1567159200000;2.192;2.211;2.191;2.2;27353.957
1567162800000;2.201;2.221;2.197;2.215;13089.779
1567166400000;2.216;2.217;2.206;2.208;4618.994
1567170000000;2.208;2.23;2.19;2.203;43128.816
1567173600000;2.2;2.208;2.192;2.2;3684.373
1567177200000;2.2;2.222;2.19;2.218;32803.432
1567180800000;2.218;2.221;2.171;2.181;16201.217
1567184400000;2.179;2.179;2.161;2.165;4712.438
1567188000000;2.164;2.173;2.161;2.166;5642.143
1567191600000;2.166;2.179;2.15;2.179;14169.227
1567195200000;2.178;2.197;2.164;2.168;3624.302
1567198800000;2.164;2.169;2.16;2.16;5235.194
1567202400000;2.163;2.168;2.154;2.156;4513.728
1567206000000;2.154;2.167;2.148;2.153;9545.442
1567209600000;2.152;2.161;2.14;2.141;5153.823
1567213200000;2.144;2.15;2.136;2.136;4282.494
1567216800000;2.136;2.142;2.132;2.132;2767.172
1567220400000;2.132;2.135;2.12;2.121;10057.436
1567224000000;2.125;2.135;2.119;2.13;5790.799
1567227600000;2.13;2.151;2.119;2.14;37192.248
1567231200000;2.141;2.146;2.12;2.12;12112.903
1567234800000;2.119;2.127;2.115;2.118;4267.847
1567238400000;2.116;2.116;2.054;2.066;107750.477
1567242000000;2.068;2.074;2.039;2.047;47613.937
1567245600000;2.05;2.055;2.044;2.053;21378.727
1567249200000;2.054;2.055;2.038;2.046;7392.911
1567252800000;2.046;2.067;2.044;2.067;11308.448
1567256400000;2.068;2.083;2.044;2.056;44042.59
1567260000000;2.054;2.061;2.046;2.061;13296.042
1567263600000;2.059;2.097;2.05;2.075;20538.188
1567267200000;2.079;2.079;2.045;2.046;14891.077
1567270800000;2.048;2.061;2.048;2.056;6457.228
1567274400000;2.056;2.059;2.028;2.028;21636.327
1567278000000;2.027;2.032;1.989;1.997;48542.311
1567281600000;2.001;2.1;1.978;2;139163.402
1567285200000;1.996;2.048;1.986;2.048;32814.033
1567288800000;2.05;2.061;2.025;2.028;51847.495
1567292400000;2.034;2.035;2.014;2.017;34926.815
1567296000000;2.018;2.027;2.011;2.014;11247.535
1567299600000;2.014;2.039;2.013;2.021;11154.765
1567303200000;2.022;2.023;2.014;2.014;10406.586
1567306800000;2.016;2.017;2.003;2.011;5412.889
1567310400000;2.011;2.038;2.009;2.023;29413.239
1567314000000;2.022;2.026;2.003;2.008;5276.53
1567317600000;2.009;2.016;2.003;2.012;4418.894
1567321200000;2.012;2.028;2.01;2.028;9813.217
1567324800000;2.028;2.05;2.002;2.033;56649.965
1567328400000;2.033;2.033;2.007;2.03;24075.282
1567332000000;2.03;2.078;2.029;2.071;23100.967
1567335600000;2.07;2.103;2.046;2.095;30869.056
1567339200000;2.094;2.094;2.042;2.054;21791.819
1567342800000;2.054;2.062;2.034;2.035;7976.05
1567346400000;2.037;2.054;2.037;2.047;4835.159
1567350000000;2.047;2.093;2.047;2.093;16681.339
1567353600000;2.094;2.1;2.055;2.078;11957.724
1567357200000;2.073;2.117;2.073;2.11;37053.94
1567360800000;2.107;2.116;2.094;2.11;5048.373
1567364400000;2.116;2.203;2.111;2.2;56577.852
1567368000000;2.198;2.239;2.163;2.196;94307.973
1567371600000;2.196;2.21;2.141;2.16;78084.657
1567375200000;2.16;2.161;2.135;2.14;15489.628
1567378800000;2.138;2.14;2.109;2.129;28671.236
1567382400000;2.123;2.127;2.085;2.09;17741.643
1567386000000;2.093;2.093;2.074;2.082;9771.229
1567389600000;2.078;2.087;2.064;2.082;25010.255
1567393200000;2.077;2.099;2.077;2.078;9054.234
1567396800000;2.078;2.112;2.078;2.112;6173.159
1567400400000;2.108;2.142;2.1;2.1;19802.343
1567404000000;2.099;2.109;2.078;2.079;6807.33
1567407600000;2.076;2.082;2.06;2.064;18876.939
1567411200000;2.064;2.088;2.064;2.088;7775.918
1567414800000;2.088;2.099;2.079;2.094;6827.028
1567418400000;2.096;2.1;2.078;2.089;7300.407
1567422000000;2.089;2.132;2.08;2.116;25249.937
1567425600000;2.126;2.126;2.1;2.112;14066.853
1567429200000;2.112;2.126;2.111;2.122;17314.383
1567432800000;2.125;2.129;2.117;2.122;16384.966
1567436400000;2.121;2.125;2.1;2.101;35086.764
1567440000000;2.104;2.111;2.096;2.103;14454.99
1567443600000;2.102;2.141;2.097;2.14;18432.401
1567447200000;2.14;2.16;2.134;2.156;31782.991
1567450800000;2.156;2.162;2.152;2.156;7260.486
1567454400000;2.163;2.174;2.12;2.131;63313.207
1567458000000;2.13;2.14;2.117;2.138;14422.421
1567461600000;2.138;2.15;2.134;2.136;5119.495
1567465200000;2.136;2.15;2.116;2.122;22094.415
1567468800000;2.122;2.141;2.12;2.134;7957.069
1567472400000;2.135;2.139;2.124;2.132;6376.484
1567476000000;2.139;2.168;2.136;2.167;14421.927
1567479600000;2.166;2.197;2.164;2.177;21648.111
1567483200000;2.177;2.18;2.159;2.159;5317.087
1567486800000;2.164;2.222;2.163;2.215;31197.769
1567490400000;2.213;2.222;2.2;2.21;14849.554
1567494000000;2.212;2.212;2.168;2.188;23993.486
1567497600000;2.188;2.206;2.188;2.188;9279.191
1567501200000;2.187;2.199;2.164;2.179;27127.743
1567504800000;2.179;2.18;2.16;2.171;15832.227
1567508400000;2.167;2.191;2.167;2.185;15272.997
1567512000000;2.186;2.2;2.18;2.195;9261.301
1567515600000;2.201;2.209;2.17;2.171;19157.119
1567519200000;2.172;2.19;2.158;2.167;24526.478
1567522800000;2.168;2.182;2.166;2.178;4481.719
1567526400000;2.181;2.182;2.158;2.172;8938.267
1567530000000;2.171;2.171;2.146;2.148;16700.518
1567533600000;2.148;2.165;2.142;2.153;6642.22
1567537200000;2.155;2.2;2.155;2.187;16130.912
1567540800000;2.189;2.194;2.185;2.193;4230.068
1567544400000;2.2;2.2;2.176;2.176;1370.145
1567548000000;2.181;2.188;2.176;2.186;1160.912
1567551600000;2.188;2.188;2.142;2.156;15159.86
1567555200000;2.149;2.149;2.061;2.1;65625.99
1567558800000;2.1;2.112;2.089;2.106;8423.33
1567562400000;2.107;2.113;2.1;2.113;1154.17
1567566000000;2.107;2.112;2.099;2.11;8283.321
1567569600000;2.105;2.11;2.102;2.108;2979.004
1567573200000;2.108;2.108;2.06;2.079;39504.414
1567576800000;2.078;2.08;2.062;2.07;4860.186
1567580400000;2.069;2.071;2.06;2.066;9565.904
1567584000000;2.066;2.072;2.032;2.042;29869.644
1567587600000;2.044;2.07;2.033;2.062;15075.319
1567591200000;2.062;2.103;2.053;2.096;12265.883
1567594800000;2.094;2.102;2.073;2.073;10824.427
1567598400000;2.073;2.075;2.06;2.063;15083.51
1567602000000;2.062;2.064;2.005;2.034;36589.099
1567605600000;2.031;2.05;2.031;2.042;6220.02
1567609200000;2.036;2.045;2.036;2.04;12651.339
1567612800000;2.04;2.058;2.037;2.051;10605.777
1567616400000;2.049;2.071;2.048;2.067;4578.99
1567620000000;2.067;2.073;2.062;2.062;5932.96
1567623600000;2.065;2.065;2.055;2.059;3652.61
1567627200000;2.059;2.079;2.044;2.044;8801.931
1567630800000;2.048;2.053;2.041;2.046;2720.955
1567634400000;2.048;2.059;2.033;2.033;3351.775
1567638000000;2.025;2.038;2.024;2.037;3689.918
1567641600000;2.041;2.041;2.014;2.024;5075.58
1567645200000;2.024;2.025;2.019;2.025;5054.319
1567648800000;2.024;2.033;2.001;2.002;19656.345
1567652400000;2.002;2.002;1.83;1.977;206068.963
1567656000000;1.98;1.989;1.942;1.95;33739.198
1567659600000;1.951;1.977;1.944;1.97;7901.226
1567663200000;1.97;1.977;1.941;1.946;14918.388
1567666800000;1.95;1.954;1.899;1.905;109371.099
1567670400000;1.909;1.939;1.901;1.922;34076.574
1567674000000;1.923;1.947;1.92;1.931;19748.958
1567677600000;1.931;1.931;1.902;1.931;40942.24
1567681200000;1.93;1.93;1.901;1.902;31569.011
1567684800000;1.902;1.919;1.9;1.914;12238.024
1567688400000;1.914;1.927;1.908;1.927;9104.951
1567692000000;1.924;1.928;1.911;1.918;8678.236
1567695600000;1.918;1.926;1.915;1.915;11370.865
1567699200000;1.92;1.94;1.915;1.933;19355.775
1567702800000;1.933;1.981;1.931;1.966;29776.393
1567706400000;1.97;1.97;1.953;1.953;13281.482
1567710000000;1.954;1.981;1.954;1.969;10946.356
1567713600000;1.97;1.97;1.932;1.933;7786.341
1567717200000;1.934;1.938;1.928;1.932;3806.355
1567720800000;1.932;1.947;1.932;1.934;6077.773
1567724400000;1.94;1.95;1.94;1.944;8576.963
1567728000000;1.944;1.977;1.944;1.97;20041.506
1567731600000;1.971;1.981;1.956;1.979;19338.354
1567735200000;1.981;2.009;1.98;1.98;52204.214
1567738800000;1.979;1.98;1.953;1.962;14631.75
1567742400000;1.952;1.962;1.951;1.954;6743.017
1567746000000;1.97;1.995;1.97;1.978;20997.681
1567749600000;1.978;1.979;1.972;1.972;1329.821
1567753200000;1.976;1.995;1.972;1.98;9056.022
1567756800000;1.982;1.99;1.96;1.988;9631.795
1567760400000;1.99;1.995;1.972;1.986;22795.686
1567764000000;1.988;1.992;1.978;1.99;9101.893
1567767600000;1.981;2.057;1.98;2.057;52290.71
1567771200000;2.056;2.081;2.01;2.03;55876.357
1567774800000;2.027;2.027;1.998;2.019;13049.034
1567778400000;2.01;2.04;2.008;2.036;6876.291
1567782000000;2.04;2.105;2.04;2.098;89565.425
1567785600000;2.1;2.198;2.048;2.187;166450.695
1567789200000;2.186;2.249;2.089;2.115;159798.545
1567792800000;2.114;2.131;2.069;2.072;39719.635
1567796400000;2.074;2.121;2.054;2.084;69753.484
1567800000000;2.089;2.109;1.999;2.031;93321.124
1567803600000;2.035;2.036;2.009;2.028;6001.446
1567807200000;2.034;2.039;2.002;2.012;6150.397
1567810800000;2.01;2.039;2;2.035;6906.382
1567814400000;2.032;2.117;2.03;2.106;50601.045
1567818000000;2.101;2.108;2.055;2.095;43102.308
1567821600000;2.1;2.1;2.049;2.085;13593.873
1567825200000;2.09;2.093;2.042;2.046;6019.289
1567828800000;2.045;2.047;2.027;2.047;17747.914
1567832400000;2.039;2.084;2.039;2.07;8532.093
1567836000000;2.068;2.137;2.062;2.094;67226.273
1567839600000;2.1;2.129;2.099;2.129;12347.838
1567843200000;2.125;2.125;2.094;2.097;20929.694
1567846800000;2.097;2.108;2.094;2.099;3235.501
1567850400000;2.097;2.139;2.085;2.138;25013.993
1567854000000;2.139;2.197;2.122;2.192;46780.609
1567857600000;2.194;2.207;2.164;2.197;35262.104
1567861200000;2.198;2.247;2.187;2.213;111753.441
1567864800000;2.213;2.245;2.198;2.234;43361.452
1567868400000;2.241;2.256;2.181;2.251;67554.916
1567872000000;2.255;2.269;2.196;2.245;52063.985
1567875600000;2.246;2.268;2.245;2.258;19778.731
1567879200000;2.258;2.284;2.247;2.268;17555.411
1567882800000;2.263;2.266;2.197;2.208;57268.029
1567886400000;2.207;2.239;2.185;2.197;53773.112
1567890000000;2.197;2.22;2.191;2.216;8980.269
1567893600000;2.217;2.222;2.186;2.2;7598.459
1567897200000;2.2;2.2;2.153;2.16;27574.085
1567900800000;2.162;2.204;2.152;2.2;37982.123
1567904400000;2.195;2.235;2.191;2.231;22453.618
1567908000000;2.235;2.331;2.21;2.31;65188.517
1567911600000;2.304;2.363;2.303;2.363;45451.629
1567915200000;2.363;2.369;2.322;2.323;35533.508
1567918800000;2.327;2.362;2.311;2.359;22263.005
1567922400000;2.356;2.396;2.353;2.353;13401.022
1567926000000;2.36;2.363;2.32;2.334;41471.987
1567929600000;2.335;2.336;2.308;2.328;22668.502
1567933200000;2.327;2.355;2.311;2.32;8690.178
1567936800000;2.315;2.37;2.311;2.365;9966.409
1567940400000;2.366;2.943;2.269;2.607;380071.528
1567944000000;2.607;2.636;2.497;2.521;371297.425
1567947600000;2.52;2.558;2.5;2.546;66839.425
1567951200000;2.542;2.613;2.532;2.606;63182.869
1567954800000;2.599;2.599;2.503;2.546;91680.919
1567958400000;2.538;2.601;2.533;2.552;47115.291
1567962000000;2.545;2.555;2.505;2.51;13285.311
1567965600000;2.51;2.585;2.495;2.585;30537.271
1567969200000;2.585;2.609;2.579;2.599;36372.72
1567972800000;2.6;2.63;2.58;2.597;55893.573
1567976400000;2.604;2.625;2.58;2.583;25957.873
1567980000000;2.583;2.742;2.573;2.74;74649.374
1567983600000;2.74;2.74;2.664;2.727;84820.224
1567987200000;2.722;2.722;2.598;2.599;72009.514
1567990800000;2.599;2.627;2.575;2.584;40836.567
1567994400000;2.584;2.591;2.513;2.513;83080.26
1567998000000;2.514;2.547;2.48;2.524;63752.186
1568001600000;2.524;2.6;2.517;2.599;55607.505
1568005200000;2.599;2.599;2.545;2.55;16442.365
1568008800000;2.547;2.552;2.516;2.542;40618.442
1568012400000;2.54;2.54;2.429;2.479;174039.248
1568016000000;2.479;2.541;2.447;2.514;61107.123
1568019600000;2.514;2.646;2.499;2.64;63634.68
1568023200000;2.64;2.642;2.606;2.63;72453.848
1568026800000;2.627;2.88;2.596;2.807;313116.566
1568030400000;2.801;2.923;2.77;2.847;298004.204
1568034000000;2.84;2.92;2.804;2.857;132885.475
1568037600000;2.858;2.96;2.843;2.894;171913.081
1568041200000;2.894;2.899;2.814;2.825;58602.499
1568044800000;2.823;2.841;2.729;2.817;138155.15
1568048400000;2.812;2.9;2.802;2.813;116639.286
1568052000000;2.813;2.84;2.79;2.79;19123.053
1568055600000;2.796;2.855;2.784;2.829;13796.09
1568059200000;2.835;2.837;2.786;2.795;22838.448
1568062800000;2.803;2.809;2.786;2.803;4547.849
1568066400000;2.797;2.807;2.738;2.765;52090.179
1568070000000;2.759;2.774;2.725;2.736;56731.478
1568073600000;2.735;2.95;2.735;2.883;120719.874
1568077200000;2.886;2.941;2.886;2.899;24974.762
1568080800000;2.906;2.906;2.823;2.87;36478.766
1568084400000;2.873;2.89;2.784;2.831;75086.28
1568088000000;2.831;2.84;2.809;2.823;9603.367
1568091600000;2.823;2.872;2.819;2.858;25470.536
1568095200000;2.86;2.9;2.841;2.893;43451.025
1568098800000;2.894;2.899;2.855;2.86;29633.07
1568102400000;2.866;2.875;2.83;2.849;24932.701
1568106000000;2.843;2.849;2.808;2.833;15166.757
1568109600000;2.833;2.843;2.764;2.781;28348.931
1568113200000;2.779;2.798;2.742;2.786;35128.914
1568116800000;2.786;2.786;2.761;2.765;9584.628
1568120400000;2.766;2.77;2.706;2.708;42266.386
1568124000000;2.708;2.749;2.619;2.661;147771.232
1568127600000;2.659;2.719;2.62;2.658;109714.883
1568131200000;2.656;2.729;2.648;2.722;37621.537
1568134800000;2.717;2.717;2.64;2.663;40666.561
1568138400000;2.667;2.667;2.592;2.593;80819.288
1568142000000;2.599;2.599;2.497;2.585;89335.837
1568145600000;2.586;2.598;2.545;2.593;22000.532
1568149200000;2.593;2.617;2.583;2.586;22866.497
1568152800000;2.597;2.621;2.529;2.587;50531.798
1568156400000;2.586;2.608;2.55;2.584;38080.204
1568160000000;2.581;2.708;2.568;2.646;140816.786
1568163600000;2.646;2.66;2.6;2.6;24925.939
1568167200000;2.6;2.642;2.574;2.579;20945.428
1568170800000;2.587;2.63;2.587;2.609;11276.561
1568174400000;2.614;2.614;2.55;2.551;47552.89
1568178000000;2.55;2.551;2.512;2.535;31750.226
1568181600000;2.533;2.54;2.459;2.511;43175.41
1568185200000;2.512;2.53;2.495;2.529;19791.96
1568188800000;2.528;2.539;2.501;2.505;6930.83
1568192400000;2.503;2.508;2.495;2.503;16440.132
1568196000000;2.507;2.519;2.503;2.505;46800.917
1568199600000;2.505;2.531;2.502;2.51;30888.153
1568203200000;2.503;2.51;2.493;2.505;23191.323
1568206800000;2.507;2.511;2.479;2.493;25869.764
1568210400000;2.493;2.496;2.423;2.464;109069.735
1568214000000;2.463;2.466;2.422;2.425;22012.121
1568217600000;2.424;2.494;2.396;2.474;60661.32
1568221200000;2.472;2.521;2.461;2.483;46352.821
1568224800000;2.483;2.503;2.468;2.481;6099.361
1568228400000;2.48;2.489;2.478;2.479;3088.013
1568232000000;2.478;2.49;2.469;2.486;5187.786
1568235600000;2.483;2.5;2.46;2.499;13171.03
1568239200000;2.499;2.503;2.489;2.503;8853.925
1568242800000;2.502;2.573;2.494;2.565;14049.103
1568246400000;2.575;2.592;2.498;2.499;27206.501
1568250000000;2.5;2.576;2.5;2.515;30910.729
1568253600000;2.515;2.522;2.499;2.516;6257.385
1568257200000;2.524;2.542;2.523;2.542;13441.135
1568260800000;2.545;2.58;2.544;2.565;17051.083
1568264400000;2.568;2.625;2.561;2.612;26824.708
1568268000000;2.613;2.689;2.588;2.652;145314.768
1568271600000;2.652;2.667;2.597;2.605;30164.017
1568275200000;2.609;2.611;2.526;2.537;168968.979
1568278800000;2.538;2.571;2.53;2.537;23639.319
1568282400000;2.533;2.573;2.525;2.57;23228.56
1568286000000;2.569;2.577;2.557;2.57;11575.663
1568289600000;2.564;2.568;2.509;2.534;42933.015
1568293200000;2.537;2.605;2.53;2.6;30651.445
1568296800000;2.607;2.696;2.597;2.694;57556.773
1568300400000;2.694;3.1;2.694;3.039;526226.426
1568304000000;3.036;3.039;2.89;2.908;193517.847
1568307600000;2.91;2.958;2.891;2.91;46096.247
1568311200000;2.915;3.073;2.911;2.96;195968.662
1568314800000;2.96;3;2.925;2.977;51935.109
1568318400000;2.977;3.136;2.969;3.06;111722.009
1568322000000;3.063;3.209;3.054;3.134;167620.168
1568325600000;3.136;3.152;2.995;3.06;125787.912
1568329200000;3.057;3.14;3.057;3.069;95882.244
1568332800000;3.078;3.19;3.068;3.19;72324.691
1568336400000;3.19;3.29;3.178;3.248;218513.516
1568340000000;3.256;3.256;3.089;3.148;105442.038
1568343600000;3.149;3.194;3.103;3.142;47719.571
1568347200000;3.143;3.201;3.133;3.134;37086.275
1568350800000;3.137;3.137;2.985;3.049;113553.908
1568354400000;3.05;3.1;3.042;3.097;60986.458
1568358000000;3.094;3.108;3.09;3.09;34241.029
1568361600000;3.09;3.16;3.09;3.111;86437.171
1568365200000;3.112;3.152;3.098;3.136;14907.4
1568368800000;3.129;3.14;3.091;3.092;21506.984
1568372400000;3.092;3.109;3.053;3.064;51324.023
1568376000000;3.071;3.198;3.067;3.18;110518.013
1568379600000;3.18;3.268;3.131;3.268;95433.806
1568383200000;3.267;3.301;3.167;3.219;140771.449
1568386800000;3.217;3.259;3.1;3.118;177085.915
1568390400000;3.121;3.179;3.084;3.1;65518.913
1568394000000;3.105;3.149;3.051;3.124;44160.453
1568397600000;3.124;3.13;3.055;3.058;17866.87
1568401200000;3.058;3.083;3.051;3.065;21641.565
1568404800000;3.059;3.126;2.99;3.1;67811.185
1568408400000;3.101;3.156;3.089;3.153;45180.926
1568412000000;3.153;3.185;3.141;3.172;36080.196
1568415600000;3.172;3.178;3.1;3.171;70895.492
1568419200000;3.171;3.199;3.101;3.122;28662.36
1568422800000;3.113;3.113;3.072;3.089;26933.643
1568426400000;3.084;3.149;3.074;3.08;27051.911
1568430000000;3.079;3.09;3.058;3.072;8449.929
1568433600000;3.072;3.081;3.066;3.067;9208.723
1568437200000;3.074;3.133;3.062;3.114;11450.608
1568440800000;3.114;3.114;3.085;3.086;4484.735
1568444400000;3.086;3.12;3.086;3.111;8793.124
1568448000000;3.108;3.112;3.059;3.074;67190.47
1568451600000;3.074;3.079;3;3.029;96352.055
1568455200000;3.03;3.079;2.998;3.037;39075.927
1568458800000;3.031;3.031;3.018;3.026;9004.718
1568462400000;3.03;3.04;3;3.014;40084.661
1568466000000;3.013;3.2;2.979;3.195;109761.733
1568469600000;3.189;3.24;3.147;3.187;142171.563
1568473200000;3.187;3.207;3.154;3.206;38994.35
1568476800000;3.2;3.212;3.155;3.207;18938.218
1568480400000;3.207;3.22;3.153;3.187;34787.599
1568484000000;3.194;3.194;3.13;3.132;57928.716
1568487600000;3.132;3.132;3.113;3.125;22945.135
1568491200000;3.125;3.134;3.12;3.134;16514.128
1568494800000;3.134;3.134;3.092;3.132;35816.42
1568498400000;3.12;3.135;3.12;3.135;6894.47
1568502000000;3.135;3.135;3.094;3.103;15694.584
1568505600000;3.103;3.205;3.096;3.205;66457.961
1568509200000;3.203;3.269;3.164;3.21;74166.291
1568512800000;3.209;3.25;3.205;3.233;10396.554
1568516400000;3.23;3.245;3.206;3.245;10034.555
1568520000000;3.243;3.396;3.237;3.379;113900.732
1568523600000;3.376;3.45;3.375;3.424;110561.666
1568527200000;3.427;3.427;3.375;3.413;27103.457
1568530800000;3.418;3.423;3.38;3.408;26358.707
1568534400000;3.415;3.565;3.411;3.496;199725.079
1568538000000;3.495;3.498;3.38;3.397;200910.55
1568541600000;3.396;3.471;3.377;3.459;73478.137
1568545200000;3.459;3.468;3.412;3.415;15085.839
1568548800000;3.412;3.425;3.383;3.424;19571.514
1568552400000;3.427;3.452;3.391;3.412;41854.672
1568556000000;3.41;3.418;3.364;3.375;21212.465
1568559600000;3.375;3.424;3.363;3.399;17836.478
1568563200000;3.414;3.462;3.414;3.454;25367.503
1568566800000;3.459;3.494;3.423;3.485;44918.276
1568570400000;3.485;3.494;3.447;3.45;26912.924
1568574000000;3.445;3.495;3.426;3.437;66943.14
1568577600000;3.439;3.451;3.405;3.41;22455.721
1568581200000;3.409;3.445;3.399;3.431;10695.557
1568584800000;3.44;3.456;3.42;3.434;6450.17
1568588400000;3.428;3.434;3.415;3.433;5408.501
1568592000000;3.43;3.558;3.429;3.543;72096.281
1568595600000;3.547;3.564;3.482;3.538;82369.596
1568599200000;3.538;3.542;3.501;3.538;23940.47
1568602800000;3.54;3.549;3.5;3.514;28984.106
1568606400000;3.514;3.519;3.499;3.519;40349.586
1568610000000;3.518;3.543;3.512;3.54;27513.178
1568613600000;3.54;3.551;3.513;3.519;25471.872
1568617200000;3.519;3.531;3.468;3.478;54775.762
1568620800000;3.481;3.513;3.415;3.42;37069.355
1568624400000;3.43;3.431;3.339;3.339;90436.592
1568628000000;3.339;3.339;3.238;3.301;199811.378
1568631600000;3.3;3.311;3.229;3.248;141008.529
1568635200000;3.234;3.234;3.147;3.214;199517.418
1568638800000;3.211;3.249;3.18;3.205;78563.219
1568642400000;3.205;3.253;3.181;3.205;74947.479
1568646000000;3.205;3.245;3.205;3.23;31315.546
1568649600000;3.221;3.28;3.194;3.257;69804.083
1568653200000;3.259;3.283;3.259;3.283;20888.451
1568656800000;3.283;3.285;3.233;3.274;29930.983
1568660400000;3.274;3.29;3.154;3.238;62232.125
1568664000000;3.237;3.28;3.231;3.274;11917.527
1568667600000;3.276;3.32;3.276;3.311;30647.549
1568671200000;3.311;3.35;3.307;3.323;28040.012
1568674800000;3.317;3.333;3.29;3.329;17870.947
1568678400000;3.329;3.346;3.261;3.271;25942.861
1568682000000;3.273;3.317;3.262;3.275;22990.464
1568685600000;3.275;3.278;3.217;3.236;46292.826
1568689200000;3.236;3.302;3.222;3.302;26685.818
1568692800000;3.301;3.351;3.28;3.334;61743.201
1568696400000;3.335;3.345;3.285;3.306;32758.186
1568700000000;3.3;3.334;3.238;3.257;59906.631
1568703600000;3.259;3.3;3.256;3.285;31617.081
1568707200000;3.286;3.291;3.206;3.245;44930.83
1568710800000;3.241;3.258;3.216;3.255;29403.804
1568714400000;3.256;3.266;3.227;3.256;10275.731
1568718000000;3.259;3.263;3.244;3.255;10221.384
1568721600000;3.255;3.276;3.22;3.223;49523.598
1568725200000;3.225;3.45;3.188;3.395;228904.882
1568728800000;3.393;3.437;3.364;3.398;69913.432
1568732400000;3.405;3.414;3.365;3.369;26210.297
1568736000000;3.369;3.4;3.335;3.394;65497.461
1568739600000;3.391;3.392;3.366;3.375;17772.998
1568743200000;3.377;3.385;3.37;3.37;13531.367
1568746800000;3.367;3.411;3.366;3.405;24588.074
1568750400000;3.404;3.421;3.37;3.375;21875.662
1568754000000;3.375;3.398;3.336;3.343;26457.06
1568757600000;3.343;3.35;3.311;3.346;25388.535
1568761200000;3.346;3.353;3.268;3.29;28276.653
1568764800000;3.288;3.328;3.274;3.32;14111.791
1568768400000;3.325;3.336;3.286;3.308;24176.95
1568772000000;3.314;3.316;3.295;3.31;11374.432
1568775600000;3.317;3.317;3.275;3.288;24012.701
1568779200000;3.287;3.393;3.286;3.369;51910.136
1568782800000;3.367;3.4;3.349;3.369;26853.515
1568786400000;3.369;3.373;3.321;3.339;38039.059
1568790000000;3.339;3.344;3.315;3.326;27087.024
1568793600000;3.336;3.371;3.319;3.344;46515.052
1568797200000;3.344;3.346;3.295;3.319;28221.641
1568800800000;3.319;3.319;3.27;3.281;28528.413
1568804400000;3.28;3.285;3.254;3.273;34964.029
1568808000000;3.273;3.322;3.233;3.295;58115.313
1568811600000;3.288;3.4;3.259;3.379;134292.846
1568815200000;3.379;3.386;3.321;3.36;40253.474
1568818800000;3.36;3.36;3.296;3.345;29262.267
1568822400000;3.345;3.349;3.311;3.311;19028.898
1568826000000;3.313;3.343;3.31;3.324;14081.384
1568829600000;3.329;3.33;3.296;3.302;13766.595
1568833200000;3.305;3.325;3.296;3.311;9874.8
1568836800000;3.311;3.319;3.288;3.307;6086.805
1568840400000;3.304;3.335;3.3;3.318;4200.123
1568844000000;3.321;3.334;3.301;3.311;7874.37
1568847600000;3.312;3.312;3.275;3.289;17723.845
1568851200000;3.289;3.291;3.2;3.215;92869.022
1568854800000;3.22;3.221;3.125;3.15;78027.901
1568858400000;3.15;3.181;3.142;3.151;25430.232
1568862000000;3.148;3.153;3.03;3.105;121829.301
1568865600000;3.105;3.139;3.06;3.138;39762.946
1568869200000;3.132;3.15;3.113;3.12;22491.633
1568872800000;3.12;3.121;3.068;3.091;33028.287
1568876400000;3.085;3.09;3.062;3.075;11650.026
1568880000000;3.068;3.087;3.064;3.085;17845.781
1568883600000;3.088;3.138;3.085;3.109;24929.915
1568887200000;3.116;3.116;3.072;3.072;13356.363
1568890800000;3.073;3.08;3.046;3.065;18505.709
1568894400000;3.065;3.088;3.057;3.07;18498.629
1568898000000;3.078;3.088;3.001;3.002;39924.848
1568901600000;3.001;3.005;2.938;2.98;116781.673
1568905200000;2.98;2.981;2.917;2.946;113688.023
1568908800000;2.945;3.11;2.94;3.095;152821.45
1568912400000;3.091;3.131;3.067;3.088;54201.076
1568916000000;3.081;3.094;3.071;3.076;9999.704
1568919600000;3.078;3.093;3.062;3.083;25977.971
1568923200000;3.083;3.132;3.025;3.063;56375.176
1568926800000;3.061;3.099;3.052;3.085;14528.675
1568930400000;3.09;3.165;3.072;3.14;47328.036
1568934000000;3.14;3.14;3.104;3.128;15503.812
1568937600000;3.128;3.134;3.071;3.085;23018.949
1568941200000;3.088;3.182;3.088;3.143;42774.355
1568944800000;3.135;3.172;3.109;3.137;31227.754
1568948400000;3.145;3.236;3.145;3.195;28668.72
1568952000000;3.193;3.254;3.193;3.246;45221.914
1568955600000;3.246;3.247;3.184;3.226;49702.514
1568959200000;3.22;3.246;3.197;3.242;38933.088
1568962800000;3.246;3.25;3.2;3.209;31814.842
1568966400000;3.209;3.222;3.175;3.195;30195.671
1568970000000;3.195;3.195;3.148;3.156;17079.884
1568973600000;3.158;3.19;3.149;3.189;28869.425
1568977200000;3.185;3.195;3.123;3.186;32664.697
1568980800000;3.189;3.2;3.17;3.182;20319.384
1568984400000;3.18;3.18;3.135;3.139;12938.539
1568988000000;3.139;3.161;3.125;3.142;20376.649
1568991600000;3.135;3.147;3.128;3.147;5093.721
1568995200000;3.145;3.145;3.109;3.121;14811.766
1568998800000;3.116;3.126;3.048;3.087;42699.397
1569002400000;3.101;3.101;3.08;3.087;6531.874
1569006000000;3.086;3.112;3.08;3.105;4287.018
1569009600000;3.097;3.105;3.093;3.093;1008.68
1569013200000;3.099;3.102;3.078;3.085;3506.253
1569016800000;3.087;3.101;3.082;3.084;6322.17
1569020400000;3.08;3.193;3.075;3.191;30505.475
1569024000000;3.19;3.219;3.162;3.182;18332.21
1569027600000;3.182;3.276;3.179;3.253;49725.525
1569031200000;3.258;3.294;3.227;3.228;23143.991
1569034800000;3.228;3.233;3.215;3.226;6974.599
1569038400000;3.214;3.228;3.189;3.21;11936.875
1569042000000;3.2;3.252;3.193;3.235;10636.222
1569045600000;3.235;3.235;3.134;3.152;48559.532
1569049200000;3.153;3.22;3.15;3.152;28079.854
1569052800000;3.151;3.151;3.085;3.122;72335.319
1569056400000;3.124;3.126;3.058;3.08;51710.182
1569060000000;3.073;3.139;3.066;3.081;75356.133
1569063600000;3.083;3.124;3.077;3.106;11848.933
1569067200000;3.115;3.118;3.066;3.097;14805.687
1569070800000;3.088;3.098;3.061;3.09;25781.307
1569074400000;3.094;3.1;3.088;3.096;10025.835
1569078000000;3.096;3.114;3.094;3.114;6805.501
1569081600000;3.114;3.12;3.068;3.101;17769.18
1569085200000;3.1;3.102;3.043;3.043;13825.619
1569088800000;3.043;3.083;3.015;3.077;15466.752
1569092400000;3.077;3.083;3.069;3.071;1067.153
1569096000000;3.075;3.075;3.058;3.065;6758.478
1569099600000;3.063;3.067;3.048;3.048;4642.943
1569103200000;3.048;3.05;3.03;3.037;12832.742
1569106800000;3.034;3.078;3.034;3.065;7495.022
1569110400000;3.071;3.072;2.944;2.984;80342.152
1569114000000;2.989;2.99;2.75;2.892;308304.464
1569117600000;2.894;2.947;2.883;2.932;47147.951
1569121200000;2.931;2.931;2.861;2.868;47807.637
1569124800000;2.863;2.899;2.853;2.893;39387.31
1569128400000;2.894;2.945;2.894;2.924;35939.412
1569132000000;2.93;2.936;2.91;2.92;15881.581
1569135600000;2.919;2.974;2.919;2.942;23943.17
1569139200000;2.944;2.965;2.931;2.931;20246.53
1569142800000;2.93;2.948;2.898;2.944;28422.156
1569146400000;2.939;2.94;2.858;2.866;31705.92
1569150000000;2.863;2.899;2.856;2.89;18350.173
1569153600000;2.89;2.92;2.884;2.908;32900.849
1569157200000;2.908;2.915;2.877;2.905;33180.4
1569160800000;2.9;2.901;2.862;2.882;29439.378
1569164400000;2.881;2.905;2.864;2.87;15044.866
1569168000000;2.87;2.909;2.841;2.868;33689.949
1569171600000;2.873;2.875;2.8;2.829;52738.633
1569175200000;2.82;2.826;2.809;2.816;21864.399
1569178800000;2.815;2.842;2.81;2.832;22965.369
1569182400000;2.83;2.832;2.82;2.823;2590.683
1569186000000;2.822;2.865;2.808;2.865;20548.612
1569189600000;2.865;2.874;2.85;2.855;10384.622
1569193200000;2.855;2.918;2.843;2.911;19796.058
1569196800000;2.901;2.91;2.86;2.896;24248.548
1569200400000;2.895;2.895;2.872;2.884;8825.516
1569204000000;2.871;2.887;2.866;2.879;13872.199
1569207600000;2.879;2.879;2.862;2.866;5795.013
1569211200000;2.86;2.867;2.841;2.842;13122.731
1569214800000;2.841;2.843;2.821;2.825;4074.639
1569218400000;2.825;2.825;2.779;2.798;25562.391
1569222000000;2.799;2.799;2.772;2.782;21703.85
1569225600000;2.781;2.817;2.767;2.803;34919.17
1569229200000;2.808;2.82;2.803;2.819;8278.919
1569232800000;2.82;2.84;2.819;2.832;9513.338
1569236400000;2.826;2.831;2.794;2.796;7950.305
1569240000000;2.796;2.8;2.782;2.8;10551.415
1569243600000;2.794;2.796;2.753;2.755;28051.467
1569247200000;2.758;2.776;2.65;2.753;222996.419
1569250800000;2.752;2.779;2.741;2.759;24383.547
1569254400000;2.755;2.763;2.733;2.735;27672.353
1569258000000;2.736;2.759;2.711;2.719;19687.495
1569261600000;2.719;2.752;2.716;2.74;8178.613
1569265200000;2.74;2.74;2.722;2.726;2094.887
1569268800000;2.726;2.734;2.67;2.687;31643.054
1569272400000;2.689;2.692;2.594;2.674;116437.614
1569276000000;2.67;2.67;2.58;2.613;46088.423
1569279600000;2.611;2.614;2.565;2.565;18977.171
1569283200000;2.565;2.607;2.515;2.602;64872.751
1569286800000;2.602;2.664;2.585;2.594;87513.398
1569290400000;2.594;2.6;2.55;2.577;52303.112
1569294000000;2.577;2.577;2.538;2.545;21988.435
1569297600000;2.545;2.573;2.522;2.558;29768.796
1569301200000;2.558;2.599;2.558;2.598;10357.811
1569304800000;2.598;2.631;2.581;2.595;21501.554
1569308400000;2.589;2.604;2.579;2.582;7134.098
1569312000000;2.583;2.605;2.526;2.559;32920.325
1569315600000;2.564;2.566;2.525;2.547;46928.719
1569319200000;2.548;2.582;2.542;2.57;15012.448
1569322800000;2.57;2.575;2.526;2.55;26823.331
1569326400000;2.557;2.57;2.491;2.496;66551.395
1569330000000;2.496;2.496;2.455;2.465;52671.419
1569333600000;2.457;2.465;2.424;2.439;37548.605
1569337200000;2.427;2.487;2.355;2.477;90477.065
1569340800000;2.483;2.565;2.415;2.428;77706.144
1569344400000;2.422;2.434;2.411;2.411;31144.152
1569348000000;2.412;2.426;2.18;2.2;152677.149
1569351600000;2.2;2.228;1.93;2.112;215066.676
1569355200000;2.115;2.315;2.1;2.261;143115.779
1569358800000;2.262;2.315;2.201;2.262;51547.012
1569362400000;2.27;2.282;2.218;2.259;47265.943
1569366000000;2.271;2.284;2.2;2.22;44503.995
1569369600000;2.215;2.422;2.2;2.357;108985.275
1569373200000;2.372;2.422;2.358;2.415;85224.257
1569376800000;2.415;2.416;2.345;2.346;37689.58
1569380400000;2.346;2.386;2.296;2.329;41848.066
1569384000000;2.33;2.33;2.187;2.268;78484.651
1569387600000;2.278;2.279;2.242;2.267;36017.553
1569391200000;2.27;2.285;2.243;2.247;9274.3
1569394800000;2.255;2.255;2.178;2.186;63964.646
1569398400000;2.192;2.23;2.15;2.164;58128.445
1569402000000;2.155;2.22;2.141;2.207;34897.144
1569405600000;2.206;2.24;2.206;2.222;26715.533
1569409200000;2.226;2.227;2.15;2.209;47638.933
1569412800000;2.204;2.208;2.145;2.147;49379.758
1569416400000;2.149;2.199;2.122;2.159;67764.177
1569420000000;2.159;2.173;2.159;2.165;26618.503
1569423600000;2.165;2.179;2.15;2.155;20691.096
1569427200000;2.164;2.3;2.133;2.299;92287.258
1569430800000;2.292;2.4;2.292;2.317;150589.106
1569434400000;2.319;2.323;2.288;2.289;6707.107
1569438000000;2.298;2.374;2.291;2.366;43655.544
1569441600000;2.357;2.41;2.35;2.381;47288.9
1569445200000;2.382;2.393;2.362;2.379;3470.982
1569448800000;2.38;2.382;2.317;2.319;21575.648
1569452400000;2.318;2.33;2.281;2.281;23402.942
1569456000000;2.282;2.312;2.263;2.292;49656.582
1569459600000;2.291;2.291;2.248;2.251;46403.813
1569463200000;2.258;2.264;2.228;2.238;24554.304
1569466800000;2.241;2.271;2.212;2.27;46830.177
1569470400000;2.27;2.303;2.261;2.302;13860.024
1569474000000;2.301;2.331;2.288;2.29;26659.878
1569477600000;2.29;2.321;2.281;2.313;14051.734
1569481200000;2.313;2.347;2.313;2.318;18325.948
1569484800000;2.324;2.348;2.311;2.34;15013.062
1569488400000;2.338;2.341;2.257;2.298;102561.787
1569492000000;2.298;2.322;2.275;2.322;29296.423
1569495600000;2.324;2.324;2.287;2.299;12608.944
1569499200000;2.291;2.319;2.291;2.297;26303.172
1569502800000;2.3;2.304;2.186;2.248;80168.76
1569506400000;2.252;2.282;2.206;2.222;70016.34
1569510000000;2.222;2.226;2.1;2.117;104024.017
1569513600000;2.122;2.151;2.046;2.133;118321.564
1569517200000;2.13;2.201;2.113;2.177;55589.221
1569520800000;2.171;2.23;2.154;2.225;60304.699
1569524400000;2.219;2.244;2.194;2.244;22950.435
1569528000000;2.244;2.254;2.221;2.244;15531.907
1569531600000;2.23;2.23;2.192;2.215;10059.142
1569535200000;2.218;2.23;2.188;2.23;16413.977
1569538800000;2.228;2.264;2.208;2.214;24997.594
1569542400000;2.214;2.262;2.176;2.18;22594.173
1569546000000;2.182;2.23;2.182;2.223;37613.872
1569549600000;2.226;2.255;2.171;2.214;40656.948
1569553200000;2.218;2.255;2.203;2.237;21306.968
1569556800000;2.233;2.25;2.217;2.222;2651.089
1569560400000;2.219;2.219;2.191;2.21;8104.194
1569564000000;2.211;2.236;2.211;2.226;4087.012
1569567600000;2.227;2.246;2.224;2.227;11505.804
1569571200000;2.227;2.242;2.219;2.226;12217.457
1569574800000;2.226;2.226;2.194;2.208;10712.155
1569578400000;2.209;2.246;2.209;2.232;19431.767
1569582000000;2.237;2.237;2.199;2.208;13456.456
1569585600000;2.21;2.234;2.2;2.209;42479.636
1569589200000;2.209;2.212;2.164;2.184;44559.827
1569592800000;2.18;2.237;2.167;2.171;21326.878
1569596400000;2.168;2.198;2.142;2.198;37676.446
1569600000000;2.202;2.237;2.184;2.221;34184.007
1569603600000;2.217;2.225;2.186;2.216;13274.402
1569607200000;2.217;2.23;2.21;2.216;2935.542
1569610800000;2.211;2.22;2.207;2.211;10625.728
1569614400000;2.207;2.22;2.2;2.21;13644.524
1569618000000;2.21;2.279;2.21;2.25;44009.49
1569621600000;2.246;2.294;2.246;2.277;15333.439
1569625200000;2.271;2.276;2.24;2.276;24430.285
1569628800000;2.281;2.284;2.25;2.278;8313.056
1569632400000;2.278;2.286;2.241;2.273;25882.828
1569636000000;2.273;2.275;2.26;2.274;6610.404
1569639600000;2.275;2.291;2.263;2.277;29719.007
1569643200000;2.278;2.281;2.263;2.263;3961.384
1569646800000;2.263;2.271;2.252;2.267;8045.537
1569650400000;2.26;2.271;2.259;2.261;5326.003
1569654000000;2.27;2.28;2.26;2.274;6873.362
1569657600000;2.279;2.303;2.273;2.273;29741.096
1569661200000;2.279;2.291;2.277;2.291;2461.034
1569664800000;2.3;2.3;2.26;2.26;10961.435
1569668400000;2.26;2.26;2.225;2.237;28619.305
1569672000000;2.232;2.232;2.172;2.202;29530.385
1569675600000;2.198;2.231;2.189;2.231;21595.548
1569679200000;2.23;2.233;2.212;2.212;5387.107
1569682800000;2.211;2.238;2.19;2.214;45273.11
1569686400000;2.215;2.25;2.194;2.238;41410.513
1569690000000;2.243;2.258;2.237;2.257;4067.992
1569693600000;2.252;2.264;2.248;2.251;9138.645
1569697200000;2.25;2.258;2.244;2.258;4962.978
1569700800000;2.259;2.259;2.243;2.257;5279.377
1569704400000;2.257;2.262;2.252;2.252;2896.59
1569708000000;2.248;2.28;2.201;2.229;56841.05
1569711600000;2.232;2.276;2.229;2.271;42756.913
1569715200000;2.273;2.286;2.247;2.265;6161.739
1569718800000;2.259;2.259;2.23;2.238;12528.738
1569722400000;2.238;2.243;2.206;2.217;6861.255
1569726000000;2.206;2.222;2.199;2.208;7195.938
1569729600000;2.208;2.217;2.198;2.202;6640.442
1569733200000;2.202;2.216;2.195;2.215;7085.148
1569736800000;2.214;2.216;2.186;2.186;19333.561
1569740400000;2.184;2.201;2.173;2.201;26205.212
1569744000000;2.2;2.207;2.186;2.198;12178.086
1569747600000;2.198;2.203;2.188;2.195;6506.538
1569751200000;2.195;2.196;2.172;2.178;7848.068
1569754800000;2.181;2.181;2.14;2.16;28438.718
1569758400000;2.16;2.186;2.087;2.122;92733.073
1569762000000;2.123;2.145;2.119;2.12;7784.969
1569765600000;2.12;2.157;2.113;2.151;14368.337
1569769200000;2.156;2.192;2.149;2.182;64240.895
1569772800000;2.175;2.211;2.161;2.187;32696.24
1569776400000;2.19;2.196;2.182;2.186;2920.079
1569780000000;2.182;2.188;2.174;2.18;3940.395
1569783600000;2.17;2.189;2.169;2.174;3809.523
1569787200000;2.169;2.18;2.161;2.18;2160.192
1569790800000;2.182;2.193;2.17;2.174;3664.49
1569794400000;2.181;2.206;2.18;2.198;11993.377
1569798000000;2.2;2.207;2.189;2.195;3896.193
1569801600000;2.195;2.205;2.177;2.19;15512.791
1569805200000;2.188;2.267;2.183;2.263;51277.865
1569808800000;2.262;2.278;2.235;2.243;28228.426
1569812400000;2.24;2.259;2.229;2.24;18414.923
1569816000000;2.237;2.24;2.164;2.211;75898.004
1569819600000;2.212;2.219;2.185;2.213;15469.556
1569823200000;2.21;2.214;2.188;2.191;12552.959
1569826800000;2.191;2.2;2.179;2.197;12610.082
1569830400000;2.194;2.231;2.191;2.213;15177.305
1569834000000;2.204;2.276;2.201;2.273;40174.413
1569837600000;2.279;2.369;2.261;2.354;106057.591
1569841200000;2.357;2.364;2.321;2.364;40845.988
1569844800000;2.357;2.41;2.356;2.376;72876.963
1569848400000;2.376;2.434;2.366;2.42;82183.993
1569852000000;2.42;2.515;2.396;2.486;142308.029
1569855600000;2.491;2.53;2.44;2.47;115928.301
1569859200000;2.47;2.589;2.441;2.556;176859.616
1569862800000;2.556;2.58;2.496;2.541;100550.654
1569866400000;2.541;2.559;2.51;2.516;34510.739
1569870000000;2.522;2.523;2.515;2.517;12986.768
1569873600000;2.523;2.523;2.445;2.483;38524.778
1569877200000;2.487;2.53;2.474;2.526;18346.393
1569880800000;2.526;2.553;2.519;2.532;20461.371
1569884400000;2.535;2.676;2.535;2.653;117616.379
1569888000000;2.653;2.659;2.552;2.552;58874.953
1569891600000;2.554;2.617;2.514;2.599;77159.516
1569895200000;2.608;2.661;2.592;2.627;65220.47
1569898800000;2.629;2.659;2.552;2.608;81672.109
1569902400000;2.612;2.628;2.561;2.571;46973.262
1569906000000;2.571;2.582;2.563;2.576;16628.875
1569909600000;2.576;2.576;2.528;2.549;30987.188
1569913200000;2.546;2.556;2.516;2.536;24895.077
1569916800000;2.536;2.547;2.513;2.539;30089.022
1569920400000;2.539;2.54;2.485;2.496;48963.175
1569924000000;2.497;2.541;2.491;2.523;26503.978
1569927600000;2.518;2.58;2.515;2.575;42238.458
1569931200000;2.578;2.634;2.519;2.558;85211.746
1569934800000;2.557;2.572;2.503;2.535;41848.551
1569938400000;2.542;2.567;2.511;2.511;33801.32
1569942000000;2.511;2.535;2.48;2.533;36043.751
1569945600000;2.525;2.579;2.489;2.534;36447.293
1569949200000;2.538;2.558;2.481;2.481;25938.122
1569952800000;2.485;2.514;2.482;2.509;8349.24
1569956400000;2.506;2.506;2.48;2.499;6936.966
1569960000000;2.5;2.549;2.5;2.538;12010.566
1569963600000;2.54;2.561;2.5;2.523;22432.165
1569967200000;2.512;2.561;2.512;2.554;10200.192
1569970800000;2.554;2.556;2.526;2.533;8795.33
1569974400000;2.533;2.539;2.495;2.499;10574.202
1569978000000;2.495;2.527;2.491;2.491;12328.989
1569981600000;2.492;2.495;2.429;2.432;38486.922
1569985200000;2.433;2.462;2.423;2.449;21861.906
1569988800000;2.45;2.459;2.425;2.429;19206.634
1569992400000;2.429;2.456;2.412;2.428;27373.993
1569996000000;2.429;2.455;2.426;2.447;12947.761
1569999600000;2.453;2.457;2.443;2.457;8760.218
1570003200000;2.457;2.549;2.457;2.538;56233.783
1570006800000;2.538;2.567;2.504;2.552;33535.578
1570010400000;2.554;2.563;2.506;2.563;32803.017
1570014000000;2.564;2.565;2.529;2.549;18770.245
1570017600000;2.549;2.557;2.466;2.483;52681.644
1570021200000;2.481;2.489;2.456;2.468;49944.563
1570024800000;2.463;2.484;2.453;2.46;25483.583
1570028400000;2.469;2.496;2.469;2.496;11104.183
1570032000000;2.496;2.55;2.47;2.513;53716.548
1570035600000;2.512;2.596;2.5;2.575;35986.542
1570039200000;2.577;2.633;2.558;2.588;38521.195
1570042800000;2.582;2.607;2.576;2.606;7883.57
1570046400000;2.606;2.63;2.583;2.593;18866.78
1570050000000;2.591;2.599;2.557;2.585;19226.459
1570053600000;2.585;2.6;2.567;2.59;6465.144
1570057200000;2.592;2.62;2.584;2.601;35111.397
1570060800000;2.604;2.63;2.558;2.577;27658.09
1570064400000;2.577;2.614;2.576;2.591;18517.387
1570068000000;2.591;2.616;2.582;2.59;26548.27
1570071600000;2.593;2.608;2.586;2.592;12047.213
1570075200000;2.585;2.609;2.583;2.603;6591.388
1570078800000;2.605;2.675;2.603;2.648;55451.345
1570082400000;2.646;2.658;2.595;2.598;57034.528
1570086000000;2.602;2.619;2.571;2.595;46847.735
1570089600000;2.597;2.617;2.582;2.608;14276.174
1570093200000;2.609;2.614;2.596;2.605;11129.614
1570096800000;2.603;2.62;2.537;2.57;100228.391
1570100400000;2.568;2.571;2.548;2.559;9604.178
1570104000000;2.559;2.607;2.554;2.596;29176.903
1570107600000;2.597;2.599;2.575;2.575;5020.615
1570111200000;2.575;2.576;2.483;2.51;121938.702
1570114800000;2.508;2.55;2.503;2.522;26408.593
1570118400000;2.522;2.582;2.505;2.573;43832.855
1570122000000;2.573;2.573;2.525;2.531;14234.974
1570125600000;2.531;2.54;2.527;2.529;3588.294
1570129200000;2.529;2.532;2.498;2.532;15967.366
1570132800000;2.532;2.544;2.504;2.519;17307.853
1570136400000;2.518;2.564;2.51;2.549;6304.266
1570140000000;2.55;2.573;2.535;2.567;10413.988
1570143600000;2.567;2.592;2.561;2.585;13671.52
1570147200000;2.583;2.583;2.5;2.506;36373.896
1570150800000;2.511;2.537;2.489;2.501;31149.362
1570154400000;2.506;2.509;2.49;2.501;16220.675
1570158000000;2.496;2.512;2.491;2.504;3942.433
1570161600000;2.503;2.504;2.48;2.489;30007.131
1570165200000;2.489;2.504;2.452;2.494;43403.389
1570168800000;2.496;2.541;2.494;2.531;32002.023
1570172400000;2.525;2.538;2.518;2.536;8060.499
1570176000000;2.538;2.538;2.504;2.504;8657.831
1570179600000;2.509;2.525;2.507;2.512;15160.185
1570183200000;2.519;2.557;2.519;2.533;33455.673
1570186800000;2.531;2.572;2.531;2.552;9609.46
1570190400000;2.55;2.559;2.525;2.535;20003.103
1570194000000;2.54;2.569;2.531;2.556;9479.443
1570197600000;2.554;2.574;2.539;2.559;26608.967
1570201200000;2.563;2.577;2.552;2.577;15743.901
1570204800000;2.58;2.6;2.561;2.592;24252.627
1570208400000;2.592;2.606;2.582;2.601;26830.394
1570212000000;2.603;2.612;2.585;2.606;21899.159
1570215600000;2.609;2.615;2.601;2.615;8388.052
1570219200000;2.612;2.616;2.579;2.585;13803.574
1570222800000;2.59;2.592;2.579;2.591;4527.313
1570226400000;2.588;2.595;2.577;2.58;9177.075
1570230000000;2.576;2.583;2.558;2.568;21759.314
1570233600000;2.565;2.578;2.539;2.565;30077.166
1570237200000;2.564;2.582;2.55;2.567;7877.51
1570240800000;2.567;2.581;2.556;2.58;10146.142
1570244400000;2.579;2.602;2.574;2.596;30854.45
1570248000000;2.598;2.601;2.57;2.57;17794.579
1570251600000;2.57;2.64;2.558;2.626;55839.933
1570255200000;2.626;2.639;2.604;2.625;38701.793
1570258800000;2.625;2.675;2.594;2.653;76314.977
1570262400000;2.653;2.667;2.604;2.637;41091.59
1570266000000;2.637;2.657;2.612;2.63;33474.209
1570269600000;2.625;2.654;2.61;2.644;30391.56
1570273200000;2.649;2.672;2.623;2.663;18970.236
1570276800000;2.663;2.664;2.622;2.632;45321.597
1570280400000;2.635;2.636;2.605;2.626;33006.374
1570284000000;2.627;2.633;2.607;2.61;20551.356
1570287600000;2.61;2.633;2.61;2.633;11420.732
1570291200000;2.633;2.655;2.615;2.655;16559.778
1570294800000;2.65;2.659;2.635;2.648;33707.832
1570298400000;2.648;2.663;2.637;2.653;16869.208
1570302000000;2.653;2.81;2.653;2.728;217222.692
1570305600000;2.73;2.784;2.701;2.739;83083.959
1570309200000;2.739;2.76;2.723;2.727;24609.265
1570312800000;2.734;2.769;2.712;2.752;29590.101
1570316400000;2.754;2.775;2.753;2.767;19133.335
1570320000000;2.771;2.789;2.748;2.758;25885.985
1570323600000;2.762;2.765;2.712;2.719;27044.788
1570327200000;2.719;2.755;2.712;2.745;17083.298
1570330800000;2.742;2.744;2.715;2.717;11268.588
1570334400000;2.714;2.747;2.714;2.747;7758.691
1570338000000;2.744;2.747;2.735;2.742;4980.614
1570341600000;2.742;2.747;2.664;2.684;61733.734
1570345200000;2.68;2.718;2.668;2.7;32187.451
1570348800000;2.7;2.702;2.576;2.591;102065.715
1570352400000;2.591;2.635;2.591;2.633;62049.726
1570356000000;2.633;2.636;2.572;2.58;71142.688
1570359600000;2.585;2.649;2.569;2.627;64012.142
1570363200000;2.627;2.675;2.613;2.654;56683.153
1570366800000;2.654;2.658;2.598;2.605;59021.26
1570370400000;2.608;2.65;2.581;2.644;47511.639
1570374000000;2.645;2.709;2.642;2.678;59197.743
1570377600000;2.68;2.699;2.629;2.651;39677.43
1570381200000;2.651;2.69;2.632;2.64;34667.854
1570384800000;2.646;2.656;2.568;2.576;75242.144
1570388400000;2.575;2.617;2.575;2.615;24360.498
1570392000000;2.614;2.635;2.604;2.626;28546.855
1570395600000;2.628;2.676;2.628;2.662;29089.695
1570399200000;2.664;2.671;2.612;2.641;23330.599
1570402800000;2.634;2.642;2.611;2.642;5902.14
1570406400000;2.636;2.638;2.533;2.593;83765.175
1570410000000;2.597;2.597;2.552;2.567;20894.971
1570413600000;2.569;2.581;2.561;2.563;14182.26
1570417200000;2.566;2.636;2.56;2.604;95770.74
1570420800000;2.614;2.619;2.6;2.603;7829.45
1570424400000;2.603;2.623;2.59;2.62;25485.153
1570428000000;2.625;2.625;2.583;2.611;35628.286
1570431600000;2.608;2.623;2.6;2.613;21273.801
1570435200000;2.614;2.632;2.606;2.628;23839.536
1570438800000;2.63;2.668;2.614;2.641;64204.656
1570442400000;2.644;2.69;2.644;2.676;67021.446
1570446000000;2.676;2.705;2.671;2.694;40474.406
1570449600000;2.694;2.751;2.694;2.72;76707.179
1570453200000;2.72;2.786;2.709;2.729;109000.064
1570456800000;2.728;2.739;2.692;2.719;49450.698
1570460400000;2.722;2.787;2.7;2.778;95960.864
1570464000000;2.787;2.843;2.753;2.836;157035.288
1570467600000;2.836;2.943;2.818;2.94;180026.126
1570471200000;2.94;2.955;2.86;2.881;92267.022
1570474800000;2.877;2.903;2.861;2.879;18895.45
1570478400000;2.877;2.893;2.83;2.869;47191.931
1570482000000;2.869;2.921;2.868;2.883;25600.52
1570485600000;2.882;2.929;2.85;2.92;49450.075
1570489200000;2.927;2.94;2.881;2.891;31876.31
1570492800000;2.894;3.07;2.894;3.027;284859.243
1570496400000;3.035;3.057;2.973;3.057;75009.671
1570500000000;3.054;3.071;2.972;2.981;84768.295
1570503600000;2.982;3.009;2.956;2.98;47147.932
1570507200000;2.975;2.984;2.95;2.955;31117.727
1570510800000;2.95;3.009;2.925;2.987;82266.041
1570514400000;2.987;2.99;2.932;2.953;40408.936
1570518000000;2.958;2.992;2.946;2.969;36618.752
1570521600000;2.97;2.974;2.825;2.875;361976.952
1570525200000;2.872;2.894;2.853;2.867;153757.552
1570528800000;2.867;2.914;2.867;2.889;103859.079
1570532400000;2.886;2.93;2.867;2.925;83713.654
1570536000000;2.932;2.989;2.902;2.983;108288.432
1570539600000;2.985;2.99;2.915;2.917;85652.415
1570543200000;2.922;2.932;2.88;2.913;68809.371
1570546800000;2.912;2.954;2.906;2.925;52070.528
1570550400000;2.922;2.941;2.883;2.883;25706.358
1570554000000;2.886;2.896;2.856;2.868;33043.506
1570557600000;2.874;2.885;2.852;2.884;39453.5
1570561200000;2.88;2.886;2.855;2.863;11521.794
1570564800000;2.859;2.873;2.81;2.868;86986.073
1570568400000;2.87;2.89;2.848;2.884;32955.277
1570572000000;2.882;2.924;2.882;2.908;24797.249
1570575600000;2.911;2.921;2.877;2.892;21890.223
1570579200000;2.889;2.91;2.868;2.876;19758.721
1570582800000;2.875;2.895;2.851;2.859;39085.347
1570586400000;2.862;2.88;2.812;2.846;75745.208
1570590000000;2.846;2.865;2.838;2.847;17269.541
1570593600000;2.842;2.889;2.842;2.885;73107.13
1570597200000;2.88;2.923;2.852;2.917;81782.849
1570600800000;2.915;2.978;2.912;2.936;109439.219
1570604400000;2.938;3.014;2.926;2.99;92930.772
1570608000000;2.99;3.008;2.951;2.983;56501.745
1570611600000;2.985;3.007;2.936;2.957;71767.458
1570615200000;2.963;2.995;2.946;2.994;48791.357
1570618800000;2.996;2.997;2.962;2.994;42885.873
1570622400000;2.994;2.994;2.917;2.931;76636.378
1570626000000;2.932;2.978;2.914;2.978;28309.171
1570629600000;2.978;3.009;2.92;2.933;171611.319
1570633200000;2.933;2.95;2.85;2.868;168593.721
1570636800000;2.869;2.958;2.867;2.905;101183.431
1570640400000;2.906;2.948;2.903;2.916;38753.989
1570644000000;2.922;2.928;2.864;2.88;34453.972
1570647600000;2.88;2.904;2.864;2.902;18405.314
1570651200000;2.905;2.905;2.875;2.887;11875.61
1570654800000;2.887;2.888;2.872;2.887;16639.85
1570658400000;2.892;2.916;2.884;2.905;10912.17
1570662000000;2.903;2.925;2.888;2.903;29126.876
1570665600000;2.902;2.925;2.87;2.877;47413.761
1570669200000;2.878;2.935;2.87;2.91;29406.506
1570672800000;2.908;2.948;2.878;2.942;48399.921
1570676400000;2.947;2.99;2.911;2.911;61806.324
1570680000000;2.916;2.984;2.911;2.98;12969.629
1570683600000;2.985;2.985;2.945;2.946;17168.313
1570687200000;2.948;2.971;2.941;2.969;15074.687
1570690800000;2.969;3;2.929;2.937;67680.626
1570694400000;2.939;2.962;2.876;2.897;119304.973
1570698000000;2.897;2.897;2.821;2.853;125118.506
1570701600000;2.848;2.85;2.682;2.805;261899.374
1570705200000;2.805;2.829;2.787;2.814;36718.989
1570708800000;2.814;2.814;2.712;2.763;82741.949
1570712400000;2.767;2.8;2.733;2.76;56191.56
1570716000000;2.76;2.8;2.756;2.774;31792.828
1570719600000;2.775;2.817;2.732;2.817;57648.461
1570723200000;2.812;2.829;2.786;2.807;37086.167
1570726800000;2.815;2.825;2.804;2.804;6551.227
1570730400000;2.808;2.828;2.805;2.817;7140.084
1570734000000;2.818;2.869;2.815;2.866;47357.386
1570737600000;2.869;2.898;2.851;2.866;42962.412
1570741200000;2.862;2.884;2.854;2.858;14538.158
1570744800000;2.857;2.88;2.846;2.871;11478.901
1570748400000;2.871;2.96;2.871;2.889;85311.579
1570752000000;2.891;2.903;2.806;2.827;57633.478
1570755600000;2.827;2.869;2.811;2.866;9972.374
1570759200000;2.867;2.894;2.851;2.894;12682.434
1570762800000;2.892;2.893;2.832;2.866;15197.832
1570766400000;2.874;2.923;2.854;2.885;37117.341
1570770000000;2.879;2.888;2.778;2.788;49013.599
1570773600000;2.786;2.806;2.758;2.802;14484.4
1570777200000;2.802;2.808;2.768;2.774;17325.667
1570780800000;2.772;2.779;2.72;2.758;50614.175
1570784400000;2.761;2.773;2.75;2.755;10335.134
1570788000000;2.755;2.815;2.755;2.806;14599.483
1570791600000;2.806;2.811;2.779;2.797;20777.449
1570795200000;2.8;2.845;2.78;2.838;21383.994
1570798800000;2.838;2.886;2.81;2.836;56827.899
1570802400000;2.836;2.838;2.779;2.82;54503.886
1570806000000;2.812;2.883;2.788;2.847;68543.83
1570809600000;2.844;2.874;2.808;2.838;42829.468
1570813200000;2.851;2.868;2.794;2.813;19074.119
1570816800000;2.822;2.851;2.79;2.839;29157.686
1570820400000;2.85;2.863;2.837;2.857;7654.094
1570824000000;2.862;2.862;2.843;2.843;1942.562
1570827600000;2.843;2.861;2.84;2.855;2538.948
1570831200000;2.855;2.862;2.839;2.839;7789.398
1570834800000;2.847;2.855;2.8;2.809;27327.129
1570838400000;2.815;2.838;2.807;2.807;7961.143
1570842000000;2.808;2.846;2.807;2.835;12626.984
1570845600000;2.834;2.843;2.816;2.817;11007.875
1570849200000;2.824;2.847;2.82;2.838;17331.863
1570852800000;2.84;2.851;2.836;2.84;4131.057
1570856400000;2.845;2.855;2.819;2.82;24899.221
1570860000000;2.829;2.839;2.815;2.828;9130.157
1570863600000;2.833;2.833;2.785;2.819;19342.724
1570867200000;2.821;2.849;2.802;2.816;31592.246
1570870800000;2.817;2.831;2.763;2.781;24291.281
1570874400000;2.781;2.796;2.771;2.785;11512.576
1570878000000;2.789;2.806;2.777;2.788;12472.678
1570881600000;2.784;2.805;2.779;2.785;13102.746
1570885200000;2.793;2.806;2.781;2.789;10120.607
1570888800000;2.796;2.83;2.788;2.812;14347.044
1570892400000;2.812;2.859;2.797;2.842;27507.973
1570896000000;2.84;2.843;2.816;2.835;11431.763
1570899600000;2.835;2.857;2.822;2.822;9138.387
1570903200000;2.827;2.83;2.807;2.83;3766.474
1570906800000;2.832;2.834;2.811;2.822;5374.34
1570910400000;2.814;2.824;2.809;2.811;7445.472
1570914000000;2.81;2.832;2.799;2.832;5185.112
1570917600000;2.824;2.84;2.821;2.825;9147.682
1570921200000;2.821;2.839;2.821;2.822;4127.243
1570924800000;2.822;2.832;2.806;2.826;11018.537
1570928400000;2.826;2.87;2.826;2.855;29512.704
1570932000000;2.855;2.87;2.839;2.85;11575.083
1570935600000;2.85;2.864;2.844;2.851;9551.655
1570939200000;2.851;2.893;2.851;2.881;30507.889
1570942800000;2.881;2.894;2.871;2.877;17991.344
1570946400000;2.877;2.906;2.795;2.839;136421.279
1570950000000;2.838;2.851;2.817;2.829;13816.432
1570953600000;2.829;2.837;2.818;2.834;8896.774
1570957200000;2.833;2.842;2.784;2.817;23922.458
1570960800000;2.82;2.852;2.82;2.852;30752.1
1570964400000;2.85;2.885;2.843;2.862;25437.151
1570968000000;2.869;2.885;2.854;2.862;36980.12
1570971600000;2.854;2.861;2.84;2.846;12710.16
1570975200000;2.847;2.864;2.827;2.846;18238.695
1570978800000;2.849;2.877;2.849;2.875;7431.06
1570982400000;2.875;2.904;2.862;2.869;46454.032
1570986000000;2.868;2.887;2.867;2.88;9937.434
1570989600000;2.879;2.913;2.859;2.859;51449.176
1570993200000;2.86;2.87;2.842;2.863;37183.913
1570996800000;2.863;2.863;2.801;2.822;50272.476
1571000400000;2.824;2.914;2.824;2.9;51104.642
1571004000000;2.905;2.905;2.862;2.868;18761.804
1571007600000;2.868;2.873;2.837;2.865;52091.016
1571011200000;2.87;2.958;2.867;2.953;98594.888
1571014800000;2.95;2.97;2.927;2.962;51689.587
1571018400000;2.967;2.986;2.961;2.979;35467.985
1571022000000;2.976;2.982;2.959;2.976;13290.162
1571025600000;2.974;2.979;2.928;2.948;33304.088
1571029200000;2.956;3;2.953;3;35439.683
1571032800000;3.001;3.057;2.98;3.034;78330.721
1571036400000;3.031;3.031;2.987;2.996;28733.444
1571040000000;2.996;3.057;2.996;3.038;91930.333
1571043600000;3.042;3.059;3.014;3.051;28355.026
1571047200000;3.044;3.059;3.03;3.049;25373.218
1571050800000;3.046;3.055;3.01;3.011;22148.661
1571054400000;3.012;3.022;2.979;2.988;64341.243
1571058000000;2.988;3.013;2.974;3.001;25683.651
1571061600000;2.996;3.012;2.995;3.008;9166.445
1571065200000;3.006;3.022;2.958;2.965;43778.654
1571068800000;2.972;3.031;2.953;3.009;59206.327
1571072400000;3.012;3.024;2.989;3;33291.492
1571076000000;3.004;3.023;2.98;3.012;26944.394
1571079600000;3.016;3.024;2.983;3.008;21166.155
1571083200000;3.003;3.025;3.003;3.025;8072.872
1571086800000;3.028;3.034;2.983;3.016;15923.931
1571090400000;3.01;3.05;3;3.045;24168.13
1571094000000;3.045;3.121;3.031;3.091;117426.791
1571097600000;3.086;3.155;3.086;3.118;81940.214
1571101200000;3.11;3.159;3.1;3.131;123402.543
1571104800000;3.131;3.133;3.1;3.1;23099.926
1571108400000;3.1;3.109;3.076;3.092;18993.448
1571112000000;3.092;3.139;3.082;3.112;52793.83
1571115600000;3.117;3.138;3.112;3.118;15382.685
1571119200000;3.116;3.138;3.084;3.09;48663.311
1571122800000;3.09;3.092;3.043;3.043;49735.184
1571126400000;3.042;3.057;3.015;3.032;52876.822
1571130000000;3.032;3.048;3.026;3.034;14812.791
1571133600000;3.034;3.069;3.034;3.051;19507.504
1571137200000;3.052;3.071;3.052;3.054;7278.227
1571140800000;3.058;3.064;3.024;3.026;17082.73
1571144400000;3.026;3.037;3.021;3.037;8194.828
1571148000000;3.032;3.047;3;3.014;22328.688
1571151600000;3.01;3.032;2.981;3.028;35367.953
1571155200000;3.016;3.033;2.912;2.933;80720.735
1571158800000;2.928;2.965;2.916;2.948;30772.626
1571162400000;2.951;2.965;2.936;2.96;20794.742
1571166000000;2.96;2.971;2.924;2.929;15296.018
1571169600000;2.936;2.948;2.912;2.918;18904.503
1571173200000;2.917;2.924;2.887;2.895;28347.661
1571176800000;2.899;2.927;2.899;2.913;5714.954
1571180400000;2.913;2.939;2.913;2.938;17731.463
1571184000000;2.928;2.931;2.87;2.89;63280.486
1571187600000;2.894;2.907;2.89;2.898;7749.351
1571191200000;2.899;2.912;2.899;2.906;19403.003
1571194800000;2.902;2.922;2.893;2.922;15332.748
1571198400000;2.922;2.951;2.917;2.937;33255.476
1571202000000;2.937;2.937;2.885;2.919;31992.621
1571205600000;2.915;2.921;2.876;2.889;85693.055
1571209200000;2.887;2.893;2.829;2.829;106603.299
1571212800000;2.832;2.835;2.801;2.829;51046.038
1571216400000;2.83;2.845;2.815;2.845;17746.397
1571220000000;2.845;2.864;2.834;2.836;12069.36
1571223600000;2.845;2.845;2.78;2.783;46734.414
1571227200000;2.784;2.8;2.678;2.751;96019.283
1571230800000;2.75;2.784;2.733;2.75;33154.604
1571234400000;2.757;2.763;2.726;2.751;19181.008
1571238000000;2.755;2.79;2.736;2.777;28008.876
1571241600000;2.765;2.826;2.741;2.816;33526.491
1571245200000;2.812;2.812;2.776;2.798;13173.274
1571248800000;2.803;2.803;2.784;2.791;3996.447
1571252400000;2.79;2.79;2.768;2.788;7647.474
1571256000000;2.788;2.824;2.785;2.824;30388.836
1571259600000;2.824;2.845;2.824;2.83;8267.664
1571263200000;2.83;2.838;2.809;2.819;18543.809
1571266800000;2.831;2.852;2.819;2.842;22269.499
1571270400000;2.831;2.837;2.787;2.798;14823.9
1571274000000;2.794;2.796;2.766;2.783;20059.095
1571277600000;2.783;2.787;2.768;2.781;11771.161
1571281200000;2.787;2.8;2.754;2.761;20991.57
1571284800000;2.768;2.772;2.74;2.744;18066.83
1571288400000;2.741;2.784;2.738;2.784;12248.719
1571292000000;2.787;2.8;2.77;2.793;19095.111
1571295600000;2.796;2.831;2.787;2.793;32728.402
1571299200000;2.799;2.88;2.792;2.851;52435.906
1571302800000;2.858;2.861;2.828;2.847;12031.663
1571306400000;2.847;2.875;2.847;2.853;20674.407
1571310000000;2.856;2.884;2.823;2.829;24878.738
1571313600000;2.822;2.843;2.82;2.839;10147.667
1571317200000;2.836;2.877;2.833;2.865;15437.488
1571320800000;2.861;2.871;2.834;2.847;28821.732
1571324400000;2.846;2.92;2.846;2.909;32426.079
1571328000000;2.901;2.932;2.87;2.89;38140.247
1571331600000;2.891;2.911;2.877;2.91;3641.727
1571335200000;2.91;2.937;2.907;2.934;8565.815
1571338800000;2.931;2.938;2.91;2.932;19908.861
1571342400000;2.923;2.948;2.918;2.94;20107.804
1571346000000;2.933;2.942;2.919;2.932;7838.807
1571349600000;2.941;2.943;2.907;2.917;9432.743
1571353200000;2.922;2.931;2.903;2.907;6918.541
1571356800000;2.917;2.92;2.889;2.896;10841.93
1571360400000;2.897;2.906;2.875;2.906;14707.757
1571364000000;2.907;2.91;2.884;2.91;7035.755
1571367600000;2.91;2.926;2.881;2.882;11507.894
1571371200000;2.886;2.907;2.884;2.901;2563.519
1571374800000;2.901;2.909;2.807;2.826;45027.789
1571378400000;2.827;2.83;2.786;2.816;33397.166
1571382000000;2.816;2.816;2.787;2.787;13717.978
1571385600000;2.788;2.794;2.685;2.716;75629.235
1571389200000;2.722;2.8;2.722;2.795;31324.147
1571392800000;2.794;2.811;2.767;2.781;25612.354
1571396400000;2.78;2.806;2.773;2.795;17050.365
1571400000000;2.797;2.819;2.78;2.786;19149.188
1571403600000;2.785;2.785;2.747;2.776;25990.408
1571407200000;2.783;2.784;2.752;2.754;9223.658
1571410800000;2.756;2.78;2.746;2.776;9601.152
1571414400000;2.776;2.787;2.754;2.762;12728.062
1571418000000;2.76;2.774;2.747;2.762;21055.064
1571421600000;2.766;2.792;2.737;2.748;10187.491
1571425200000;2.748;2.782;2.744;2.771;10441.904
1571428800000;2.772;2.782;2.746;2.761;5241.957
1571432400000;2.756;2.8;2.733;2.759;35599.148
1571436000000;2.766;2.787;2.762;2.776;4063.992
1571439600000;2.787;2.787;2.73;2.747;8589.56
1571443200000;2.748;2.75;2.709;2.713;15838.308
1571446800000;2.713;2.74;2.709;2.729;12646.856
1571450400000;2.729;2.729;2.692;2.716;34801.363
1571454000000;2.718;2.743;2.707;2.737;13131.797
1571457600000;2.737;2.756;2.736;2.752;11007.902
1571461200000;2.757;2.758;2.738;2.748;3643.322
1571464800000;2.749;2.771;2.73;2.744;12020.273
1571468400000;2.75;2.756;2.708;2.73;27802.536
1571472000000;2.727;2.783;2.727;2.763;20397.633
1571475600000;2.764;2.783;2.755;2.757;21423.881
1571479200000;2.757;2.759;2.733;2.747;11556.229
1571482800000;2.744;2.768;2.743;2.75;6700.4
1571486400000;2.75;2.799;2.703;2.768;44921.16
1571490000000;2.772;2.799;2.752;2.782;32404.928
1571493600000;2.78;2.794;2.769;2.774;8147.527
1571497200000;2.778;2.794;2.774;2.775;6767.747
1571500800000;2.775;2.782;2.756;2.764;4002.4
1571504400000;2.764;2.779;2.749;2.772;7950.603
1571508000000;2.78;2.786;2.757;2.757;2080.103
1571511600000;2.765;2.778;2.748;2.765;3337.175
1571515200000;2.765;2.776;2.744;2.764;3717.604
1571518800000;2.766;2.77;2.74;2.759;2967.681
1571522400000;2.76;2.766;2.737;2.751;4492.508
1571526000000;2.739;2.745;2.733;2.735;2119.065
1571529600000;2.745;2.745;2.719;2.719;8770.065
1571533200000;2.721;2.724;2.7;2.713;12546.474
1571536800000;2.711;2.721;2.681;2.693;23199.135
1571540400000;2.693;2.702;2.692;2.694;2160.934
1571544000000;2.699;2.731;2.693;2.721;8938.604
1571547600000;2.722;2.73;2.72;2.73;2903.86
1571551200000;2.723;2.733;2.718;2.718;2421.224
1571554800000;2.723;2.723;2.699;2.704;4651.803
1571558400000;2.697;2.72;2.696;2.72;8978.48
1571562000000;2.713;2.741;2.712;2.737;6338.434
1571565600000;2.735;2.737;2.715;2.735;5284.543
1571569200000;2.736;2.737;2.723;2.737;2445.2
1571572800000;2.731;2.755;2.73;2.742;17408.352
1571576400000;2.742;2.75;2.733;2.735;2556.676
1571580000000;2.735;2.773;2.735;2.768;16107.428
1571583600000;2.773;2.78;2.762;2.775;6337.54
1571587200000;2.775;2.806;2.767;2.795;13038.654
1571590800000;2.797;2.83;2.772;2.815;46537.505
1571594400000;2.815;2.868;2.815;2.846;29614.298
1571598000000;2.845;2.915;2.845;2.892;94203.535
1571601600000;2.892;2.932;2.89;2.905;24015.527
1571605200000;2.899;2.908;2.888;2.895;9595.147
1571608800000;2.896;2.896;2.87;2.879;17989.881
1571612400000;2.879;2.907;2.874;2.902;21626.767
1571616000000;2.902;2.909;2.876;2.881;12484.01
1571619600000;2.884;2.884;2.87;2.874;15453.711
1571623200000;2.873;2.885;2.873;2.879;5893.614
1571626800000;2.876;2.882;2.87;2.875;25593.863
1571630400000;2.878;2.884;2.847;2.852;21163.28
1571634000000;2.857;2.88;2.831;2.88;18157.501
1571637600000;2.878;2.92;2.876;2.906;36139.932
1571641200000;2.917;2.927;2.89;2.895;16050.611
1571644800000;2.897;2.898;2.871;2.88;35219.73
1571648400000;2.882;2.897;2.875;2.887;9899.099
1571652000000;2.886;2.927;2.881;2.917;17404.302
1571655600000;2.919;2.927;2.886;2.904;20083.024
1571659200000;2.901;2.923;2.9;2.9;11190.47
1571662800000;2.904;2.941;2.897;2.941;19136.04
1571666400000;2.941;3.007;2.937;2.971;116047.888
1571670000000;2.971;2.99;2.854;2.899;92324.729
1571673600000;2.893;2.92;2.87;2.92;27208.528
1571677200000;2.921;2.925;2.901;2.904;10118.131
1571680800000;2.906;2.959;2.9;2.958;38182.406
1571684400000;2.955;2.971;2.946;2.968;21784.478
1571688000000;2.971;2.974;2.951;2.955;7114.653
1571691600000;2.96;2.98;2.96;2.98;5527.895
1571695200000;2.98;2.981;2.944;2.954;7674.504
1571698800000;2.949;2.985;2.949;2.98;6572.139
1571702400000;2.974;2.987;2.955;2.963;9639.283
1571706000000;2.967;3.014;2.963;3.004;27987.062
1571709600000;3.005;3.012;2.963;2.971;29377.941
1571713200000;2.97;2.99;2.962;2.985;12923.608
1571716800000;2.986;2.991;2.956;2.958;14330.948
1571720400000;2.957;2.966;2.919;2.937;31558.372
1571724000000;2.935;2.943;2.924;2.94;10193.978
1571727600000;2.94;2.956;2.925;2.948;10815.919
1571731200000;2.951;2.97;2.949;2.969;4466.259
1571734800000;2.969;2.979;2.946;2.963;13018.687
1571738400000;2.971;2.973;2.915;2.936;30219.948
1571742000000;2.934;2.953;2.931;2.946;7197.12
1571745600000;2.946;2.969;2.946;2.965;12766.118
1571749200000;2.961;2.979;2.955;2.965;10661.296
1571752800000;2.965;2.987;2.95;2.978;58850.35
1571756400000;2.968;2.997;2.949;2.991;27750.468
1571760000000;2.993;2.995;2.948;2.954;13284.854
1571763600000;2.955;2.97;2.941;2.96;8092.232
1571767200000;2.964;2.964;2.935;2.939;9901.469
1571770800000;2.94;2.953;2.937;2.948;5036.981
1571774400000;2.935;2.947;2.919;2.943;18794.62
1571778000000;2.945;2.945;2.918;2.918;10977.174
1571781600000;2.925;2.934;2.887;2.887;17594.308
1571785200000;2.894;2.894;2.845;2.864;34000.085
1571788800000;2.867;2.891;2.86;2.88;7720.656
1571792400000;2.885;2.895;2.875;2.875;4010.269
1571796000000;2.873;2.879;2.844;2.877;17894.018
1571799600000;2.877;2.879;2.778;2.805;69697.185
1571803200000;2.804;2.84;2.779;2.84;44518.213
1571806800000;2.828;2.834;2.8;2.829;36469.643
1571810400000;2.829;2.841;2.802;2.808;47647.581
1571814000000;2.805;2.814;2.789;2.789;8682.486
1571817600000;2.789;2.797;2.758;2.767;40900.264
1571821200000;2.764;2.81;2.762;2.799;48128.779
1571824800000;2.792;2.804;2.792;2.802;25586.531
1571828400000;2.803;2.804;2.774;2.778;17458.142
1571832000000;2.776;2.776;2.628;2.676;91730.771
1571835600000;2.674;2.685;2.629;2.66;101572.666
1571839200000;2.658;2.692;2.651;2.664;45193.577
1571842800000;2.667;2.668;2.607;2.622;74156.005
1571846400000;2.622;2.7;2.547;2.699;67458.219
1571850000000;2.694;2.698;2.667;2.684;9048.276
1571853600000;2.693;2.698;2.675;2.684;13544.923
1571857200000;2.684;2.685;2.657;2.665;13674.042
1571860800000;2.668;2.68;2.646;2.68;7249.279
1571864400000;2.678;2.689;2.656;2.658;3309.404
1571868000000;2.658;2.694;2.613;2.646;17060.813
1571871600000;2.646;2.69;2.646;2.69;8675.534
1571875200000;2.682;2.699;2.673;2.675;9076.575
1571878800000;2.68;2.698;2.668;2.672;6327.463
1571882400000;2.673;2.681;2.649;2.658;13334.182
1571886000000;2.657;2.671;2.647;2.661;2338.18
1571889600000;2.662;2.668;2.644;2.659;4638.163
1571893200000;2.657;2.688;2.657;2.68;1790.894
1571896800000;2.681;2.689;2.625;2.639;19906.249
1571900400000;2.645;2.688;2.645;2.679;14558.198
1571904000000;2.688;2.718;2.663;2.707;17545.464
1571907600000;2.704;2.772;2.704;2.745;47963.58
1571911200000;2.745;2.754;2.714;2.714;7536.245
1571914800000;2.716;2.734;2.707;2.708;21287.38
1571918400000;2.71;2.747;2.71;2.727;8079.821
1571922000000;2.727;2.741;2.717;2.728;5788.97
1571925600000;2.731;2.773;2.728;2.764;24995.382
1571929200000;2.763;2.77;2.721;2.74;12950.922
1571932800000;2.743;2.766;2.741;2.762;15904.836
1571936400000;2.762;2.764;2.745;2.747;10032.691
1571940000000;2.756;2.763;2.747;2.748;5539.901
1571943600000;2.751;2.77;2.745;2.77;7948.784
1571947200000;2.768;2.778;2.762;2.775;4845.051
1571950800000;2.771;2.789;2.753;2.753;9069.099
1571954400000;2.753;2.775;2.75;2.775;3107.889
1571958000000;2.775;2.985;2.772;2.818;109653.001
1571961600000;2.819;2.819;2.791;2.804;32002.771
1571965200000;2.796;2.821;2.791;2.814;14539.677
1571968800000;2.815;2.831;2.803;2.831;14432.527
1571972400000;2.831;2.841;2.815;2.816;24351.701
1571976000000;2.815;2.817;2.78;2.785;24338.278
1571979600000;2.781;2.795;2.765;2.794;26577.847
1571983200000;2.787;2.811;2.787;2.794;12411.72
1571986800000;2.788;2.796;2.77;2.783;17253.637
1571990400000;2.788;2.814;2.778;2.789;33320.16
1571994000000;2.789;2.808;2.782;2.791;10517.546
1571997600000;2.795;2.88;2.789;2.863;68547.986
1572001200000;2.87;2.899;2.847;2.847;49596.671
1572004800000;2.85;2.892;2.845;2.866;18840.498
1572008400000;2.863;2.921;2.863;2.906;29522.547
1572012000000;2.906;2.933;2.906;2.922;31124.931
1572015600000;2.918;3.04;2.918;2.965;103600.72
1572019200000;2.977;3.079;2.968;3.02;111980.999
1572022800000;3.02;3.09;2.943;2.997;91993.739
1572026400000;2.991;3.127;2.982;3.106;73908.521
1572030000000;3.111;3.121;3.039;3.075;49474.712
1572033600000;3.092;3.096;3.053;3.071;6548.813
1572037200000;3.071;3.071;2.978;2.978;69654.384
1572040800000;2.981;3.026;2.961;2.973;33195.511
1572044400000;2.981;3.05;2.977;3.048;40144.946
1572048000000;3.045;3.177;3.045;3.115;83853.881
1572051600000;3.119;3.2;3.082;3.138;170060.472
1572055200000;3.134;3.201;3.057;3.201;163245.449
1572058800000;3.201;3.244;3.165;3.2;70093.14
1572062400000;3.189;3.25;3.152;3.243;50276.568
1572066000000;3.239;3.264;3.166;3.193;67800.098
1572069600000;3.199;3.208;3.172;3.194;16285.863
1572073200000;3.186;3.205;3.08;3.128;99006.302
1572076800000;3.12;3.129;3.05;3.068;33372.358
1572080400000;3.061;3.066;2.979;3.038;78858.871
1572084000000;3.043;3.108;3.039;3.088;23229.82
1572087600000;3.095;3.11;3.069;3.1;7332.292
1572091200000;3.105;3.147;3.086;3.095;26394.857
1572094800000;3.095;3.14;3.029;3.108;36937.498
1572098400000;3.103;3.135;3.098;3.135;18982.686
1572102000000;3.134;3.165;3.118;3.131;34882.891
1572105600000;3.137;3.15;3.069;3.101;23854.01
1572109200000;3.1;3.111;3.068;3.092;8908.171
1572112800000;3.092;3.1;3.033;3.08;39561.845
1572116400000;3.077;3.111;3.061;3.099;20024.391
1572120000000;3.108;3.155;3.105;3.151;26468.336
1572123600000;3.151;3.151;3.1;3.107;25316.507
1572127200000;3.099;3.103;3.068;3.087;13232.636
1572130800000;3.086;3.091;3.072;3.078;8147.876
1572134400000;3.088;3.133;3.03;3.057;47462.27
1572138000000;3.051;3.07;3.033;3.041;17681.739
1572141600000;3.055;3.055;2.996;3.014;43247.238
1572145200000;3.016;3.024;2.96;2.987;55098.102
1572148800000;2.989;3.026;2.98;3.019;9596.785
1572152400000;3.021;3.058;3.018;3.057;7666.302
1572156000000;3.057;3.092;3.046;3.079;73093.933
1572159600000;3.08;3.081;3.05;3.057;4852.789
1572163200000;3.056;3.087;3.044;3.084;9481.863
1572166800000;3.079;3.093;3.068;3.068;12047.147
1572170400000;3.084;3.15;3.072;3.141;34481.434
1572174000000;3.148;3.186;3.063;3.063;72170.506
1572177600000;3.065;3.117;3.036;3.099;52625.623
1572181200000;3.099;3.151;3.097;3.116;23624.716
1572184800000;3.116;3.2;3.073;3.179;78980.644
1572188400000;3.175;3.234;3.163;3.231;76991.664
1572192000000;3.236;3.29;3.176;3.236;112737.201
1572195600000;3.232;3.287;3.159;3.285;71814.465
1572199200000;3.288;3.3;3.241;3.26;45217.383
1572202800000;3.257;3.257;3.173;3.227;70706.032
1572206400000;3.227;3.235;3.199;3.217;7946.44
1572210000000;3.209;3.244;3.185;3.204;9965.239
1572213600000;3.204;3.248;3.182;3.189;14736.702
1572217200000;3.185;3.217;3.164;3.196;22112.907
1572220800000;3.196;3.309;3.194;3.308;44057.543
1572224400000;3.308;3.336;3.253;3.259;97094.657
1572228000000;3.257;3.333;3.236;3.324;41267.432
1572231600000;3.333;3.337;3.262;3.273;43140.118
1572235200000;3.276;3.304;3.248;3.293;50630.077
1572238800000;3.293;3.308;3.257;3.262;21996.59
1572242400000;3.265;3.268;3.16;3.189;72129.942
1572246000000;3.191;3.191;3.139;3.167;36955.697
1572249600000;3.165;3.178;3.142;3.175;41104.336
1572253200000;3.181;3.2;3.152;3.182;38934.177
1572256800000;3.187;3.204;3.16;3.183;53496.617
1572260400000;3.175;3.184;3.15;3.181;40322.223
1572264000000;3.181;3.182;3.076;3.112;114590.321
1572267600000;3.112;3.141;3.076;3.09;21903.372
1572271200000;3.105;3.152;3.098;3.132;23609.304
1572274800000;3.135;3.191;3.127;3.172;17689.089
1572278400000;3.168;3.179;3.108;3.108;31220.43
1572282000000;3.116;3.117;3.075;3.078;34146.347
1572285600000;3.081;3.152;3.067;3.136;32270.062
1572289200000;3.128;3.153;3.128;3.14;4624.167
1572292800000;3.14;3.217;3.14;3.2;33955.234
1572296400000;3.193;3.211;3.179;3.192;8623.07
1572300000000;3.191;3.194;3.146;3.158;12987.375
1572303600000;3.158;3.171;3.09;3.1;38405.607
1572307200000;3.111;3.135;3.098;3.127;9889.158
1572310800000;3.128;3.169;3.128;3.157;8686.438
1572314400000;3.149;3.16;3.088;3.124;33063.834
1572318000000;3.115;3.143;3.102;3.123;6577.62
1572321600000;3.132;3.16;3.126;3.156;20093.262
1572325200000;3.158;3.191;3.146;3.18;21479.399
1572328800000;3.18;3.195;3.135;3.135;31976.259
1572332400000;3.146;3.178;3.145;3.168;24182.374
1572336000000;3.174;3.196;3.154;3.175;18629.664
1572339600000;3.181;3.182;3.12;3.14;19136.485
1572343200000;3.136;3.171;3.133;3.151;14188.036
1572346800000;3.149;3.177;3.12;3.164;20261.684
1572350400000;3.171;3.197;3.135;3.166;42465.757
1572354000000;3.158;3.16;3.118;3.119;26979.285
1572357600000;3.127;3.131;3.095;3.101;20256.509
1572361200000;3.115;3.122;3.085;3.115;15151.514
1572364800000;3.111;3.148;3.096;3.114;19007.838
1572368400000;3.112;3.12;3.081;3.085;22204.802
1572372000000;3.086;3.117;3.068;3.078;46562.519
1572375600000;3.083;3.109;3.05;3.076;52000.123
1572379200000;3.073;3.15;3.073;3.09;23865.114
1572382800000;3.09;3.114;3.076;3.114;7193.447
1572386400000;3.116;3.159;3.116;3.153;8672.485
1572390000000;3.159;3.169;3.11;3.151;15047.968
1572393600000;3.149;3.2;3.122;3.141;46169.31
1572397200000;3.146;3.177;3.117;3.172;13232.173
1572400800000;3.175;3.181;3.15;3.162;4745.026
1572404400000;3.157;3.162;3.114;3.149;18735.422
1572408000000;3.159;3.16;3.101;3.118;9831.419
1572411600000;3.113;3.118;3.07;3.099;38554.306
1572415200000;3.105;3.122;3.089;3.089;12805.507
1572418800000;3.094;3.098;3.043;3.047;37821.409
1572422400000;3.044;3.121;3.035;3.099;23825.183
1572426000000;3.104;3.147;3.095;3.122;19405.85
1572429600000;3.129;3.146;3.03;3.089;66327.312
1572433200000;3.097;3.097;3.029;3.044;12286.03
1572436800000;3.044;3.065;3.013;3.016;16346.261
1572440400000;3.018;3.031;2.971;2.997;29650.636
1572444000000;2.997;3.027;2.972;3.022;12729.422
1572447600000;3.022;3.027;2.971;3.005;12120.731
1572451200000;3.001;3.035;2.95;2.981;51724.602
1572454800000;2.983;3.023;2.983;3.023;7987.918
1572458400000;3.014;3.044;3.014;3.035;7138.497
1572462000000;3.047;3.05;3.015;3.05;6216.104
1572465600000;3.049;3.05;3.032;3.036;12834.914
1572469200000;3.036;3.043;3.028;3.043;5270.242
1572472800000;3.039;3.041;3.005;3.025;9182.66
1572476400000;3.034;3.034;3.007;3.016;7248.237
1572480000000;3.016;3.068;3.016;3.031;14540.209
1572483600000;3.031;3.09;3.021;3.033;51450.928
1572487200000;3.044;3.095;3.037;3.056;25690.847
1572490800000;3.067;3.112;3.061;3.085;19727.068
1572494400000;3.085;3.105;3.052;3.086;29707.516
1572498000000;3.087;3.1;3.07;3.07;9903.101
1572501600000;3.076;3.095;3.07;3.087;11459.988
1572505200000;3.087;3.098;3.077;3.098;2874.261
1572508800000;3.09;3.103;3.082;3.092;7057.772
1572512400000;3.1;3.105;3.05;3.06;22731.324
1572516000000;3.059;3.068;3.008;3.065;28361.914
1572519600000;3.072;3.119;3.036;3.091;19326.986
1572523200000;3.091;3.168;3.091;3.168;37144.571
1572526800000;3.168;3.278;3.15;3.271;71441.32
1572530400000;3.268;3.279;3.218;3.24;84032.659
1572534000000;3.24;3.302;3.199;3.236;63871.684
1572537600000;3.234;3.246;3.21;3.238;35923.159
1572541200000;3.244;3.291;3.229;3.247;33558.12
1572544800000;3.247;3.288;3.247;3.253;21734.236
1572548400000;3.254;3.32;3.254;3.29;58502.355
1572552000000;3.295;3.306;3.235;3.277;33306.243
1572555600000;3.284;3.292;3.241;3.256;29675.294
1572559200000;3.267;3.267;3.201;3.213;29611.119
1572562800000;3.213;3.29;3.213;3.263;35530.227
1572566400000;3.263;3.265;3.186;3.194;56616.586
1572570000000;3.193;3.222;3.177;3.187;53777.963
1572573600000;3.187;3.207;3.177;3.199;22262.861
1572577200000;3.199;3.203;3.166;3.178;19420.136
1572580800000;3.182;3.204;3.165;3.196;8791.094
1572584400000;3.201;3.277;3.201;3.217;60950.481
1572588000000;3.218;3.238;3.188;3.194;26519.515
1572591600000;3.199;3.204;3.172;3.192;16770.176
1572595200000;3.196;3.233;3.182;3.213;12880.483
1572598800000;3.206;3.218;3.166;3.166;28087.778
1572602400000;3.167;3.24;3.167;3.228;18329.126
1572606000000;3.22;3.244;3.189;3.226;20519.757
1572609600000;3.239;3.25;3.222;3.228;7901.669
1572613200000;3.238;3.25;3.187;3.201;15960.207
1572616800000;3.21;3.241;3.185;3.233;18462.456
1572620400000;3.226;3.254;3.2;3.204;8250.421
1572624000000;3.202;3.237;3.195;3.237;13958.61
1572627600000;3.24;3.254;3.224;3.251;3116.413
1572631200000;3.251;3.284;3.245;3.261;14726.712
1572634800000;3.264;3.283;3.26;3.282;10750.166
1572638400000;3.284;3.294;3.27;3.28;11648.173
1572642000000;3.286;3.294;3.251;3.27;6665.933
1572645600000;3.26;3.295;3.259;3.28;12142.261
1572649200000;3.28;3.29;3.24;3.257;19803.95
1572652800000;3.264;3.293;3.243;3.255;21702.502
1572656400000;3.265;3.302;3.265;3.28;14560.496
1572660000000;3.28;3.31;3.261;3.31;16662.085
1572663600000;3.31;3.317;3.302;3.305;16321.533
1572667200000;3.307;3.318;3.283;3.316;12424.38
1572670800000;3.312;3.323;3.284;3.307;11958.399
1572674400000;3.309;3.319;3.294;3.306;12404.034
1572678000000;3.307;3.313;3.298;3.302;7492.81
1572681600000;3.303;3.309;3.271;3.295;14402.301
1572685200000;3.3;3.318;3.294;3.306;6147.792
1572688800000;3.302;3.315;3.294;3.306;5587.337
1572692400000;3.314;3.377;3.314;3.353;61910.028
1572696000000;3.355;3.408;3.328;3.393;41517.975
1572699600000;3.392;3.428;3.371;3.427;45914.62
1572703200000;3.427;3.43;3.377;3.417;38548.376
1572706800000;3.418;3.462;3.416;3.454;31357.351
1572710400000;3.458;3.46;3.427;3.427;11037.334
1572714000000;3.427;3.448;3.407;3.43;17011.406
1572717600000;3.43;3.43;3.383;3.39;32032.679
1572721200000;3.385;3.433;3.38;3.429;11168.162
1572724800000;3.429;3.435;3.368;3.401;8774.794
1572728400000;3.394;3.435;3.394;3.427;6451.347
1572732000000;3.427;3.448;3.407;3.409;9396.046
1572735600000;3.414;3.445;3.408;3.419;24211.24
1572739200000;3.419;3.445;3.4;3.401;5354.826
1572742800000;3.401;3.41;3.357;3.387;32680.549
1572746400000;3.385;3.435;3.38;3.398;37388.755
1572750000000;3.402;3.419;3.381;3.401;12666.035
1572753600000;3.402;3.407;3.372;3.385;13253.668
1572757200000;3.376;3.382;3.351;3.362;8368.292
1572760800000;3.361;3.367;3.352;3.358;5377.425
1572764400000;3.358;3.362;3.33;3.344;22657.656
1572768000000;3.344;3.352;3.313;3.313;30726.683
1572771600000;3.321;3.368;3.314;3.337;13951.302
1572775200000;3.336;3.349;3.31;3.318;32492.608
1572778800000;3.315;3.326;3.309;3.312;8731.123
1572782400000;3.314;3.315;3.285;3.311;23588.858
1572786000000;3.316;3.326;3.301;3.314;13701.421
1572789600000;3.316;3.326;3.29;3.302;9912.337
1572793200000;3.3;3.35;3.294;3.341;79935.915
1572796800000;3.337;3.37;3.335;3.361;23187.262
1572800400000;3.361;3.378;3.335;3.375;38883.115
1572804000000;3.375;3.4;3.366;3.387;22987.361
1572807600000;3.393;3.414;3.388;3.388;6565.078
1572811200000;3.394;3.399;3.368;3.375;9235.415
1572814800000;3.375;3.4;3.354;3.398;29388.22
1572818400000;3.387;3.402;3.358;3.375;1989.667
1572822000000;3.373;3.394;3.367;3.383;14951.041
1572825600000;3.378;3.385;3.361;3.372;9096.046
1572829200000;3.37;3.38;3.363;3.375;2663.016
1572832800000;3.373;3.373;3.354;3.36;9948.799
1572836400000;3.364;3.369;3.328;3.347;50632.493
1572840000000;3.34;3.365;3.33;3.341;14782.614
1572843600000;3.341;3.358;3.334;3.354;1584.456
1572847200000;3.362;3.401;3.354;3.387;29443.666
1572850800000;3.381;3.432;3.381;3.43;50787.567
1572854400000;3.434;3.452;3.389;3.412;31860.054
1572858000000;3.407;3.486;3.405;3.485;47025.139
1572861600000;3.486;3.528;3.485;3.51;82058.723
1572865200000;3.514;3.526;3.476;3.502;52236.533
1572868800000;3.505;3.528;3.461;3.463;78712.485
1572872400000;3.472;3.508;3.462;3.489;28320.945
1572876000000;3.496;3.597;3.494;3.57;106889.033
1572879600000;3.578;3.65;3.562;3.63;123355.456
1572883200000;3.631;3.647;3.57;3.595;75769.094
1572886800000;3.601;3.617;3.589;3.609;17119.555
1572890400000;3.614;3.614;3.572;3.61;53053.057
1572894000000;3.608;3.648;3.604;3.617;27245.073
1572897600000;3.61;3.622;3.564;3.578;40448.719
1572901200000;3.582;3.602;3.571;3.59;11049.551
1572904800000;3.588;3.645;3.57;3.609;23462.834
1572908400000;3.599;3.62;3.588;3.613;14343.414
1572912000000;3.614;3.737;3.614;3.679;110392.921
1572915600000;3.68;3.824;3.656;3.753;104095.987
1572919200000;3.753;3.768;3.714;3.753;38861.679
1572922800000;3.759;3.813;3.725;3.767;59537.822
1572926400000;3.759;3.768;3.724;3.735;10214.53
1572930000000;3.738;3.801;3.73;3.742;50341.283
1572933600000;3.754;3.754;3.687;3.687;85937.965
1572937200000;3.687;3.699;3.61;3.661;116371.393
1572940800000;3.659;3.664;3.499;3.575;185986.01
1572944400000;3.577;3.677;3.573;3.64;70156.161
1572948000000;3.632;3.643;3.57;3.611;70568.361
1572951600000;3.611;3.611;3.53;3.591;125805.29
1572955200000;3.591;3.641;3.58;3.631;62999.863
1572958800000;3.631;3.668;3.593;3.603;46222.037
1572962400000;3.596;3.709;3.596;3.696;64729.758
1572966000000;3.701;3.722;3.669;3.68;41543.218
1572969600000;3.685;3.7;3.633;3.687;44974.89
1572973200000;3.687;3.727;3.684;3.704;16357.351
1572976800000;3.704;3.713;3.661;3.692;57758.422
1572980400000;3.692;3.706;3.658;3.703;10517.504
1572984000000;3.702;3.735;3.668;3.733;21997.777
1572987600000;3.72;3.733;3.7;3.716;6206.369
1572991200000;3.717;3.766;3.697;3.741;53798.777
1572994800000;3.744;3.778;3.738;3.756;33214.823
1572998400000;3.757;3.768;3.706;3.719;29790.953
1573002000000;3.72;3.764;3.7;3.759;35193.12
1573005600000;3.751;3.88;3.748;3.879;90477.607
1573009200000;3.871;3.89;3.83;3.855;51510.795
1573012800000;3.855;3.885;3.824;3.878;47548.512
1573016400000;3.875;3.878;3.831;3.869;32110.136
1573020000000;3.868;3.886;3.844;3.882;20904.33
1573023600000;3.884;3.894;3.836;3.857;37782.261
1573027200000;3.857;3.876;3.82;3.874;37236.898
1573030800000;3.874;3.874;3.774;3.8;62003.082
1573034400000;3.799;3.834;3.767;3.809;38661.781
1573038000000;3.809;3.858;3.802;3.84;27137.004
1573041600000;3.85;3.859;3.791;3.812;22963.923
1573045200000;3.811;3.83;3.77;3.783;41528.228
1573048800000;3.783;3.855;3.778;3.844;29346.073
1573052400000;3.844;3.867;3.833;3.862;24897.106
1573056000000;3.86;3.867;3.782;3.812;56954.656
1573059600000;3.814;3.839;3.806;3.831;22835.203
1573063200000;3.832;3.833;3.799;3.82;17456.613
1573066800000;3.812;3.849;3.778;3.791;67381.537
1573070400000;3.789;3.804;3.768;3.794;16979.269
1573074000000;3.79;3.823;3.788;3.81;18766.343
1573077600000;3.81;3.833;3.8;3.832;19060.53
1573081200000;3.827;3.851;3.823;3.835;18922.223
1573084800000;3.836;3.841;3.786;3.789;23808.596
1573088400000;3.786;3.827;3.729;3.759;38416.919
1573092000000;3.755;3.785;3.65;3.729;68563.913
1573095600000;3.729;3.743;3.684;3.738;48658.49
1573099200000;3.738;3.738;3.665;3.735;42110.286
1573102800000;3.73;3.73;3.678;3.722;21122.2
1573106400000;3.721;3.75;3.707;3.735;19897.383
1573110000000;3.731;3.76;3.724;3.756;20409.774
1573113600000;3.755;3.766;3.725;3.74;36632.788
1573117200000;3.743;3.746;3.675;3.685;32969.321
1573120800000;3.679;3.689;3.639;3.689;49760.299
1573124400000;3.688;3.708;3.681;3.703;20830.422
1573128000000;3.701;3.701;3.648;3.685;22359.225
1573131600000;3.683;3.694;3.645;3.645;27811.187
1573135200000;3.657;3.697;3.648;3.69;34725.533
1573138800000;3.69;3.716;3.689;3.705;16178.201
1573142400000;3.707;3.786;3.688;3.759;67515.182
1573146000000;3.753;3.769;3.73;3.758;30580.651
1573149600000;3.763;3.81;3.754;3.806;19825.659
1573153200000;3.808;3.885;3.808;3.83;61318.403
1573156800000;3.823;3.842;3.799;3.813;44786.66
1573160400000;3.814;3.856;3.752;3.841;32780.598
1573164000000;3.842;3.87;3.833;3.848;27491.332
1573167600000;3.848;3.887;3.84;3.88;36860.023
1573171200000;3.877;3.88;3.813;3.848;30645.195
1573174800000;3.857;3.98;3.857;3.938;115841.719
1573178400000;3.941;4.055;3.923;3.957;97874.219
1573182000000;3.968;4.002;3.928;3.994;44056.46
1573185600000;3.998;4.001;3.912;3.92;55824.021
1573189200000;3.93;3.95;3.902;3.942;31667.123
1573192800000;3.942;3.955;3.893;3.893;24241.481
1573196400000;3.903;3.905;3.865;3.888;29609.969
1573200000000;3.888;3.91;3.838;3.852;45774.932
1573203600000;3.852;3.872;3.76;3.865;140167.625
1573207200000;3.865;3.882;3.786;3.808;70740.158
1573210800000;3.803;3.855;3.803;3.821;41653.417
1573214400000;3.823;3.842;3.797;3.84;31464.967
1573218000000;3.83;3.837;3.659;3.681;192421.806
1573221600000;3.684;3.751;3.65;3.697;76849.089
1573225200000;3.693;3.817;3.683;3.78;101054.008
1573228800000;3.78;3.786;3.699;3.73;67039.677
1573232400000;3.73;3.76;3.719;3.732;22249.542
1573236000000;3.732;3.795;3.726;3.786;57587.189
1573239600000;3.786;3.844;3.785;3.82;32695.109
1573243200000;3.82;3.839;3.805;3.813;34830.697
1573246800000;3.807;3.838;3.792;3.832;24909.798
1573250400000;3.832;3.849;3.804;3.82;15202.036
1573254000000;3.822;3.85;3.797;3.806;48101.262
1573257600000;3.81;3.83;3.793;3.823;27023.771
1573261200000;3.823;3.852;3.814;3.839;34202.448
1573264800000;3.838;3.867;3.832;3.855;42894.873
1573268400000;3.852;3.943;3.852;3.921;51220.295
1573272000000;3.921;3.928;3.907;3.91;16864.456
1573275600000;3.909;3.942;3.908;3.932;25827.303
1573279200000;3.932;3.96;3.908;3.952;23228.906
1573282800000;3.953;3.981;3.931;3.94;28151.092
1573286400000;3.944;3.945;3.892;3.919;33658.185
1573290000000;3.917;3.955;3.911;3.942;26357.223
1573293600000;3.943;3.948;3.854;3.893;107337.786
1573297200000;3.902;3.91;3.85;3.861;46796.508
1573300800000;3.861;3.88;3.853;3.853;19794.474
1573304400000;3.863;3.89;3.821;3.877;43967.704
1573308000000;3.877;3.912;3.851;3.883;39114.359
1573311600000;3.88;3.899;3.822;3.861;49131.609
1573315200000;3.861;3.87;3.823;3.85;15823.785
1573318800000;3.843;3.893;3.843;3.88;28173.499
1573322400000;3.88;3.897;3.865;3.88;25670.719
1573326000000;3.878;3.909;3.864;3.909;13562.256
1573329600000;3.91;3.95;3.907;3.927;32025.531
1573333200000;3.921;3.979;3.913;3.97;30859.785
1573336800000;3.969;3.969;3.95;3.961;9513.02
1573340400000;3.96;3.965;3.95;3.965;16647.126
1573344000000;3.959;3.97;3.93;3.93;11166.596
1573347600000;3.931;3.94;3.888;3.91;35179.07
1573351200000;3.908;3.927;3.883;3.927;18427.656
1573354800000;3.918;3.918;3.896;3.915;17333.412
1573358400000;3.916;3.939;3.904;3.926;15693.988
1573362000000;3.922;3.977;3.906;3.961;20523.747
1573365600000;3.96;3.962;3.894;3.921;40418.092
1573369200000;3.926;3.934;3.905;3.923;21739.087
1573372800000;3.925;3.949;3.907;3.93;20521.463
1573376400000;3.937;3.982;3.93;3.94;51724.835
1573380000000;3.946;3.988;3.938;3.988;28379.582
1573383600000;3.988;4.081;3.981;4.043;139291.138
1573387200000;4.043;4.11;4.043;4.065;80817.133
1573390800000;4.063;4.11;4.052;4.076;39799.196
1573394400000;4.075;4.168;4.068;4.12;121024.721
1573398000000;4.122;4.217;4.122;4.205;73023.816
1573401600000;4.204;4.269;4.123;4.184;149737.635
1573405200000;4.184;4.279;4.184;4.271;57092.785
1573408800000;4.277;4.277;4.182;4.225;103098.908
1573412400000;4.217;4.236;4.179;4.207;58686.661
1573416000000;4.215;4.272;4.205;4.235;44132.886
1573419600000;4.235;4.255;4.194;4.251;47039.024
1573423200000;4.251;4.255;4.183;4.211;34223.893
1573426800000;4.209;4.223;4.149;4.192;73886.35
1573430400000;4.189;4.218;4.064;4.095;100385.64
1573434000000;4.099;4.13;4.088;4.13;43459.118
1573437600000;4.13;4.143;4.092;4.098;47846.727
1573441200000;4.101;4.106;4.069;4.069;23242.719
1573444800000;4.077;4.115;4.05;4.079;83780.798
1573448400000;4.08;4.101;4.071;4.101;36856.839
1573452000000;4.101;4.149;4.094;4.122;83040.736
1573455600000;4.119;4.218;4.108;4.201;108596.759
1573459200000;4.195;4.199;4.148;4.154;49653.236
1573462800000;4.154;4.191;4.085;4.113;109195.792
1573466400000;4.113;4.176;4.107;4.164;64375.14
1573470000000;4.169;4.204;4.132;4.201;63702.401
1573473600000;4.201;4.211;4.15;4.176;47806.489
1573477200000;4.17;4.292;4.17;4.282;107717.271
1573480800000;4.286;4.365;4.239;4.345;127443.803
1573484400000;4.349;4.362;4.277;4.295;111486.273
1573488000000;4.294;4.355;4.281;4.34;86111.145
1573491600000;4.335;4.34;4.291;4.34;48150.706
1573495200000;4.339;4.381;4.325;4.328;68242.185
1573498800000;4.328;4.36;4.322;4.323;20641.503
1573502400000;4.323;4.326;4.31;4.326;13594.292
1573506000000;4.326;4.332;4.29;4.295;23497.713
1573509600000;4.297;4.324;4.293;4.304;29862.792
1573513200000;4.304;4.364;4.304;4.353;37122.79
1573516800000;4.354;4.354;4.303;4.321;49052.01
1573520400000;4.315;4.33;4.234;4.243;105985.558
1573524000000;4.242;4.25;4.199;4.234;114677.737
1573527600000;4.234;4.236;4.168;4.178;83932.524
1573531200000;4.181;4.241;4.175;4.231;44950.803
1573534800000;4.233;4.292;4.22;4.259;41481.286
1573538400000;4.258;4.277;4.224;4.241;31793.776
1573542000000;4.24;4.24;4.213;4.231;14400.894
1573545600000;4.231;4.231;4.139;4.15;84997.155
1573549200000;4.144;4.204;4.144;4.186;38128.894
1573552800000;4.186;4.215;4.159;4.19;38311.32
1573556400000;4.19;4.235;4.165;4.231;52468.688
1573560000000;4.231;4.232;4.131;4.181;86555.739
1573563600000;4.181;4.181;4.088;4.093;103501.183
1573567200000;4.093;4.117;4.07;4.09;60604.002
1573570800000;4.09;4.09;4.011;4.083;109820.023
1573574400000;4.083;4.12;4.074;4.107;46518.911
1573578000000;4.108;4.161;4.104;4.155;42320.904
1573581600000;4.161;4.164;4.037;4.1;76007.661
1573585200000;4.1;4.1;4.062;4.081;22272
1573588800000;4.081;4.081;4.05;4.069;24412.094
1573592400000;4.065;4.142;4.058;4.13;34521.904
1573596000000;4.131;4.199;4.13;4.167;41679.245
1573599600000;4.168;4.24;4.152;4.228;89668.898
1573603200000;4.23;4.24;4.104;4.166;75764.065
1573606800000;4.165;4.171;4.13;4.156;19668.718
1573617600000;4.158;4.179;4.156;4.172;4972.041
1573621200000;4.172;4.18;4.085;4.091;34523.489
1573624800000;4.098;4.118;4.065;4.111;29029.096
1573628400000;4.111;4.125;4.077;4.124;18053.465
1573632000000;4.124;4.148;4.103;4.105;31024.251
1573635600000;4.114;4.114;4.067;4.109;71408.375
1573639200000;4.109;4.109;4.033;4.04;52755.116
1573642800000;4.04;4.077;4.023;4.058;52006.455
1573646400000;4.061;4.068;4.003;4.045;51467.293
1573650000000;4.046;4.049;3.965;4.006;100394.766
1573653600000;4.005;4.013;3.969;3.972;42002.183
1573657200000;3.975;4.015;3.94;3.995;62408.733
1573660800000;3.991;4.04;3.987;4.034;32224.396
1573664400000;4.035;4.054;4.017;4.03;24690.125
1573668000000;4.037;4.064;4;4.023;52938.388
1573671600000;4.023;4.032;4.016;4.02;7962.632
1573675200000;4.021;4.029;4.012;4.024;5189.076
1573678800000;4.024;4.028;4;4.001;8516.497
1573682400000;4.002;4.012;3.991;3.991;10685.988
1573686000000;3.991;4;3.957;3.986;57542.871
1573689600000;3.977;3.987;3.96;3.965;14902.302
1573693200000;3.961;3.963;3.856;3.863;125605.678
1573696800000;3.863;3.887;3.84;3.882;61816.477
1573700400000;3.882;3.925;3.878;3.917;48473.54
1573704000000;3.916;3.923;3.859;3.868;45771.685
1573707600000;3.869;3.914;3.86;3.892;76410
1573711200000;3.894;3.894;3.865;3.866;26733.222
1573714800000;3.867;3.892;3.833;3.833;41421.981
1573718400000;3.833;3.847;3.787;3.789;122837.28
1573722000000;3.793;3.861;3.777;3.845;88926.897
1573725600000;3.837;3.87;3.825;3.848;40282.93
1573729200000;3.855;3.855;3.818;3.834;30804.265
1573732800000;3.841;3.858;3.836;3.843;13380.946
1573736400000;3.852;3.916;3.834;3.916;70417.477
1573740000000;3.917;3.933;3.897;3.9;23847.481
1573743600000;3.9;3.93;3.899;3.926;37740.19
1573747200000;3.925;3.945;3.91;3.929;22618.453
1573750800000;3.93;3.95;3.928;3.928;48821.352
1573754400000;3.93;3.936;3.9;3.901;10340.563
1573758000000;3.901;3.901;3.867;3.878;9857.688
1573761600000;3.892;3.933;3.891;3.932;16353.848
1573765200000;3.932;3.965;3.927;3.963;14432.918
1573768800000;3.964;3.975;3.926;3.933;21004.638
1573772400000;3.933;4.007;3.932;4.006;38195.333
1573776000000;4.006;4.071;3.985;4;84861.796
1573779600000;3.997;3.999;3.895;3.895;50207.272
1573783200000;3.895;3.923;3.86;3.909;33040.473
1573786800000;3.9;3.924;3.867;3.867;12580.29
1573790400000;3.867;3.876;3.86;3.872;11097.87
1573794000000;3.863;3.97;3.863;3.969;32488.909
1573797600000;3.971;4.039;3.969;4.039;29094.397
1573801200000;4.04;4.08;4.027;4.045;47918.489
1573804800000;4.044;4.133;4.034;4.109;47090.878
1573808400000;4.109;4.14;4.068;4.126;57897.469
1573812000000;4.118;4.118;4.032;4.072;32380.73
1573815600000;4.072;4.072;4.013;4.041;38043.271
1573819200000;4.043;4.088;4.031;4.086;21863.571
1573822800000;4.088;4.09;4.001;4.011;31133.741
1573826400000;4.002;4.015;3.8;3.925;220141.697
1573830000000;3.922;3.99;3.881;3.964;54489.704
1573833600000;3.952;3.994;3.949;3.972;38836.382
1573837200000;3.966;3.995;3.954;3.959;13498.614
1573840800000;3.957;3.98;3.915;3.98;39518.942
1573844400000;3.983;3.988;3.952;3.962;9419.519
1573848000000;3.966;3.966;3.926;3.931;14018.323
1573851600000;3.941;3.95;3.935;3.938;2346.799
1573855200000;3.938;3.946;3.898;3.926;11927.844
1573858800000;3.926;3.962;3.903;3.926;19195.858
1573862400000;3.926;3.926;3.863;3.874;35062.125
1573866000000;3.877;3.929;3.864;3.929;13471.127
1573869600000;3.926;3.95;3.921;3.933;18375.583
1573873200000;3.937;3.937;3.901;3.91;9989.023
1573876800000;3.911;3.918;3.899;3.907;3753.172
1573880400000;3.904;3.904;3.859;3.896;28602.716
1573884000000;3.894;3.896;3.878;3.884;7244.59
1573887600000;3.884;3.894;3.825;3.86;43508.336
1573891200000;3.863;3.897;3.827;3.875;27413.396
1573894800000;3.868;3.884;3.853;3.869;15127.443
1573898400000;3.872;3.895;3.866;3.887;11058.407
1573902000000;3.883;3.889;3.869;3.88;8696.42
1573905600000;3.888;3.955;3.831;3.894;69816.981
1573909200000;3.897;3.934;3.892;3.927;11269.404
1573912800000;3.924;3.93;3.898;3.898;7679.429
1573916400000;3.898;3.913;3.895;3.908;4685.596
1573920000000;3.901;3.935;3.901;3.92;7844.79
1573923600000;3.92;3.936;3.914;3.936;2107.747
1573927200000;3.936;3.971;3.928;3.951;15870.856
1573930800000;3.955;3.975;3.945;3.96;9766.307
1573934400000;3.96;3.96;3.911;3.921;7271.083
1573938000000;3.917;3.945;3.901;3.929;8624.064
1573941600000;3.929;3.95;3.92;3.95;2449.559
1573945200000;3.948;3.97;3.948;3.964;11811.153
1573948800000;3.967;3.977;3.964;3.969;10312.653
1573952400000;3.969;3.976;3.932;3.938;6379.113
1573956000000;3.938;3.938;3.914;3.916;5065.266
1573959600000;3.914;3.922;3.904;3.91;3835.259
1573963200000;3.908;3.908;3.846;3.857;41631.457
1573966800000;3.857;3.859;3.839;3.85;7740.608
1573970400000;3.85;3.885;3.837;3.885;5814.637
1573974000000;3.883;3.886;3.85;3.855;8161.929
1573977600000;3.854;3.97;3.8;3.93;137734.339
1573981200000;3.925;3.935;3.877;3.905;14989.325
1573984800000;3.906;3.913;3.885;3.903;6422.86
1573988400000;3.903;3.944;3.887;3.929;12372.53
1573992000000;3.931;3.954;3.917;3.94;8041.158
1573995600000;3.94;3.942;3.879;3.892;27028.625
1573999200000;3.892;3.906;3.887;3.906;6840.106
1574002800000;3.913;3.913;3.88;3.88;7957.742
1574006400000;3.884;3.951;3.881;3.933;26639.794
1574010000000;3.93;3.946;3.921;3.922;6822.946
1574013600000;3.922;3.922;3.9;3.907;4229.301
1574017200000;3.905;3.913;3.903;3.903;1593.025
1574020800000;3.907;3.934;3.884;3.887;6918.706
1574024400000;3.887;3.898;3.887;3.892;1559.204
1574028000000;3.888;3.9;3.887;3.896;3353.416
1574031600000;3.902;3.903;3.883;3.895;6291.323
1574035200000;3.888;3.896;3.876;3.884;6822.079
1574038800000;3.884;3.893;3.81;3.843;50134.067
1574042400000;3.844;3.863;3.8;3.834;42070.406
1574046000000;3.834;3.834;3.74;3.76;131216.38
1574049600000;3.76;3.804;3.757;3.803;16727.531
1574053200000;3.801;3.809;3.786;3.797;10951.225
1574056800000;3.796;3.799;3.68;3.689;167172.667
1574060400000;3.689;3.7;3.681;3.69;32710.524
1574064000000;3.69;3.75;3.69;3.734;45174.334
1574067600000;3.737;3.74;3.701;3.704;22120.873
1574071200000;3.704;3.709;3.69;3.702;19650.118
1574074800000;3.702;3.705;3.63;3.633;64501.14
1574078400000;3.635;3.667;3.6;3.635;66609.316
1574082000000;3.635;3.685;3.627;3.681;29396.527
1574085600000;3.681;3.683;3.65;3.653;10439.731
1574089200000;3.653;3.653;3.6;3.62;39556.969
1574092800000;3.627;3.659;3.621;3.634;19441.561
1574096400000;3.635;3.638;3.6;3.616;30087.742
1574100000000;3.61;3.616;3.511;3.598;106988.832
1574103600000;3.598;3.627;3.559;3.617;19364.545
1574107200000;3.624;3.63;3.603;3.628;19119.952
1574110800000;3.628;3.635;3.609;3.611;23639.792
1574114400000;3.62;3.626;3.601;3.623;5626.402
1574118000000;3.623;3.623;3.528;3.606;39618.695
1574121600000;3.606;3.616;3.55;3.57;21508.862
1574125200000;3.563;3.574;3.548;3.566;12428.355
1574128800000;3.564;3.573;3.514;3.528;27678.588
1574132400000;3.536;3.537;3.492;3.504;34129.748
1574136000000;3.495;3.518;3.47;3.493;26895.196
1574139600000;3.497;3.537;3.492;3.494;15369.524
1574143200000;3.493;3.495;3.452;3.477;44507.758
1574146800000;3.477;3.492;3.438;3.452;46332.359
1574150400000;3.452;3.511;3.449;3.511;35599.512
1574154000000;3.512;3.52;3.448;3.463;32804.482
1574157600000;3.465;3.483;3.398;3.408;52780.587
1574161200000;3.403;3.432;3.335;3.398;105834.825
1574164800000;3.401;3.45;3.369;3.377;34592.408
1574168400000;3.377;3.425;3.373;3.405;21585.337
1574172000000;3.406;3.451;3.405;3.442;21608.328
1574175600000;3.443;3.495;3.43;3.455;49774.635
1574179200000;3.454;3.48;3.4;3.409;90668.126
1574182800000;3.412;3.486;3.382;3.442;88067.361
1574186400000;3.44;3.505;3.437;3.45;132025.851
1574190000000;3.445;3.5;3.445;3.472;34340.847
1574193600000;3.472;3.496;3.434;3.47;21759.644
1574197200000;3.469;3.479;3.426;3.43;22699.219
1574200800000;3.43;3.511;3.43;3.498;17299.397
1574204400000;3.5;3.524;3.462;3.519;21718.136
1574208000000;3.519;3.519;3.464;3.498;32189.744
1574211600000;3.505;3.581;3.477;3.567;67571.871
1574215200000;3.568;3.59;3.561;3.582;37814.956
1574218800000;3.589;3.589;3.466;3.487;194605.074
1574222400000;3.485;3.51;3.471;3.478;23965.005
1574226000000;3.475;3.478;3.402;3.427;115282.293
1574229600000;3.427;3.45;3.421;3.43;16109.532
1574233200000;3.435;3.441;3.426;3.432;7933.932
1574236800000;3.432;3.447;3.406;3.406;27039.179
1574240400000;3.414;3.418;3.361;3.388;51903.308
1574244000000;3.386;3.386;3.286;3.345;143811.115
1574247600000;3.345;3.375;3.323;3.357;20393.926
1574251200000;3.356;3.356;3.316;3.341;25004.328
1574254800000;3.34;3.35;3.32;3.35;20846.19
1574258400000;3.35;3.402;3.318;3.396;61603.003
1574262000000;3.398;3.398;3.35;3.388;92118.809
1574265600000;3.385;3.405;3.361;3.386;40360.244
1574269200000;3.38;3.411;3.368;3.411;21884.29
1574272800000;3.406;3.43;3.368;3.369;27775.522
1574276400000;3.367;3.376;3.325;3.336;22233.273
1574280000000;3.344;3.345;3.33;3.344;10131.809
1574283600000;3.344;3.363;3.329;3.343;16688.382
1574287200000;3.34;3.378;3.335;3.355;18694.077
1574290800000;3.358;3.358;3.314;3.334;12573.918
1574294400000;3.334;3.335;3.299;3.307;29269.211
1574298000000;3.307;3.36;3.272;3.342;39921.451
1574301600000;3.347;3.36;3.3;3.343;30955.97
1574305200000;3.34;3.38;3.34;3.369;19665.994
1574308800000;3.38;3.432;3.379;3.402;58261.84
1574312400000;3.408;3.426;3.375;3.421;20334.535
1574316000000;3.425;3.425;3.343;3.352;45107.898
1574319600000;3.352;3.376;3.304;3.346;36423.368
1574323200000;3.344;3.35;3.219;3.264;85718.362
1574326800000;3.263;3.316;3.223;3.297;57769.706
1574330400000;3.297;3.307;3.279;3.3;20154.534
1574334000000;3.294;3.299;3.236;3.261;56563.62
1574337600000;3.257;3.306;3.256;3.303;27569.799
1574341200000;3.311;3.311;3.29;3.299;13466.677
1574344800000;3.295;3.298;3.211;3.218;50942.432
1574348400000;3.218;3.241;3.1;3.231;112424.025
1574352000000;3.226;3.24;3.146;3.162;39934.305
1574355600000;3.154;3.186;3.117;3.138;45826.916
1574359200000;3.146;3.148;3.115;3.122;24188.187
1574362800000;3.122;3.167;3.118;3.167;10209.731
1574366400000;3.169;3.177;3.145;3.145;13425.475
1574370000000;3.155;3.162;3.134;3.152;5996.516
1574373600000;3.155;3.205;3.155;3.187;27952.859
1574377200000;3.189;3.197;3.181;3.189;10662.735
1574380800000;3.196;3.268;3.189;3.268;38075.347
1574384400000;3.268;3.3;3.258;3.27;51168.896
1574388000000;3.272;3.294;3.239;3.244;39903.104
1574391600000;3.253;3.261;3.218;3.236;30710.527
1574395200000;3.236;3.266;3.213;3.222;21429.968
1574398800000;3.223;3.24;3.133;3.152;72855.425
1574402400000;3.16;3.185;3.099;3.121;71763.557
1574406000000;3.121;3.219;3.099;3.206;55148.004
1574409600000;3.212;3.271;3.184;3.221;57366.801
1574413200000;3.227;3.231;3.087;3.114;106258.306
1574416800000;3.112;3.115;2.958;2.965;192666.558
1574420400000;2.965;3.031;2.961;2.982;74615.696
1574424000000;2.982;3.012;2.96;2.986;58895.502
1574427600000;2.988;2.988;2.795;2.816;189183.432
1574431200000;2.818;2.928;2.608;2.859;330153.982
1574434800000;2.862;2.928;2.826;2.916;82086
1574438400000;2.919;2.997;2.915;2.946;85190.907
1574442000000;2.947;2.976;2.928;2.941;32131.404
1574445600000;2.944;2.968;2.929;2.964;12513.684
1574449200000;2.968;3.009;2.94;3.001;38720.077
1574452800000;3.005;3.018;2.974;2.986;21086.007
1574456400000;2.985;2.985;2.964;2.977;26212.618
1574460000000;2.977;3;2.926;2.933;26815.119
1574463600000;2.934;2.948;2.899;2.941;14091.116
1574467200000;2.94;2.942;2.855;2.89;21083.837
1574470800000;2.89;2.943;2.874;2.92;28114.014
1574474400000;2.92;2.959;2.919;2.951;19237.034
1574478000000;2.952;2.963;2.894;2.95;19108.742
1574481600000;2.961;2.962;2.906;2.914;13821.183
1574485200000;2.914;2.916;2.878;2.904;10700.231
1574488800000;2.902;3.013;2.89;2.967;85984.361
1574492400000;2.973;3.05;2.958;2.959;101399.234
1574496000000;2.965;3.028;2.934;2.965;36093.537
1574499600000;2.959;2.962;2.899;2.952;22235.006
1574503200000;2.944;2.969;2.909;2.959;31230.116
1574506800000;2.961;3.03;2.95;3.011;47786.875
1574510400000;3.009;3.044;2.991;3.005;51928.604
1574514000000;3.001;3.015;2.977;3.012;15905.358
1574517600000;3.012;3.15;3.012;3.108;119184.585
1574521200000;3.119;3.196;3.083;3.161;68267.215
1574524800000;3.159;3.176;3.117;3.156;51698.161
1574528400000;3.148;3.177;3.099;3.155;72776.937
1574532000000;3.145;3.18;3.14;3.172;30678.294
1574535600000;3.177;3.185;3.12;3.134;29282.402
1574539200000;3.134;3.179;3.124;3.174;21157.367
1574542800000;3.174;3.186;3.162;3.178;8307.513
1574546400000;3.178;3.235;3.17;3.199;43554.978
1574550000000;3.209;3.238;3.193;3.219;34197.167
1574553600000;3.219;3.238;3.135;3.143;65592.783
1574557200000;3.145;3.174;3.069;3.138;104131.677
1574560800000;3.138;3.176;3.112;3.128;67733.916
1574564400000;3.133;3.142;3.09;3.11;42585.445
1574568000000;3.113;3.16;3.095;3.101;26283.918
1574571600000;3.097;3.113;3.08;3.083;24093.663
1574575200000;3.086;3.16;3.081;3.153;28078.239
1574578800000;3.16;3.163;3.119;3.132;25145.367
1574582400000;3.13;3.174;3.121;3.164;24792.867
1574586000000;3.169;3.27;3.163;3.262;131058.234
1574589600000;3.262;3.277;3.183;3.191;141320.92
1574593200000;3.191;3.268;3.183;3.23;150027.34
1574596800000;3.236;3.24;3.186;3.202;69067.429
1574600400000;3.209;3.209;3.138;3.148;66085.337
1574604000000;3.136;3.169;3.029;3.06;106271.812
1574607600000;3.072;3.132;2.997;3.022;67495.339
1574611200000;3.026;3.095;2.98;3.082;73114.333
1574614800000;3.082;3.216;3.082;3.161;74150.068
1574618400000;3.17;3.206;3.149;3.186;19818.114
1574622000000;3.19;3.216;3.147;3.173;41742.802
1574625600000;3.173;3.224;3.157;3.196;38106.382
1574629200000;3.2;3.228;3.173;3.203;38872.793
1574632800000;3.206;3.249;3.193;3.23;44777.304
1574636400000;3.233;3.233;3.035;3.083;135290.525
1574640000000;3.094;3.151;2.983;3.107;107256.333
1574643600000;3.097;3.169;2.984;3.022;113215.036
1574654400000;3.031;3.168;3.007;3.156;146119.382
1574658000000;3.142;3.16;3.053;3.069;90829.407
1574661600000;3.067;3.16;3.054;3.148;104560.185
1574665200000;3.144;3.22;3.132;3.217;153937.848
1574668800000;3.215;3.256;3.163;3.202;135599.206
1574672400000;3.205;3.221;3.2;3.211;49544.67
1574676000000;3.22;3.3;3.201;3.287;85058.24
1574679600000;3.282;3.333;3.225;3.324;152030.429
1574683200000;3.319;3.487;3.315;3.447;186983.19
1574686800000;3.439;3.484;3.378;3.388;111983.811
1574690400000;3.388;3.451;3.369;3.395;31700.5
1574694000000;3.392;3.453;3.378;3.448;103592.997
1574697600000;3.448;3.485;3.325;3.358;129662.619
1574701200000;3.363;3.38;3.31;3.375;43941.185
1574704800000;3.382;3.388;3.345;3.349;48976.101
1574708400000;3.351;3.381;3.325;3.349;43408.935
1574712000000;3.35;3.384;3.333;3.371;15967.697
1574715600000;3.381;3.492;3.362;3.458;64142.294
1574719200000;3.462;3.537;3.411;3.429;210243.332
1574722800000;3.43;3.461;3.383;3.39;76733.238
1574726400000;3.39;3.427;3.37;3.411;35050.401
1574730000000;3.412;3.568;3.412;3.519;109263.472
1574733600000;3.519;3.628;3.519;3.628;95589.567
1574737200000;3.626;3.668;3.581;3.668;116771.704
1574740800000;3.666;3.669;3.592;3.601;34907.078
1574744400000;3.592;3.65;3.592;3.603;32404.99
1574748000000;3.598;3.617;3.566;3.579;44606.264
1574751600000;3.578;3.642;3.576;3.623;71823.112
1574755200000;3.616;3.636;3.588;3.622;46909.313
1574758800000;3.627;3.63;3.57;3.571;50817.166
1574762400000;3.57;3.584;3.57;3.584;18784.316
1574766000000;3.587;3.592;3.48;3.525;190918.12
1574769600000;3.529;3.569;3.49;3.502;72476.536
1574773200000;3.5;3.519;3.443;3.45;69151.925
1574776800000;3.457;3.526;3.45;3.517;35785.094
1574780400000;3.517;3.581;3.504;3.581;34404.763
1574784000000;3.579;3.627;3.529;3.582;76259.285
1574787600000;3.582;3.582;3.442;3.458;86405.144
1574791200000;3.458;3.511;3.44;3.511;50725.082
1574794800000;3.502;3.513;3.447;3.463;29104.926
1574798400000;3.464;3.493;3.45;3.481;19685.352
1574802000000;3.481;3.5;3.446;3.466;37208.625
1574805600000;3.456;3.499;3.438;3.496;27720.528
1574809200000;3.499;3.5;3.467;3.473;43721.47
1574812800000;3.471;3.589;3.471;3.56;69740.339
1574816400000;3.564;3.568;3.506;3.534;25345.379
1574820000000;3.534;3.599;3.532;3.581;88311.415
1574823600000;3.58;3.585;3.507;3.518;57323.715
1574827200000;3.518;3.518;3.415;3.488;176448.028
1574830800000;3.483;3.488;3.395;3.41;91058.629
1574834400000;3.414;3.502;3.401;3.473;66226.603
1574838000000;3.472;3.538;3.472;3.503;85030.209
1574841600000;3.503;3.518;3.455;3.455;23738.636
1574845200000;3.461;3.461;3.247;3.337;293641.818
1574848800000;3.335;3.416;3.314;3.385;64363.088
1574852400000;3.39;3.501;3.379;3.493;55209.237
1574856000000;3.494;3.552;3.476;3.476;109979.038
1574859600000;3.476;3.58;3.473;3.537;67815.22
1574863200000;3.536;3.56;3.48;3.526;43236.762
1574866800000;3.529;3.6;3.518;3.587;54967.021
1574870400000;3.599;3.646;3.551;3.61;82153.615
1574874000000;3.601;3.717;3.584;3.717;123099.418
1574877600000;3.718;3.778;3.631;3.635;121065.733
1574881200000;3.635;3.693;3.57;3.602;157857.823
1574884800000;3.603;3.645;3.569;3.578;31674.806
1574888400000;3.574;3.593;3.556;3.583;18458.051
1574892000000;3.579;3.583;3.5;3.519;41896.928
1574895600000;3.509;3.575;3.509;3.567;31901.401
1574899200000;3.573;3.576;3.531;3.569;20063.323
1574902800000;3.568;3.574;3.53;3.552;30165.543
1574906400000;3.544;3.581;3.527;3.578;22942.691
1574910000000;3.577;3.577;3.511;3.521;16010.22
1574913600000;3.52;3.573;3.497;3.536;32542.749
1574917200000;3.533;3.553;3.48;3.54;34904.958
1574920800000;3.534;3.559;3.51;3.549;21093.054
1574924400000;3.544;3.61;3.522;3.61;56457.946
1574928000000;3.602;3.641;3.602;3.63;49044.135
1574931600000;3.63;3.68;3.575;3.674;65314.458
1574935200000;3.679;3.68;3.618;3.649;45982.786
1574938800000;3.649;3.654;3.617;3.647;12739.338
1574942400000;3.64;3.654;3.57;3.574;28216.122
1574946000000;3.583;3.656;3.577;3.644;38504.508
1574949600000;3.647;3.656;3.624;3.631;20667.79
1574953200000;3.633;3.72;3.626;3.695;59301.693
1574956800000;3.695;3.758;3.668;3.733;84193.714
1574960400000;3.733;3.759;3.73;3.736;41733.924
1574964000000;3.727;3.754;3.719;3.744;13964.833
1574967600000;3.748;3.757;3.733;3.735;11848.911
1574971200000;3.744;3.747;3.7;3.706;11015.652
1574974800000;3.714;3.737;3.701;3.734;26448.357
1574978400000;3.734;3.739;3.655;3.659;32851.434
1574982000000;3.66;3.681;3.635;3.68;20512.928
1574985600000;3.68;3.758;3.667;3.754;22883.389
1574989200000;3.754;3.767;3.717;3.728;24794.666
1574992800000;3.729;3.735;3.681;3.71;28926.661
1574996400000;3.707;3.789;3.707;3.745;46394.943
1575000000000;3.757;3.782;3.743;3.776;31466.722
1575003600000;3.776;3.81;3.772;3.804;49534.193
1575007200000;3.802;3.848;3.748;3.768;133968.123
1575010800000;3.766;3.802;3.762;3.795;56052.937
1575014400000;3.795;3.838;3.756;3.78;57613.891
1575018000000;3.782;3.856;3.771;3.828;50025.836
1575021600000;3.828;3.852;3.801;3.826;20594.242
1575025200000;3.822;3.908;3.814;3.893;79437.976
1575028800000;3.887;3.913;3.816;3.899;92161.727
1575032400000;3.902;3.98;3.881;3.945;123849.375
1575036000000;3.948;4.047;3.944;4.025;112119.04
1575039600000;4.025;4.11;3.971;4.081;179040.444
1575043200000;4.078;4.109;3.986;4;104954.091
1575046800000;4;4.01;3.971;3.983;26225.45
1575050400000;3.99;4.026;3.987;4.019;21854.104
1575054000000;4.019;4.035;3.981;4.021;24160.081
1575057600000;4.025;4.049;4.004;4.008;31008.136
1575061200000;4.009;4.019;3.959;3.98;47631.608
1575064800000;3.985;3.988;3.941;3.953;12973.992
1575068400000;3.951;4.014;3.945;4.012;46399.781
1575072000000;4.007;4.046;3.989;4.041;38895.922
1575075600000;4.046;4.094;4.04;4.074;70309.704
1575079200000;4.079;4.088;3.973;3.981;133558.975
1575082800000;3.99;4.049;3.969;4.036;32296.662
1575086400000;4.035;4.037;3.983;3.987;64151.312
1575090000000;3.986;4.012;3.968;3.974;60945.779
1575093600000;3.973;4.012;3.95;3.99;32521.752
1575097200000;3.99;4.02;3.961;3.978;24153.757
1575100800000;3.966;3.982;3.946;3.946;24576.56
1575104400000;3.946;3.955;3.821;3.84;157244.878
1575108000000;3.84;3.934;3.831;3.891;88921.308
1575111600000;3.894;3.912;3.861;3.91;26385.447
1575115200000;3.912;3.931;3.891;3.895;24607.455
1575118800000;3.891;3.895;3.839;3.839;61473.827
1575122400000;3.84;3.863;3.81;3.857;51542.53
1575126000000;3.856;3.896;3.844;3.875;23763.901
1575129600000;3.883;3.925;3.849;3.925;35108.911
1575133200000;3.925;3.926;3.853;3.867;24519.062
1575136800000;3.867;3.867;3.833;3.833;13106.09
1575140400000;3.833;3.845;3.815;3.815;13220.901
1575144000000;3.827;3.878;3.815;3.869;7952.014
1575147600000;3.865;3.905;3.865;3.903;14160.272
1575151200000;3.902;3.916;3.878;3.881;18086.979
1575154800000;3.888;3.925;3.888;3.921;13199.826
1575158400000;3.925;3.932;3.885;3.897;19376.297
1575162000000;3.897;3.897;3.751;3.764;82191.813
1575165600000;3.76;3.833;3.711;3.721;70878
1575169200000;3.726;3.782;3.704;3.777;47882.742
1575172800000;3.779;3.831;3.763;3.827;21620.676
1575176400000;3.828;3.829;3.715;3.735;17572.92
1575180000000;3.735;3.772;3.705;3.738;40266.455
1575183600000;3.732;3.779;3.715;3.734;34179.341
1575187200000;3.734;3.751;3.701;3.702;21329.839
1575190800000;3.706;3.733;3.57;3.66;128909.43
1575194400000;3.662;3.749;3.646;3.745;42071.575
1575198000000;3.749;3.762;3.657;3.676;63138.954
1575201600000;3.687;3.75;3.68;3.715;75572.363
1575205200000;3.709;3.914;3.708;3.885;127168.936
1575208800000;3.895;3.919;3.83;3.851;85874.501
1575212400000;3.86;3.879;3.75;3.775;85209.142
1575216000000;3.78;3.849;3.76;3.836;37365.281
1575219600000;3.836;3.836;3.774;3.796;14945.186
1575223200000;3.795;3.795;3.744;3.761;22729.082
1575226800000;3.761;3.8;3.744;3.792;9447.559
1575230400000;3.8;3.813;3.78;3.78;7209.895
1575234000000;3.786;3.788;3.759;3.777;3265.987
1575237600000;3.777;3.814;3.757;3.814;12906.675
1575241200000;3.814;3.878;3.803;3.813;25247.437
1575244800000;3.824;3.846;3.778;3.79;25493.693
1575248400000;3.79;3.823;3.782;3.782;12863.592
1575252000000;3.79;3.898;3.78;3.886;39453.44
1575255600000;3.88;3.904;3.857;3.879;52601.152
1575259200000;3.877;3.893;3.853;3.885;28517.973
1575262800000;3.879;3.893;3.787;3.8;56800.773
1575266400000;3.792;3.795;3.703;3.751;82341.55
1575270000000;3.749;3.76;3.679;3.725;63969.974
1575273600000;3.727;3.727;3.629;3.709;82590.335
1575277200000;3.708;3.784;3.699;3.714;93116.049
1575280800000;3.717;3.759;3.671;3.692;39230.48
1575284400000;3.688;3.729;3.673;3.702;17393.936
1575288000000;3.7;3.722;3.655;3.717;22827.54
1575291600000;3.711;3.732;3.701;3.706;22569.824
1575295200000;3.706;3.717;3.658;3.696;39127.963
1575298800000;3.698;3.725;3.658;3.684;21260.424
1575302400000;3.688;3.707;3.639;3.66;16642.097
1575306000000;3.651;3.651;3.616;3.624;18294.818
1575309600000;3.624;3.628;3.59;3.604;31974.21
1575313200000;3.604;3.63;3.598;3.627;6769.373
1575316800000;3.627;3.686;3.624;3.667;26952.671
1575320400000;3.66;3.686;3.653;3.66;26389.307
1575324000000;3.655;3.673;3.653;3.671;15599.066
1575327600000;3.671;3.713;3.661;3.665;18930.163
1575331200000;3.664;3.768;3.664;3.727;55474.958
1575334800000;3.738;3.81;3.722;3.758;53571.206
1575338400000;3.759;3.821;3.746;3.762;41620.788
1575342000000;3.762;3.819;3.762;3.804;48355.946
1575345600000;3.804;3.82;3.737;3.761;26299.819
1575349200000;3.757;3.768;3.683;3.712;50588.682
1575352800000;3.705;3.736;3.678;3.718;101613.862
1575356400000;3.719;3.73;3.691;3.706;26713.659
1575360000000;3.705;3.73;3.689;3.727;22997.984
1575363600000;3.727;3.731;3.685;3.69;21771.147
1575367200000;3.694;3.695;3.615;3.663;116396.224
1575370800000;3.657;3.676;3.649;3.659;14154.455
1575374400000;3.659;3.732;3.659;3.719;18813.344
1575378000000;3.723;3.735;3.645;3.691;46280.526
1575381600000;3.684;3.719;3.662;3.708;18519.823
1575385200000;3.713;3.713;3.65;3.687;40257.628
1575388800000;3.69;3.713;3.647;3.712;20785.462
1575392400000;3.711;3.724;3.691;3.704;9945.031
1575396000000;3.704;3.712;3.679;3.685;9868.793
1575399600000;3.688;3.698;3.657;3.671;8259.019
1575403200000;3.666;3.668;3.628;3.628;29230.747
1575406800000;3.629;3.67;3.628;3.662;9406.009
1575410400000;3.67;3.67;3.636;3.648;8307.072
1575414000000;3.648;3.652;3.628;3.636;10260.24
1575417600000;3.636;3.636;3.473;3.55;164515.298
1575421200000;3.55;3.604;3.52;3.54;66865.686
1575424800000;3.549;3.573;3.497;3.504;15016.564
1575428400000;3.504;3.522;3.457;3.468;38713.542
1575432000000;3.468;3.53;3.423;3.473;109578.852
1575435600000;3.471;3.475;3.427;3.458;52498.588
1575439200000;3.452;3.504;3.45;3.475;14567.701
1575442800000;3.482;3.492;3.447;3.456;13842.305
1575446400000;3.45;3.546;3.414;3.526;77494.514
1575450000000;3.53;3.543;3.497;3.521;37381.081
1575453600000;3.532;3.558;3.482;3.549;23634.024
1575457200000;3.549;3.555;3.498;3.535;16323.901
1575460800000;3.535;3.728;3.524;3.681;202422.255
1575464400000;3.672;3.788;3.598;3.706;223213.649
1575468000000;3.709;3.73;3.63;3.675;74593.998
1575471600000;3.677;3.701;3.643;3.689;44170.864
1575475200000;3.695;3.709;3.646;3.656;24874.382
1575478800000;3.663;3.693;3.625;3.654;33633.832
1575482400000;3.656;3.672;3.64;3.66;9738.237
1575486000000;3.668;3.721;3.658;3.703;56712.622
1575489600000;3.702;3.702;3.56;3.589;53428.818
1575493200000;3.601;3.632;3.535;3.556;30073.889
1575496800000;3.552;3.573;3.543;3.566;17346.882
1575500400000;3.566;3.586;3.547;3.555;23097.876
1575504000000;3.555;3.555;3.523;3.542;23804.894
1575507600000;3.542;3.561;3.537;3.541;9276.069
1575511200000;3.543;3.55;3.481;3.514;60883.174
1575514800000;3.506;3.53;3.486;3.525;26172.99
1575518400000;3.523;3.573;3.491;3.518;67993.421
1575522000000;3.518;3.596;3.502;3.595;45994.754
1575525600000;3.593;3.606;3.544;3.549;48661.594
1575529200000;3.544;3.564;3.524;3.547;37955.965
1575532800000;3.547;3.593;3.527;3.564;37016.723
1575536400000;3.564;3.61;3.56;3.566;47540.572
1575540000000;3.567;3.593;3.553;3.589;27469.337
1575543600000;3.588;3.6;3.561;3.57;38248.773
1575547200000;3.57;3.624;3.565;3.593;59997.504
1575550800000;3.601;3.612;3.55;3.554;54091.49
1575554400000;3.56;3.56;3.535;3.548;19841.743
1575558000000;3.555;3.555;3.493;3.5;34504.619
1575561600000;3.5;3.501;3.471;3.479;17084.892
1575565200000;3.473;3.489;3.445;3.488;29264.72
1575568800000;3.479;3.5;3.469;3.485;19286.434
1575572400000;3.483;3.541;3.473;3.53;30574.564
1575576000000;3.523;3.549;3.48;3.518;19493.186
1575579600000;3.519;3.529;3.483;3.493;6347.085
1575583200000;3.493;3.522;3.468;3.51;27687.001
1575586800000;3.513;3.549;3.475;3.49;52724.809
1575590400000;3.489;3.491;3.452;3.485;28990.848
1575594000000;3.485;3.51;3.475;3.502;23854.004
1575597600000;3.502;3.541;3.496;3.508;25376.855
1575601200000;3.508;3.53;3.481;3.497;43537.209
1575604800000;3.505;3.521;3.476;3.521;90673.369
1575608400000;3.518;3.527;3.496;3.515;12710.676
1575612000000;3.514;3.515;3.48;3.49;14572.158
1575615600000;3.483;3.536;3.483;3.531;15937.53
1575619200000;3.531;3.536;3.496;3.507;37031.005
1575622800000;3.515;3.558;3.501;3.55;26328.397
1575626400000;3.551;3.551;3.516;3.521;15004.132
1575630000000;3.519;3.526;3.501;3.513;17152.667
1575633600000;3.514;3.545;3.51;3.541;14061.308
1575637200000;3.541;3.563;3.514;3.558;29258.261
1575640800000;3.558;3.632;3.558;3.613;74727.202
1575644400000;3.618;3.674;3.614;3.636;57710.371
1575648000000;3.638;3.668;3.622;3.645;14125.123
1575651600000;3.652;3.68;3.6;3.643;40942.789
1575655200000;3.644;3.652;3.602;3.618;17750.44
1575658800000;3.625;3.652;3.621;3.643;10729.557
1575662400000;3.645;3.66;3.645;3.655;7052.448
1575666000000;3.655;3.7;3.648;3.696;17601.345
1575669600000;3.697;3.7;3.654;3.658;18521.765
1575673200000;3.654;3.677;3.63;3.652;23504.897
1575676800000;3.66;3.679;3.638;3.667;24298.855
1575680400000;3.676;3.705;3.665;3.689;34711.089
1575684000000;3.693;3.753;3.67;3.752;23676.946
1575687600000;3.754;3.773;3.725;3.764;20351.333
1575691200000;3.757;3.826;3.749;3.802;55007.204
1575694800000;3.809;3.813;3.778;3.785;23169.565
1575698400000;3.784;3.79;3.745;3.762;20624.647
1575702000000;3.771;3.775;3.723;3.761;33294.496
1575705600000;3.76;3.789;3.731;3.735;25555.112
1575709200000;3.735;3.759;3.72;3.742;36512.506
1575712800000;3.734;3.764;3.73;3.76;9562.675
1575716400000;3.76;3.869;3.755;3.827;145511.266
1575720000000;3.823;3.868;3.811;3.811;63151.821
1575723600000;3.802;3.85;3.788;3.828;31950.553
1575727200000;3.82;3.85;3.805;3.84;38084.842
1575730800000;3.839;3.869;3.831;3.855;47063.538
1575734400000;3.846;3.856;3.8;3.816;63934.669
1575738000000;3.825;3.831;3.796;3.815;10408.33
1575741600000;3.815;3.825;3.801;3.801;6801.902
1575745200000;3.8;3.819;3.76;3.805;21488.238
1575748800000;3.814;3.838;3.783;3.793;42556.324
1575752400000;3.791;3.829;3.78;3.791;12568.876
1575756000000;3.792;3.792;3.768;3.777;3828.309
1575759600000;3.78;3.786;3.754;3.764;15109.553
1575763200000;3.754;3.761;3.69;3.728;63145.389
1575766800000;3.727;3.728;3.684;3.706;19971.832
1575770400000;3.706;3.722;3.691;3.722;19418.324
1575774000000;3.722;3.743;3.714;3.714;16140.413
1575777600000;3.722;3.742;3.695;3.733;10951.933
1575781200000;3.733;3.743;3.705;3.712;16893.465
1575784800000;3.712;3.777;3.705;3.776;15399.915
1575788400000;3.775;3.795;3.754;3.754;13210.758
1575792000000;3.751;3.76;3.737;3.756;6866.86
1575795600000;3.758;3.83;3.753;3.814;36522.582
1575799200000;3.818;3.854;3.809;3.821;49379.1
1575802800000;3.821;3.92;3.821;3.906;179436.212
1575806400000;3.906;3.915;3.863;3.87;55774.871
1575810000000;3.868;3.9;3.862;3.869;38856.256
1575813600000;3.88;3.9;3.875;3.888;27328.545
1575817200000;3.89;3.925;3.89;3.916;55446.055
1575820800000;3.916;3.924;3.88;3.893;17680.149
1575824400000;3.885;3.901;3.879;3.895;7548.717
1575828000000;3.895;3.985;3.887;3.983;119961.878
1575831600000;3.983;3.997;3.916;3.934;72911.926
1575835200000;3.929;3.993;3.92;3.957;51509.554
1575838800000;3.957;3.958;3.907;3.925;12802.761
1575842400000;3.925;3.937;3.879;3.922;45672.035
1575846000000;3.929;3.939;3.911;3.921;17106.862
1575849600000;3.921;3.946;3.909;3.92;36628.521
1575853200000;3.91;3.91;3.793;3.833;112532.475
1575856800000;3.831;3.856;3.809;3.827;45356.016
1575860400000;3.838;3.889;3.821;3.88;64939.182
1575864000000;3.878;3.896;3.85;3.864;33454.154
1575867600000;3.871;3.875;3.832;3.841;33077.175
1575871200000;3.846;3.888;3.818;3.874;76684.378
1575874800000;3.871;3.875;3.844;3.86;12784.022
1575878400000;3.857;3.857;3.815;3.822;22627.976
1575882000000;3.823;3.846;3.82;3.845;19725.191
1575885600000;3.834;3.858;3.823;3.858;9706.52
1575889200000;3.855;3.876;3.84;3.861;19648.256
1575892800000;3.861;3.901;3.85;3.896;10094.706
1575896400000;3.896;3.897;3.855;3.862;16453.736
1575900000000;3.862;3.895;3.851;3.885;24194.929
1575903600000;3.885;3.902;3.764;3.791;123989.461
1575907200000;3.796;3.83;3.75;3.762;66352.827
1575910800000;3.758;3.789;3.729;3.784;65403.705
1575914400000;3.784;3.788;3.759;3.788;10036.955
1575918000000;3.788;3.791;3.743;3.748;17094.098
1575921600000;3.741;3.748;3.692;3.7;50785.099
1575925200000;3.71;3.735;3.668;3.726;73913.734
1575928800000;3.721;3.726;3.689;3.705;13176.865
1575932400000;3.7;3.708;3.636;3.666;112439.014
1575936000000;3.672;3.695;3.639;3.693;34104.997
1575939600000;3.685;3.691;3.603;3.671;130891.275
1575943200000;3.671;3.671;3.606;3.61;36153.332
1575946800000;3.613;3.698;3.6;3.693;67198.141
1575950400000;3.692;3.734;3.652;3.733;72934.465
1575954000000;3.725;3.726;3.69;3.691;55423.613
1575957600000;3.691;3.701;3.676;3.701;42984.073
1575961200000;3.701;3.755;3.681;3.72;96147.052
1575964800000;3.727;3.727;3.628;3.638;92233.708
1575968400000;3.64;3.652;3.623;3.634;35774.647
1575972000000;3.634;3.677;3.629;3.667;41611.253
1575975600000;3.667;3.674;3.643;3.646;14231.611
1575979200000;3.652;3.652;3.594;3.616;80079.419
1575982800000;3.618;3.704;3.599;3.626;121688.396
1575986400000;3.621;3.621;3.557;3.572;83486.501
1575990000000;3.566;3.578;3.506;3.53;63992.265
1575993600000;3.53;3.585;3.525;3.58;26262.352
1575997200000;3.581;3.602;3.53;3.543;13712.085
1576000800000;3.539;3.571;3.52;3.57;25708.253
1576004400000;3.569;3.57;3.551;3.564;5405.36
1576008000000;3.562;3.562;3.521;3.523;4700.353
1576011600000;3.524;3.548;3.524;3.544;10890.571
1576015200000;3.545;3.61;3.538;3.602;37260.536
1576018800000;3.597;3.611;3.574;3.58;23625.172
1576022400000;3.587;3.649;3.567;3.649;21426.845
1576026000000;3.644;3.7;3.627;3.677;68331.671
1576029600000;3.677;3.677;3.615;3.628;23105.72
1576033200000;3.629;3.641;3.57;3.588;38278.694
1576036800000;3.589;3.662;3.579;3.637;39433.538
1576040400000;3.637;3.638;3.596;3.621;29849.139
1576044000000;3.611;3.653;3.604;3.642;13564.401
1576047600000;3.65;3.662;3.624;3.653;16382.256
1576051200000;3.653;3.663;3.633;3.648;7154.536
1576054800000;3.653;3.671;3.638;3.661;30633.809
1576058400000;3.651;3.66;3.629;3.629;6106.084
1576062000000;3.632;3.695;3.628;3.677;63023.684
1576065600000;3.68;3.703;3.679;3.689;24098.733
1576069200000;3.696;3.696;3.652;3.693;33387.818
1576072800000;3.686;3.719;3.673;3.685;41060.091
1576076400000;3.689;3.69;3.589;3.625;63225.934
1576080000000;3.625;3.689;3.61;3.66;15384.776
1576083600000;3.66;3.671;3.627;3.65;17148.644
1576087200000;3.658;3.658;3.629;3.654;6334.596
1576090800000;3.654;3.698;3.646;3.672;28570.775
1576094400000;3.676;3.697;3.663;3.68;25410.644
1576098000000;3.689;3.74;3.681;3.74;22740.622
1576101600000;3.73;3.778;3.723;3.771;50920.053
1576105200000;3.778;3.88;3.776;3.823;151227.945
1576108800000;3.837;3.869;3.755;3.82;89604.846
1576112400000;3.811;3.832;3.755;3.818;50947.741
1576116000000;3.818;3.928;3.804;3.879;104954.653
1576119600000;3.892;3.923;3.89;3.892;46929.772
1576123200000;3.889;3.899;3.755;3.802;184747.645
1576126800000;3.804;3.84;3.793;3.822;41158.754
1576130400000;3.817;3.876;3.816;3.83;42851.781
1576134000000;3.83;3.866;3.827;3.838;44735.61
1576137600000;3.838;3.846;3.771;3.803;53179.693
1576141200000;3.803;3.864;3.787;3.84;24140.86
1576144800000;3.849;3.96;3.839;3.95;106927.025
1576148400000;3.948;4.15;3.922;4.104;199296.076
1576152000000;4.107;4.18;4.005;4.026;287845.944
1576155600000;4.026;4.09;3.99;3.995;148808.815
1576159200000;4.008;4.018;3.934;3.97;191857.046
1576162800000;3.961;4.069;3.959;4.021;167632.372
1576166400000;4.019;4.1;4.005;4.085;99763.202
1576170000000;4.085;4.1;4.057;4.063;61449.502
1576173600000;4.061;4.1;3.976;4.04;113979.919
1576177200000;4.042;4.088;3.984;4.07;50468.639
1576180800000;4.071;4.097;4.046;4.09;29733.696
1576184400000;4.09;4.176;4.08;4.169;100381.619
1576188000000;4.17;4.199;4.045;4.095;92188.779
1576191600000;4.095;4.115;4.076;4.102;48050.727
1576195200000;4.109;4.164;4.103;4.137;50695.538
1576198800000;4.147;4.168;4.129;4.157;40099.312
1576202400000;4.157;4.168;4.093;4.1;58970.476
1576206000000;4.109;4.146;4.104;4.12;36941.167
1576209600000;4.121;4.139;4.078;4.09;50403.14
1576213200000;4.09;4.118;4.072;4.096;27110.769
1576216800000;4.083;4.129;4.069;4.106;15794.129
1576220400000;4.108;4.168;4.107;4.159;39511.745
1576224000000;4.161;4.168;4.113;4.148;30275.996
1576227600000;4.15;4.168;4.139;4.14;15084.284
1576231200000;4.14;4.19;4.122;4.174;31726.062
1576234800000;4.176;4.282;4.175;4.201;145908.352
1576238400000;4.2;4.245;4.18;4.204;78972.083
1576242000000;4.2;4.205;4.013;4.013;226544.355
1576245600000;4.013;4.067;4.001;4.015;152085.405
1576249200000;4.016;4.066;3.985;4.066;101364.237
1576252800000;4.057;4.106;4.048;4.074;83757.729
1576256400000;4.076;4.091;4.034;4.05;53111.771
1576260000000;4.048;4.068;4.015;4.035;42755.31
1576263600000;4.023;4.029;3.95;3.973;90142.73
1576267200000;3.973;4.018;3.965;4.018;21445.569
1576270800000;4.017;4.028;4.007;4.028;10865.688
1576274400000;4.02;4.028;3.982;4.009;14904.614
1576278000000;4.008;4.008;3.954;3.967;29695.177
1576281600000;3.967;4.021;3.957;4.02;30085.445
1576285200000;4.021;4.081;4.008;4.056;50438.02
1576288800000;4.052;4.145;4.043;4.089;82413.983
1576292400000;4.091;4.14;4.081;4.118;24376.194
1576296000000;4.113;4.139;4.106;4.139;24439.437
1576299600000;4.139;4.151;4.121;4.141;25598.335
1576303200000;4.141;4.155;4.123;4.15;19658.831
1576306800000;4.15;4.151;4.113;4.136;23780.65
1576310400000;4.136;4.142;4.037;4.048;53270.19
1576314000000;4.048;4.104;4.032;4.077;26428.56
1576317600000;4.085;4.112;4.07;4.083;15080.265
1576321200000;4.079;4.086;4.02;4.056;36743.246
1576324800000;4.062;4.088;4.023;4.036;24617.188
1576328400000;4.035;4.076;3.975;4.046;50046.161
1576332000000;4.049;4.12;4.031;4.119;47470.852
1576335600000;4.119;4.198;4.01;4.057;163092.446
1576339200000;4.057;4.269;3.98;4.228;214651.707
1576342800000;4.229;4.278;4.169;4.26;157180.893
1576346400000;4.265;4.275;4.224;4.257;53856.884
1576350000000;4.257;4.271;4.23;4.23;35932.462
1576353600000;4.239;4.239;4.15;4.194;56888.156
1576357200000;4.2;4.278;4.188;4.258;62140.784
1576360800000;4.262;4.323;4.19;4.315;72835.266
1576364400000;4.315;4.321;4.208;4.259;67781.517
1576368000000;4.251;4.257;4.156;4.207;45033.039
1576371600000;4.207;4.36;4.207;4.323;135253.785
1576375200000;4.323;4.35;4.274;4.35;101804.708
1576378800000;4.35;4.44;4.331;4.37;134570.602
1576382400000;4.367;4.401;4.313;4.347;44347.338
1576386000000;4.348;4.366;4.315;4.357;32584.994
1576389600000;4.358;4.375;4.286;4.318;45954.976
1576393200000;4.322;4.393;4.3;4.371;76997.449
1576396800000;4.371;4.48;4.368;4.467;112659.907
1576400400000;4.467;4.544;4.411;4.52;156602.842
1576404000000;4.52;4.668;4.48;4.545;301705.177
1576407600000;4.548;4.641;4.434;4.493;272580.736
1576411200000;4.498;4.548;4.418;4.459;129557.558
1576414800000;4.463;4.511;4.442;4.48;96691.19
1576418400000;4.481;4.59;4.471;4.566;105265.022
1576422000000;4.566;4.591;4.471;4.517;124000.723
1576425600000;4.516;4.547;4.427;4.49;147436.549
1576429200000;4.49;4.506;4.435;4.449;69037.322
1576432800000;4.444;4.536;4.437;4.52;68114.935
1576436400000;4.519;4.534;4.476;4.516;15429.058
1576440000000;4.517;4.57;4.516;4.562;51492.8
1576443600000;4.56;4.561;4.505;4.537;39517.243
1576447200000;4.538;4.568;4.479;4.543;54783.752
1576450800000;4.542;4.55;4.487;4.494;37776.535
1576454400000;4.495;4.5;4.31;4.408;211968.723
1576458000000;4.408;4.411;4.31;4.317;55706.622
1576461600000;4.316;4.367;4.224;4.362;118029.721
1576465200000;4.362;4.366;4.314;4.324;52518.497
1576468800000;4.324;4.33;4.06;4.171;496510.02
1576472400000;4.17;4.207;4.107;4.144;154250.488
1576476000000;4.143;4.243;4.107;4.24;136098.901
1576479600000;4.234;4.331;4.221;4.265;158212.42
1576483200000;4.257;4.301;4.222;4.236;61679.869
1576486800000;4.238;4.256;4.207;4.236;56931.956
1576490400000;4.233;4.274;4.233;4.251;36285.99
1576494000000;4.249;4.38;4.249;4.345;76167.467
1576497600000;4.352;4.358;4.282;4.329;84301.966
1576501200000;4.323;4.341;4.291;4.305;38433.029
1576504800000;4.308;4.345;4.293;4.337;24737.257
1576508400000;4.337;4.345;4.1;4.23;160075.221
1576512000000;4.235;4.3;4.192;4.266;70204.622
1576515600000;4.275;4.286;4.275;4.284;17457.565
1576519200000;4.286;4.343;4.07;4.086;204286.527
1576522800000;4.09;4.136;4.027;4.049;128157.822
1576526400000;4.045;4.108;4.041;4.068;60900.353
1576530000000;4.071;4.133;4.05;4.066;42059.237
1576533600000;4.066;4.097;4.008;4.087;55829.445
1576537200000;4.084;4.084;4.015;4.053;67343.064
1576540800000;4.057;4.143;4.026;4.087;94886.277
1576544400000;4.085;4.09;4.023;4.042;68258.416
1576548000000;4.047;4.131;4.024;4.103;48630.404
1576551600000;4.101;4.113;4.01;4.032;66593.33
1576555200000;4.031;4.055;3.89;3.996;175947.805
1576558800000;3.996;4.029;3.948;4.011;70768.186
1576562400000;4.007;4.024;3.89;3.894;121950.629
1576566000000;3.894;3.94;3.858;3.891;84984.643
1576569600000;3.895;3.916;3.868;3.916;40543.985
1576573200000;3.915;3.924;3.799;3.814;166813.334
1576576800000;3.824;3.876;3.806;3.812;90246.638
1576580400000;3.816;3.818;3.727;3.807;180920.899
1576584000000;3.802;3.838;3.772;3.786;92891.988
1576587600000;3.793;3.815;3.642;3.689;222276.407
1576591200000;3.689;3.767;3.611;3.76;157844.996
1576594800000;3.76;3.765;3.68;3.68;63595.573
1576598400000;3.679;3.845;3.661;3.816;130134.714
1576602000000;3.816;3.868;3.777;3.797;90596.624
1576605600000;3.796;3.796;3.759;3.765;15270.637
1576609200000;3.758;3.761;3.609;3.647;92296.854
1576612800000;3.651;3.657;3.57;3.602;91629.428
1576616400000;3.604;3.622;3.551;3.595;162183.88
1576620000000;3.6;3.661;3.536;3.539;64657.649
1576623600000;3.552;3.65;3.54;3.64;64530.762
1576627200000;3.641;3.743;3.591;3.738;44058.698
1576630800000;3.732;3.765;3.669;3.73;106554.729
1576634400000;3.73;3.848;3.73;3.816;101846.45
1576638000000;3.819;3.849;3.748;3.768;87215.143
1576641600000;3.767;3.803;3.733;3.751;52356.298
1576645200000;3.749;3.797;3.738;3.756;18988.024
1576648800000;3.762;3.845;3.73;3.741;84622.441
1576652400000;3.741;3.816;3.73;3.786;66688.498
1576656000000;3.786;3.813;3.746;3.792;35432.035
1576659600000;3.786;3.86;3.781;3.846;74315.173
1576663200000;3.848;3.933;3.837;3.924;135857.341
1576666800000;3.924;3.93;3.834;3.856;150842.317
1576670400000;3.85;3.885;3.675;3.753;223422.99
1576674000000;3.747;3.889;3.624;3.875;216872.811
1576677600000;3.875;3.949;3.823;3.884;163640.105
1576681200000;3.876;4.073;3.854;3.977;281460.825
1576684800000;3.973;4.055;3.869;3.984;193414.366
1576688400000;3.987;4.022;3.944;3.989;55514.866
1576692000000;3.996;4.005;3.91;3.975;71776.576
1576695600000;3.971;4.343;3.969;4.212;504347.272
1576699200000;4.21;4.555;4.202;4.37;509621.559
1576702800000;4.369;4.45;4.283;4.295;124609.586
1576706400000;4.297;4.416;4.258;4.416;214755.658
1576710000000;4.416;4.417;4.241;4.265;183367.717
1576713600000;4.266;4.37;4.255;4.298;159113.992
1576717200000;4.31;4.322;4.173;4.25;151179.671
1576720800000;4.242;4.3;4.199;4.236;59891.133
1576724400000;4.24;4.3;4.183;4.251;64113.462
1576728000000;4.25;4.294;4.214;4.29;31201.761
1576731600000;4.288;4.297;4.188;4.231;73036.924
1576735200000;4.222;4.236;4.187;4.204;39714.991
1576738800000;4.208;4.214;4.154;4.158;27637.467
1576742400000;4.169;4.204;4.115;4.117;50580.616
1576746000000;4.117;4.194;4.074;4.156;119149.929
1576749600000;4.168;4.251;4.159;4.209;99986.979
1576753200000;4.211;4.224;4.175;4.193;31866.326
1576756800000;4.192;4.326;4.192;4.275;104962.035
1576760400000;4.27;4.323;4.129;4.205;167053.128
1576764000000;4.205;4.273;4.172;4.267;71952.169
1576767600000;4.272;4.323;4.266;4.307;106611.574
1576771200000;4.31;4.316;4.253;4.259;39743.212
1576774800000;4.261;4.297;4.23;4.265;63605.871
1576778400000;4.271;4.345;4.24;4.279;115960.218
1576782000000;4.282;4.316;4.231;4.26;52295.194
1576785600000;4.264;4.269;4.175;4.191;68850.551
1576789200000;4.189;4.216;4.151;4.195;43920.766
1576792800000;4.2;4.218;4.161;4.21;23246.71
1576796400000;4.21;4.27;4.204;4.266;21514.802
1576800000000;4.266;4.278;4.17;4.238;48746.165
1576803600000;4.249;4.253;4.193;4.231;49655.366
1576807200000;4.231;4.239;4.173;4.186;43089.476
1576810800000;4.185;4.216;4.15;4.206;44025.425
1576814400000;4.214;4.222;4.162;4.163;17416.569
1576818000000;4.163;4.178;4.127;4.142;56091.897
1576821600000;4.144;4.178;4.139;4.15;23361.079
1576825200000;4.139;4.235;4.139;4.229;87186.494
1576828800000;4.222;4.254;4.193;4.22;30151.039
1576832400000;4.222;4.245;4.214;4.216;26532.901
1576836000000;4.219;4.232;4.188;4.2;35342.766
1576839600000;4.189;4.241;4.189;4.231;27462.932
1576843200000;4.231;4.25;4.22;4.229;33565.075
1576846800000;4.233;4.25;4.195;4.234;37855.828
1576850400000;4.232;4.281;4.2;4.275;35235.452
1576854000000;4.278;4.395;4.266;4.279;162800.31
1576857600000;4.278;4.379;4.272;4.365;40766.7
1576861200000;4.367;4.367;4.309;4.326;22493.22
1576864800000;4.322;4.348;4.314;4.336;14815.707
1576868400000;4.336;4.336;4.314;4.319;29906.996
1576872000000;4.321;4.331;4.313;4.318;10656.604
1576875600000;4.318;4.351;4.313;4.328;30543.913
1576879200000;4.335;4.336;4.29;4.325;23591.932
1576882800000;4.319;4.323;4.26;4.31;18843.616
1576886400000;4.305;4.343;4.294;4.299;25863.558
1576890000000;4.292;4.299;4.247;4.257;17731.255
1576893600000;4.257;4.285;4.245;4.258;15394.337
1576897200000;4.264;4.268;4.136;4.184;117317.81
1576900800000;4.18;4.236;4.177;4.2;29001.855
1576904400000;4.205;4.23;4.195;4.22;26241.048
1576908000000;4.219;4.232;4.189;4.201;25379.3
1576911600000;4.2;4.216;4.179;4.192;7841.182
1576915200000;4.193;4.225;4.156;4.22;48341.691
1576918800000;4.214;4.217;4.158;4.174;18196.049
1576922400000;4.175;4.187;4.15;4.187;13571.806
1576926000000;4.191;4.22;4.156;4.22;39359.298
1576929600000;4.217;4.219;4.17;4.202;16708.457
1576933200000;4.197;4.2;4.089;4.136;97252.157
1576936800000;4.136;4.158;4.085;4.136;55684.59
1576940400000;4.146;4.153;4.103;4.14;21449.987
1576944000000;4.135;4.151;4.105;4.123;36709.2
1576947600000;4.126;4.134;4.103;4.103;34437.751
1576951200000;4.11;4.11;4.049;4.078;57360.633
1576954800000;4.078;4.085;4.065;4.077;18982.255
1576958400000;4.077;4.085;4.047;4.055;11514.667
1576962000000;4.059;4.084;4.019;4.065;24718.575
1576965600000;4.071;4.073;4.049;4.056;2606.417
1576969200000;4.056;4.085;4.044;4.057;11547.76
1576972800000;4.058;4.1;4.043;4.098;22521.095
1576976400000;4.099;4.177;4.097;4.177;65380.65
1576980000000;4.177;4.215;4.15;4.203;55310.484
1576983600000;4.212;4.216;4.145;4.17;31052.756
1576987200000;4.162;4.169;4.137;4.16;8005.612
1576990800000;4.16;4.168;4.133;4.142;11316.858
1576994400000;4.142;4.142;4.067;4.091;57558.72
1576998000000;4.09;4.165;4.081;4.165;22449.39
1577001600000;4.165;4.19;4.1;4.118;30596.387
1577005200000;4.112;4.136;4.104;4.119;13659.099
1577008800000;4.123;4.163;4.119;4.129;14216.756
1577012400000;4.135;4.153;4.121;4.142;7033.164
1577016000000;4.142;4.142;4.097;4.126;29689.432
1577019600000;4.121;4.142;4.115;4.135;9615.164
1577023200000;4.13;4.138;4.077;4.106;23739.631
1577026800000;4.097;4.132;4.084;4.11;28383.726
1577030400000;4.11;4.158;4.088;4.12;44605.968
1577034000000;4.127;4.205;4.115;4.13;62194.714
1577037600000;4.13;4.177;4.112;4.124;49294.349
1577041200000;4.119;4.174;4.095;4.154;44492.61
1577044800000;4.154;4.182;4.115;4.15;25115.301
1577048400000;4.15;4.198;4.127;4.18;29354.968
1577052000000;4.185;4.205;4.175;4.19;22806.108
1577055600000;4.206;4.279;4.198;4.257;52083.451
1577059200000;4.258;4.287;4.193;4.204;81652.847
1577062800000;4.208;4.3;4.208;4.265;115792.863
1577066400000;4.261;4.285;4.229;4.229;20154.313
1577070000000;4.227;4.243;4.205;4.227;29322.277
1577073600000;4.226;4.226;4.184;4.19;19326.042
1577077200000;4.197;4.218;4.172;4.216;30032.277
1577080800000;4.211;4.227;4.141;4.152;25593.877
1577084400000;4.151;4.19;4.151;4.18;8322.447
1577088000000;4.177;4.231;4.167;4.223;27496.574
1577091600000;4.22;4.23;4.197;4.22;12746.678
1577095200000;4.229;4.235;4.184;4.216;26804.116
1577098800000;4.222;4.245;4.216;4.234;19124.955
1577102400000;4.239;4.239;4.193;4.218;9532.527
1577106000000;4.219;4.247;4.21;4.212;20927.114
1577109600000;4.21;4.306;4.188;4.287;61402.293
1577113200000;4.287;4.332;4.271;4.329;94882.523
1577116800000;4.325;4.369;4.248;4.262;91215.675
1577120400000;4.257;4.316;4.225;4.257;45392.267
1577124000000;4.251;4.332;4.235;4.266;59453.236
1577127600000;4.27;4.319;4.264;4.317;42813.535
1577131200000;4.317;4.317;4.263;4.3;25645.775
1577134800000;4.3;4.306;4.241;4.283;23397.678
1577138400000;4.283;4.292;4.247;4.28;22012.502
1577142000000;4.273;4.309;4.273;4.298;28218.455
1577145600000;4.306;4.306;4.25;4.267;28014.532
1577149200000;4.267;4.309;4.267;4.302;23173.96
1577152800000;4.305;4.382;4.3;4.331;80574.019
1577156400000;4.334;4.356;4.325;4.326;36375.362
1577160000000;4.328;4.373;4.316;4.359;39718.441
1577163600000;4.357;4.373;4.341;4.363;27106.004
1577167200000;4.364;4.375;4.337;4.34;22813.729
1577170800000;4.342;4.342;4.271;4.309;57356.633
1577174400000;4.311;4.419;4.275;4.373;130135.204
1577178000000;4.372;4.393;4.336;4.38;48079.653
1577181600000;4.377;4.409;4.364;4.385;38129.997
1577185200000;4.388;4.39;4.328;4.371;59813.547
1577188800000;4.373;4.374;4.336;4.35;25151.552
1577192400000;4.35;4.397;4.34;4.37;28866.984
1577196000000;4.37;4.407;4.355;4.394;41479.017
1577199600000;4.39;4.393;4.329;4.378;54018.281
1577203200000;4.38;4.399;4.323;4.386;54688.46
1577206800000;4.384;4.398;4.326;4.326;29308.027
1577210400000;4.324;4.36;4.285;4.325;80525.348
1577214000000;4.324;4.386;4.318;4.362;35263.808
1577217600000;4.362;4.373;4.329;4.365;22354.369
1577221200000;4.36;4.393;4.36;4.39;16726.861
1577224800000;4.39;4.391;4.357;4.378;21228.394
1577228400000;4.378;4.406;4.36;4.389;54650.443
1577232000000;4.387;4.395;4.341;4.354;17252.021
1577235600000;4.354;4.354;4.289;4.339;50433.097
1577239200000;4.347;4.347;4.251;4.286;58516.826
1577242800000;4.286;4.32;4.284;4.32;22418.15
1577246400000;4.316;4.321;4.29;4.312;17463.559
1577250000000;4.315;4.323;4.292;4.317;16077.989
1577253600000;4.317;4.336;4.301;4.314;18315.973
1577257200000;4.316;4.324;4.253;4.262;55374.936
1577260800000;4.263;4.263;4.186;4.237;127659.894
1577264400000;4.237;4.257;4.218;4.245;31035.769
1577268000000;4.251;4.256;4.214;4.242;18721.772
1577271600000;4.244;4.261;4.228;4.251;22958.763
1577275200000;4.245;4.278;4.194;4.207;61942.464
1577278800000;4.214;4.244;4.161;4.22;62997.973
1577282400000;4.235;4.244;4.198;4.24;66330.293
1577286000000;4.239;4.259;4.231;4.232;23515.358
1577289600000;4.232;4.254;4.21;4.215;22867.238
1577293200000;4.223;4.23;4.201;4.226;22060.304
1577296800000;4.229;4.263;4.222;4.258;14210.409
1577300400000;4.258;4.284;4.243;4.283;22708.958
1577304000000;4.284;4.298;4.26;4.298;13113.49
1577307600000;4.298;4.303;4.285;4.293;15142.62
1577311200000;4.299;4.303;4.273;4.296;23696.472
1577314800000;4.296;4.296;4.228;4.255;35908.824
1577318400000;4.265;4.296;4.258;4.289;27336.405
1577322000000;4.291;4.352;4.273;4.336;78253.604
1577325600000;4.333;4.341;4.3;4.318;42369.614
1577329200000;4.318;4.338;4.301;4.319;27230.369
1577332800000;4.317;4.344;4.312;4.336;18363.542
1577336400000;4.332;4.35;4.32;4.325;28521.97
1577340000000;4.328;4.346;4.315;4.336;14067.532
1577343600000;4.332;4.468;4.326;4.43;176499.982
1577347200000;4.43;4.457;4.409;4.426;48833.607
1577350800000;4.423;4.444;4.407;4.438;32840.515
1577354400000;4.436;4.482;4.431;4.461;62314.575
1577358000000;4.468;4.476;4.4;4.419;87295.074
1577361600000;4.428;4.447;4.411;4.428;26665.43
1577365200000;4.431;4.46;4.421;4.449;30442.161
1577368800000;4.455;4.541;4.442;4.535;119173.871
1577372400000;4.538;4.599;4.525;4.564;95805.037
1577376000000;4.561;4.633;4.526;4.617;125124.066
1577379600000;4.618;4.633;4.592;4.611;65433.86
1577383200000;4.611;4.622;4.56;4.588;63532.194
1577386800000;4.594;4.634;4.507;4.536;49524.617
1577390400000;4.53;4.574;4.516;4.564;31871.835
1577394000000;4.558;4.587;4.516;4.552;31528.44
1577397600000;4.545;4.547;4.462;4.49;44037.396
1577401200000;4.485;4.593;4.478;4.564;66688.698
1577404800000;4.563;4.566;4.528;4.554;35996.404
1577408400000;4.554;4.558;4.504;4.545;33475.984
1577412000000;4.546;4.684;4.546;4.673;101604.428
1577415600000;4.671;4.79;4.671;4.728;181366.951
1577419200000;4.721;4.759;4.67;4.672;72561.142
1577422800000;4.681;4.711;4.643;4.664;52148.719
1577426400000;4.665;4.702;4.665;4.677;58560.68
1577430000000;4.68;4.698;4.657;4.658;67923.188
1577433600000;4.661;4.677;4.625;4.641;50162.111
1577437200000;4.641;4.65;4.603;4.612;41367.951
1577440800000;4.614;4.658;4.605;4.629;62484.759
1577444400000;4.63;4.644;4.523;4.572;78249.119
1577448000000;4.575;4.619;4.506;4.615;127029.736
1577451600000;4.615;4.652;4.566;4.576;62586.976
1577455200000;4.584;4.593;4.542;4.555;33159.554
1577458800000;4.552;4.585;4.528;4.561;48325.121
1577462400000;4.56;4.572;4.48;4.521;80490.458
1577466000000;4.521;4.552;4.507;4.516;39072.176
1577469600000;4.524;4.536;4.486;4.499;29759.854
1577473200000;4.498;4.522;4.488;4.51;16189.002
1577476800000;4.505;4.511;4.464;4.464;17829.081
1577480400000;4.464;4.473;4.446;4.458;22039.66
1577484000000;4.458;4.509;4.455;4.473;26788.43
1577487600000;4.472;4.512;4.454;4.506;31029.674
1577491200000;4.507;4.568;4.483;4.56;42426.101
1577494800000;4.56;4.618;4.552;4.609;58019.708
1577498400000;4.605;4.608;4.541;4.545;48303.78
1577502000000;4.54;4.552;4.52;4.532;34885.359
1577505600000;4.532;4.713;4.529;4.673;97222.655
1577509200000;4.665;4.677;4.64;4.654;34113.57
1577512800000;4.654;4.69;4.632;4.635;30759.911
1577516400000;4.635;4.682;4.624;4.67;41564.776
1577520000000;4.677;4.677;4.63;4.647;19147.136
1577523600000;4.638;4.644;4.622;4.627;13173.35
1577527200000;4.626;4.635;4.612;4.622;32868.919
1577530800000;4.635;4.635;4.571;4.587;30409.175
1577534400000;4.587;4.605;4.564;4.595;24844.081
1577538000000;4.596;4.604;4.545;4.551;21283.58
1577541600000;4.551;4.587;4.537;4.578;36674.881
1577545200000;4.578;4.632;4.539;4.54;50245.646
1577548800000;4.539;4.567;4.52;4.558;19127.685
1577552400000;4.558;4.566;4.515;4.531;17278.79
1577556000000;4.522;4.544;4.444;4.46;72507.183
1577559600000;4.459;4.494;4.445;4.462;33927.568
1577563200000;4.46;4.473;4.45;4.454;31718.855
1577566800000;4.46;4.46;4.434;4.434;19648.863
1577570400000;4.446;4.467;4.401;4.448;45258.198
1577574000000;4.444;4.446;4.389;4.398;62985.795
1577577600000;4.393;4.453;4.376;4.437;48932.97
1577581200000;4.439;4.446;4.37;4.372;38274.415
1577584800000;4.371;4.425;4.361;4.405;30413.622
1577588400000;4.405;4.405;4.35;4.362;38283.653
1577592000000;4.362;4.41;4.357;4.371;60169.195
1577595600000;4.37;4.391;4.358;4.378;27810.313
1577599200000;4.394;4.429;4.37;4.422;37844.136
1577602800000;4.425;4.459;4.407;4.439;29453.638
1577606400000;4.438;4.456;4.421;4.424;23081.975
1577610000000;4.431;4.431;4.38;4.382;40185.675
1577613600000;4.385;4.42;4.384;4.412;12374.239
1577617200000;4.412;4.429;4.41;4.42;12967.731
1577620800000;4.423;4.438;4.399;4.435;19736.689
1577624400000;4.432;4.454;4.378;4.38;81711.742
1577628000000;4.377;4.38;4.312;4.339;142819.106
1577631600000;4.344;4.344;4.215;4.257;249384.773
1577635200000;4.264;4.32;4.259;4.312;63241.263
1577638800000;4.312;4.32;4.289;4.296;14899.441
1577642400000;4.293;4.314;4.269;4.309;24855.79
1577646000000;4.3;4.324;4.277;4.296;42485.739
1577649600000;4.287;4.3;4.246;4.27;43330.488
1577653200000;4.268;4.273;4.23;4.251;38931.404
1577656800000;4.251;4.272;4.224;4.233;17202.816
1577660400000;4.235;4.257;4.232;4.253;23441.572
1577664000000;4.253;4.253;4.202;4.226;55836.85
1577667600000;4.225;4.245;4.217;4.238;18805.387
1577671200000;4.238;4.262;4.227;4.254;16169.509
1577674800000;4.258;4.352;4.25;4.332;79856.87
1577678400000;4.332;4.332;4.271;4.293;49171.48
1577682000000;4.295;4.31;4.275;4.29;35320.34
1577685600000;4.288;4.337;4.279;4.333;7266.22
1577689200000;4.333;4.362;4.298;4.318;41957.909
1577692800000;4.319;4.377;4.318;4.374;42835.006
1577696400000;4.375;4.403;4.316;4.32;72136.17
1577700000000;4.321;4.361;4.301;4.313;26711.364
1577703600000;4.314;4.337;4.291;4.3;27366.517
1577707200000;4.309;4.349;4.291;4.309;22054.98
1577710800000;4.297;4.326;4.28;4.3;16951.272
1577714400000;4.296;4.307;4.261;4.266;16660.939
1577718000000;4.265;4.265;4.184;4.205;95143.442
1577721600000;4.205;4.21;4.145;4.16;81129.864
1577725200000;4.156;4.176;4.136;4.172;71150.905
1577728800000;4.17;4.184;4.128;4.142;38087.354
1577732400000;4.136;4.139;4.115;4.127;22286.95
1577736000000;4.119;4.163;4.119;4.153;8097.241
1577739600000;4.154;4.18;4.15;4.157;9931.46
1577743200000;4.16;4.213;4.16;4.201;23318.408
1577746800000;4.198;4.198;4.155;4.166;14817.573
1577750400000;4.16;4.173;4.132;4.169;21769.556
1577754000000;4.166;4.228;4.156;4.228;23822.511
1577757600000;4.227;4.234;4.192;4.211;26595.996
1577761200000;4.205;4.207;4.177;4.19;7778.241
1577764800000;4.193;4.229;4.187;4.187;6546.135
1577768400000;4.191;4.211;4.185;4.205;4795.555
1577772000000;4.205;4.205;4.159;4.159;23998.984
1577775600000;4.166;4.177;4.154;4.16;6575.231
1577779200000;4.161;4.161;4.119;4.12;19046.788
1577782800000;4.118;4.24;4.102;4.235;83952.307
1577786400000;4.231;4.265;4.197;4.235;55573.711
1577790000000;4.235;4.285;4.235;4.28;32007.199
1577793600000;4.275;4.286;4.236;4.272;28851.768
1577797200000;4.272;4.28;4.238;4.25;25860.309
1577800800000;4.25;4.308;4.242;4.257;40119.554
1577804400000;4.268;4.297;4.21;4.246;66828.714
1577808000000;4.246;4.311;4.246;4.298;23915.459
1577811600000;4.305;4.308;4.248;4.262;25011.13
1577815200000;4.262;4.262;4.219;4.229;19913.702
1577818800000;4.229;4.232;4.204;4.211;16096.944
1577822400000;4.209;4.211;4.179;4.189;16375.087
1577826000000;4.19;4.221;4.184;4.214;3266.836
1577829600000;4.21;4.218;4.197;4.207;6775.607
1577833200000;4.214;4.227;4.206;4.227;3329.749
1577836800000;4.217;4.231;4.208;4.218;7577.123
1577840400000;4.223;4.292;4.223;4.29;19184.466
1577844000000;4.294;4.347;4.259;4.33;45460.005
1577847600000;4.334;4.334;4.273;4.315;27938.823
1577851200000;4.317;4.317;4.295;4.305;4644.231
1577854800000;4.305;4.312;4.274;4.286;10345.411
1577858400000;4.286;4.307;4.275;4.292;15497.642
1577862000000;4.291;4.349;4.291;4.339;20074.627
1577865600000;4.331;4.345;4.296;4.319;15425.488
1577869200000;4.319;4.339;4.312;4.339;10626.973
1577872800000;4.33;4.35;4.33;4.345;9304.566
1577876400000;4.348;4.373;4.336;4.336;48317.454
1577880000000;4.343;4.363;4.337;4.358;13416.897
1577883600000;4.358;4.37;4.334;4.37;13590.804
1577887200000;4.369;4.398;4.35;4.392;25666.433
1577890800000;4.387;4.467;4.37;4.417;65816.367
1577894400000;4.421;4.43;4.411;4.415;17020.106
1577898000000;4.421;4.427;4.414;4.414;7467.872
1577901600000;4.42;4.49;4.41;4.463;46247.351
1577905200000;4.461;4.461;4.395;4.401;26545.546
1577908800000;4.402;4.438;4.396;4.428;7098.946
1577912400000;4.428;4.449;4.387;4.414;21606.709
1577916000000;4.414;4.42;4.382;4.39;10772.057
1577919600000;4.386;4.43;4.377;4.38;11781.719
1577923200000;4.382;4.397;4.321;4.385;30472.558
1577926800000;4.385;4.394;4.319;4.326;20065.001
1577930400000;4.331;4.335;4.3;4.304;24663.39
1577934000000;4.303;4.303;4.219;4.241;62952.538
1577937600000;4.241;4.323;4.219;4.296;41645.592
1577941200000;4.295;4.3;4.274;4.287;9123.565
1577944800000;4.293;4.293;4.27;4.282;8396.84
1577948400000;4.28;4.285;4.218;4.221;41239.064
1577952000000;4.224;4.294;4.219;4.283;23967.165
1577955600000;4.29;4.304;4.28;4.288;32546.361
1577959200000;4.287;4.289;4.26;4.271;21208.485
1577962800000;4.27;4.281;4.26;4.261;13464.092
1577966400000;4.261;4.267;4.236;4.247;31585.575
1577970000000;4.25;4.26;4.235;4.24;20860.26
1577973600000;4.237;4.245;4.2;4.206;50503.542
1577977200000;4.206;4.218;4.191;4.218;13282.855
1577980800000;4.217;4.228;4.158;4.169;34406.73
1577984400000;4.167;4.183;4.098;4.166;120811.441
1577988000000;4.156;4.175;4.151;4.167;13011.318
1577991600000;4.167;4.181;4.149;4.177;11611.701
1577995200000;4.177;4.182;4.134;4.134;30263.386
1577998800000;4.133;4.133;4.09;4.116;56368.118
1578002400000;4.116;4.119;4.077;4.1;31874.636
1578006000000;4.1;4.103;4.073;4.096;18925.625
1578009600000;4.091;4.091;4.005;4.025;92357.646
1578013200000;4.025;4.05;3.99;4.032;77682.528
1578016800000;4.032;4.111;4.03;4.099;67600.602
1578020400000;4.102;4.105;4.048;4.054;23674.786
1578024000000;4.051;4.19;4.042;4.161;94814.06
1578027600000;4.161;4.223;4.15;4.215;78943.931
1578031200000;4.215;4.222;4.175;4.189;44946.082
1578034800000;4.196;4.246;4.185;4.197;25573.374
1578038400000;4.197;4.28;4.192;4.261;50868.791
1578042000000;4.255;4.286;4.249;4.278;26052.047
1578045600000;4.27;4.276;4.23;4.235;32547.882
1578049200000;4.228;4.246;4.216;4.229;13112.407
1578052800000;4.229;4.247;4.2;4.21;15284.721
1578056400000;4.208;4.338;4.167;4.325;172118.131
1578060000000;4.311;4.38;4.261;4.312;156189.503
1578063600000;4.315;4.35;4.289;4.315;34150.135
1578067200000;4.318;4.349;4.286;4.328;55573.38
1578070800000;4.321;4.339;4.279;4.31;32063.18
1578074400000;4.31;4.31;4.244;4.246;22784.412
1578078000000;4.243;4.255;4.215;4.246;18220.15
1578081600000;4.246;4.269;4.219;4.233;20323.995
1578085200000;4.24;4.27;4.213;4.235;16862.758
1578088800000;4.229;4.247;4.224;4.228;7009.401
1578092400000;4.221;4.263;4.212;4.237;12226.489
1578096000000;4.238;4.252;4.221;4.248;14684.256
1578099600000;4.244;4.261;4.223;4.255;7591.689
1578103200000;4.255;4.335;4.25;4.329;30092.62
1578106800000;4.328;4.38;4.316;4.34;51788.087
1578110400000;4.34;4.341;4.287;4.293;28293.234
1578114000000;4.3;4.3;4.292;4.3;11718.001
1578117600000;4.3;4.317;4.29;4.306;23785.779
1578121200000;4.302;4.324;4.291;4.317;19324.963
1578124800000;4.314;4.324;4.29;4.3;7343.568
1578128400000;4.295;4.299;4.273;4.296;7074.767
1578132000000;4.296;4.305;4.254;4.259;14683.893
1578135600000;4.266;4.295;4.248;4.277;22945.414
1578139200000;4.277;4.281;4.248;4.265;12016.44
1578142800000;4.262;4.305;4.24;4.241;20192.046
1578146400000;4.24;4.289;4.24;4.285;12966.067
1578150000000;4.284;4.29;4.272;4.288;9993.924
1578153600000;4.291;4.303;4.283;4.303;10278.345
1578157200000;4.304;4.32;4.289;4.32;24456.983
1578160800000;4.32;4.339;4.246;4.27;34190.078
1578164400000;4.27;4.318;4.268;4.271;13463.487
1578168000000;4.28;4.286;4.265;4.268;2443.947
1578171600000;4.27;4.285;4.261;4.267;4632.728
1578175200000;4.27;4.276;4.255;4.261;4622.373
1578178800000;4.256;4.264;4.245;4.25;5811.959
1578182400000;4.248;4.337;4.248;4.335;38923.09
1578186000000;4.325;4.347;4.298;4.313;66702.494
1578189600000;4.313;4.336;4.309;4.315;20789.153
1578193200000;4.313;4.35;4.313;4.344;22619.323
1578196800000;4.344;4.356;4.309;4.324;36535.326
1578200400000;4.326;4.358;4.312;4.358;12295.418
1578204000000;4.351;4.36;4.333;4.342;16372.949
1578207600000;4.344;4.365;4.323;4.348;15827.439
1578211200000;4.348;4.355;4.296;4.296;20408.568
1578214800000;4.302;4.309;4.265;4.28;55839.802
1578218400000;4.278;4.285;4.162;4.215;152496.836
1578222000000;4.215;4.256;4.205;4.221;43382.415
1578225600000;4.227;4.263;4.221;4.245;22010.585
1578229200000;4.241;4.269;4.211;4.235;36518.463
1578232800000;4.235;4.26;4.212;4.212;33286.865
1578236400000;4.211;4.216;4.186;4.194;50192.472
1578240000000;4.195;4.229;4.186;4.219;43378.247
1578243600000;4.214;4.255;4.212;4.217;35012.222
1578247200000;4.218;4.238;4.213;4.238;9168.637
1578250800000;4.232;4.239;4.22;4.23;10586.332
1578254400000;4.222;4.265;4.22;4.255;19043.379
1578258000000;4.255;4.255;4.2;4.2;10851.056
1578261600000;4.21;4.211;4.187;4.191;17508.61
1578265200000;4.192;4.211;4.188;4.2;5092.674
1578268800000;4.207;4.21;4.183;4.196;14154.391
1578272400000;4.196;4.212;4.167;4.188;32329.512
1578276000000;4.187;4.238;4.185;4.238;37032.05
1578279600000;4.238;4.247;4.171;4.199;25763.047
1578283200000;4.203;4.24;4.179;4.192;48704.676
1578286800000;4.181;4.193;4.092;4.151;129344.856
1578290400000;4.155;4.165;4.15;4.165;19978.236
1578294000000;4.16;4.165;4.055;4.115;127434.586
1578297600000;4.119;4.136;4.007;4.087;122394.621
1578301200000;4.077;4.139;4.031;4.115;72697.914
1578304800000;4.116;4.178;4.116;4.173;57382.275
1578308400000;4.173;4.173;4.08;4.085;69920.74
1578312000000;4.081;4.115;4.068;4.095;50795.818
1578315600000;4.089;4.153;4.071;4.076;57417.15
1578319200000;4.077;4.121;4.064;4.091;30635.985
1578322800000;4.095;4.122;4.082;4.096;23671.978
1578326400000;4.096;4.127;4.089;4.11;22407.525
1578330000000;4.119;4.168;4.11;4.158;25886.552
1578333600000;4.159;4.16;4.127;4.134;13741.525
1578337200000;4.133;4.133;4.07;4.09;47198.604
1578340800000;4.088;4.11;4.079;4.103;15877.488
1578344400000;4.11;4.124;4.029;4.056;68277.863
1578348000000;4.047;4.093;4.029;4.077;62021.574
1578351600000;4.08;4.118;4.052;4.111;43640.691
1578355200000;4.111;4.155;4.073;4.089;88031.714
1578358800000;4.099;4.168;4.097;4.155;59739.56
1578362400000;4.158;4.169;4.137;4.159;49540.778
1578366000000;4.159;4.165;4.148;4.149;23608.007
1578369600000;4.155;4.161;4.116;4.132;23350.542
1578373200000;4.141;4.199;4.132;4.198;27803.034
1578376800000;4.199;4.243;4.182;4.214;63814.978
1578380400000;4.215;4.23;4.15;4.194;113214.382
1578384000000;4.19;4.196;4.154;4.164;13556.217
1578387600000;4.165;4.183;4.149;4.153;20882.946
1578391200000;4.164;4.17;4.15;4.166;18795.71
1578394800000;4.164;4.191;4.161;4.166;23446.288
1578398400000;4.166;4.17;4.128;4.141;12814.763
1578402000000;4.141;4.141;4.097;4.125;41510.387
1578405600000;4.13;4.141;4.118;4.121;13222.384
1578409200000;4.12;4.135;4.088;4.095;17213.782
1578412800000;4.089;4.172;4.079;4.155;40584.016
1578416400000;4.155;4.165;4.119;4.121;29374.251
1578420000000;4.121;4.132;4.065;4.086;46470.612
1578423600000;4.091;4.109;4.065;4.067;29749.309
1578427200000;4.067;4.114;4.054;4.1;18232.169
1578430800000;4.099;4.147;4.091;4.114;46561.944
1578434400000;4.109;4.143;4.06;4.103;27378.991
1578438000000;4.1;4.107;4.07;4.075;26188.705
1578441600000;4.087;4.12;4.07;4.101;93624.332
1578445200000;4.102;4.14;4.08;4.103;50862.555
1578448800000;4.103;4.13;4.083;4.084;21891.248
1578452400000;4.084;4.103;4.06;4.096;29931.959
1578456000000;4.096;4.123;4.08;4.117;19869.979
1578459600000;4.122;4.14;4.106;4.119;19259.339
1578463200000;4.115;4.138;4.1;4.138;15945.61
1578466800000;4.138;4.146;4.12;4.144;27720.517
1578470400000;4.139;4.175;4.127;4.13;32459.562
1578474000000;4.126;4.158;4.117;4.131;19993.317
1578477600000;4.124;4.176;4.124;4.153;30994.85
1578481200000;4.156;4.168;4.147;4.153;11822.537
1578484800000;4.159;4.159;4.099;4.105;23215.314
1578488400000;4.099;4.144;4.078;4.092;42253.067
1578492000000;4.09;4.101;4.061;4.085;13483.384
1578495600000;4.076;4.089;4.034;4.069;58795.536
1578499200000;4.06;4.083;3.946;4;118430.234
1578502800000;3.99;4.02;3.957;4.02;40672.305
1578506400000;4.01;4.034;3.998;4.029;9642.834
1578510000000;4.034;4.041;3.985;3.994;19009.714
1578513600000;3.992;4.045;3.98;4.042;11570.777
1578517200000;4.042;4.053;3.998;4.036;17412.024
1578520800000;4.03;4.058;3.995;4.045;14824.14
1578524400000;4.045;4.061;3.989;3.995;8953.023
1578528000000;3.995;3.997;3.95;3.995;24529.02
1578531600000;3.982;4.054;3.98;4.027;38600.025
1578535200000;4.027;4.058;4.021;4.034;17278.299
1578538800000;4.033;4.033;3.995;4.022;19356.454
1578542400000;4.024;4.042;4.022;4.038;9120.359
1578546000000;4.031;4.038;4.012;4.03;9485.639
1578549600000;4.032;4.061;4.021;4.04;43185.115
1578553200000;4.04;4.068;4.032;4.043;11334.869
1578556800000;4.042;4.051;4.027;4.042;7569.206
1578560400000;4.034;4.05;4.001;4.038;15098.586
1578564000000;4.038;4.051;4.005;4.019;20661.609
1578567600000;4.01;4.016;3.997;4.009;13627.798
1578571200000;4.009;4.031;4.008;4.026;3538.977
1578574800000;4.029;4.085;4.023;4.055;54044.702
1578578400000;4.055;4.065;4.028;4.05;18893.64
1578582000000;4.05;4.063;4.04;4.059;11383.786
1578585600000;4.058;4.06;4.001;4.019;23555.05
1578589200000;4.01;4.016;3.98;3.99;22325.711
1578592800000;3.985;4.004;3.95;3.963;27729.426
1578596400000;3.956;4.006;3.956;3.974;15728.785
1578600000000;3.979;4.199;3.979;4.128;275679.884
1578603600000;4.131;4.168;4.053;4.054;99837.801
1578607200000;4.061;4.124;4.035;4.081;127978.752
1578610800000;4.082;4.257;4.065;4.245;266872.623
1578614400000;4.244;4.336;4.228;4.272;162775.023
1578618000000;4.272;4.39;4.232;4.39;140555.682
1578621600000;4.39;4.435;4.345;4.365;238756.698
1578625200000;4.363;4.379;4.3;4.33;70322.214
1578628800000;4.331;4.35;4.24;4.282;103407.658
1578632400000;4.283;4.298;4.232;4.243;58666.789
1578636000000;4.24;4.258;4.227;4.255;67826.592
1578639600000;4.245;4.254;4.22;4.228;35518.46
1578643200000;4.233;4.239;4.18;4.2;86666.363
1578646800000;4.201;4.265;4.19;4.264;49584.918
1578650400000;4.264;4.328;4.255;4.322;112132.089
1578654000000;4.32;4.342;4.267;4.281;106233.509
1578657600000;4.281;4.311;4.25;4.308;77426.805
1578661200000;4.309;4.311;4.263;4.27;42451.269
1578664800000;4.27;4.318;4.27;4.3;39808.338
1578668400000;4.306;4.337;4.282;4.322;88544.844
1578672000000;4.313;4.355;4.282;4.305;62808.076
1578675600000;4.306;4.348;4.291;4.339;41290.085
1578679200000;4.332;4.37;4.304;4.321;47148.97
1578682800000;4.321;4.342;4.293;4.325;28198.908
1578686400000;4.327;4.327;4.278;4.292;25289.804
1578690000000;4.293;4.308;4.263;4.287;21478.576
1578693600000;4.287;4.295;4.258;4.27;29702.076
1578697200000;4.272;4.285;4.25;4.27;69586.734
1578700800000;4.273;4.308;4.263;4.306;47054.141
1578704400000;4.301;4.324;4.301;4.31;29671.342
1578708000000;4.31;4.382;4.302;4.366;108794.251
1578711600000;4.366;4.386;4.332;4.373;51322.63
1578715200000;4.376;4.399;4.347;4.354;55338.981
1578718800000;4.35;4.36;4.335;4.35;37459.81
1578722400000;4.355;4.367;4.347;4.359;12702.143
1578726000000;4.359;4.37;4.34;4.37;22566.664
1578729600000;4.37;4.4;4.357;4.399;48347.91
1578733200000;4.392;4.432;4.389;4.423;37017.584
1578736800000;4.424;4.43;4.357;4.357;48074.533
1578740400000;4.359;4.396;4.352;4.377;26307.179
1578744000000;4.377;4.399;4.345;4.359;40031.823
1578747600000;4.358;4.382;4.352;4.362;20151.357
1578751200000;4.362;4.412;4.361;4.396;20757.826
1578754800000;4.391;4.414;4.391;4.397;11865.957
1578758400000;4.405;4.407;4.38;4.388;17485.76
1578762000000;4.39;4.39;4.359;4.365;32096.045
1578765600000;4.365;4.371;4.357;4.362;21406.716
1578769200000;4.362;4.366;4.351;4.365;13383.551
1578772800000;4.357;4.366;4.337;4.337;33585.726
1578776400000;4.345;4.356;4.293;4.301;39356.075
1578780000000;4.309;4.309;4.27;4.27;35838.948
1578783600000;4.271;4.302;4.26;4.264;28400.151
1578787200000;4.264;4.276;4.247;4.268;21959.119
1578790800000;4.269;4.308;4.257;4.265;34896.554
1578794400000;4.265;4.273;4.254;4.267;20265.24
1578798000000;4.267;4.283;4.263;4.28;16990.993
1578801600000;4.279;4.289;4.26;4.264;17089.805
1578805200000;4.269;4.27;4.257;4.26;4766.051
1578808800000;4.26;4.3;4.256;4.284;47292.331
1578812400000;4.284;4.326;4.281;4.294;35197.017
1578816000000;4.3;4.34;4.292;4.326;27918.333
1578819600000;4.33;4.33;4.293;4.314;11899.362
1578823200000;4.315;4.322;4.283;4.287;14064.461
1578826800000;4.283;4.293;4.26;4.264;19847.495
1578830400000;4.264;4.281;4.264;4.27;16188.051
1578834000000;4.267;4.27;4.223;4.265;94485.488
1578837600000;4.265;4.271;4.246;4.257;27061.786
1578841200000;4.264;4.273;4.253;4.258;13948.344
1578844800000;4.258;4.27;4.229;4.229;22634.29
1578848400000;4.228;4.253;4.215;4.24;39670.415
1578852000000;4.236;4.255;4.231;4.254;8431.779
1578855600000;4.247;4.254;4.229;4.23;4099.946
1578859200000;4.24;4.246;4.23;4.24;1723.095
1578862800000;4.246;4.249;4.23;4.246;4594.717
1578866400000;4.242;4.255;4.237;4.25;3718.128
1578870000000;4.25;4.258;4.239;4.253;13082.433
1578873600000;4.255;4.26;4.228;4.239;19013.277
1578877200000;4.239;4.259;4.239;4.259;13958.308
1578880800000;4.26;4.262;4.196;4.198;41011.556
1578884400000;4.198;4.202;4.128;4.144;98758.293
1578888000000;4.145;4.18;4.102;4.161;82315.956
1578891600000;4.154;4.181;4.145;4.179;19577.965
1578895200000;4.176;4.18;4.145;4.147;9245.351
1578898800000;4.147;4.172;4.132;4.15;17613.603
1578902400000;4.147;4.197;4.145;4.197;14656.583
1578906000000;4.194;4.199;4.18;4.19;10911.241
1578909600000;4.19;4.199;4.18;4.187;9227.135
1578913200000;4.182;4.2;4.145;4.15;19417.402
1578916800000;4.15;4.203;4.15;4.202;13321.659
1578920400000;4.199;4.208;4.151;4.151;10879.927
1578924000000;4.165;4.167;4.151;4.164;4204.366
1578927600000;4.17;4.178;4.156;4.165;4666.379
1578931200000;4.157;4.173;4.148;4.162;11254.578
1578934800000;4.169;4.196;4.169;4.19;9975.213
1578938400000;4.189;4.19;4.169;4.178;2707.017
1578942000000;4.176;4.28;4.176;4.24;59252.141
1578945600000;4.24;4.322;4.24;4.279;86512.5
1578949200000;4.287;4.304;4.284;4.296;21483.519
1578952800000;4.299;4.299;4.238;4.244;19395.639
1578956400000;4.252;4.259;4.238;4.245;6231.877
1578960000000;4.248;4.307;4.242;4.263;51903.79
1578963600000;4.263;4.314;4.25;4.285;60417.822
1578967200000;4.277;4.306;4.264;4.281;37041.448
1578970800000;4.274;4.293;4.257;4.289;14015.559
1578974400000;4.289;4.306;4.264;4.274;77073.139
1578978000000;4.273;4.295;4.264;4.276;22249.811
1578981600000;4.274;4.276;4.261;4.271;6056.758
1578985200000;4.27;4.27;4.242;4.244;15249.526
1578988800000;4.244;4.268;4.242;4.248;22194.66
1578992400000;4.248;4.269;4.222;4.236;42172.119
1578996000000;4.236;4.272;4.205;4.25;42447.804
1578999600000;4.25;4.314;4.23;4.308;71340.765
1579003200000;4.307;4.33;4.276;4.296;55806.722
1579006800000;4.297;4.319;4.275;4.299;42872.982
1579010400000;4.299;4.35;4.288;4.337;93474.083
1579014000000;4.339;4.45;4.331;4.413;176129.907
1579017600000;4.413;4.426;4.29;4.394;146437.708
1579021200000;4.394;4.438;4.36;4.435;122359.105
1579024800000;4.436;4.6;4.431;4.508;213623.319
1579028400000;4.515;4.665;4.508;4.62;108313.571
1579032000000;4.611;4.649;4.51;4.519;60849.175
1579035600000;4.52;4.524;4.481;4.524;23612.236
1579039200000;4.524;4.546;4.51;4.51;23658.655
1579042800000;4.52;4.545;4.479;4.53;52089.299
1579046400000;4.526;4.536;4.43;4.446;128016.655
1579050000000;4.439;4.463;4.403;4.463;103679.733
1579053600000;4.463;4.835;4.45;4.827;266891.907
1579057200000;4.827;4.969;4.573;4.583;367246.943
1579060800000;4.583;4.597;4.475;4.547;124052.932
1579064400000;4.534;4.673;4.497;4.605;71079.108
1579068000000;4.589;4.672;4.584;4.607;42349.759
1579071600000;4.619;4.637;4.518;4.52;22069.795
1579075200000;4.518;4.63;4.518;4.584;31918.552
1579078800000;4.6;4.662;4.565;4.64;20475.606
1579082400000;4.649;4.736;4.609;4.733;54370.947
1579086000000;4.725;4.742;4.622;4.622;80678.507
1579089600000;4.627;4.79;4.622;4.737;115950.331
1579093200000;4.739;4.775;4.691;4.746;44972.369
1579096800000;4.746;4.755;4.624;4.624;103700.435
1579100400000;4.639;4.642;4.532;4.55;57810.393
1579104000000;4.55;4.615;4.532;4.613;24975.652
1579107600000;4.601;4.662;4.568;4.653;22865.694
1579111200000;4.661;4.664;4.55;4.606;48524.865
1579114800000;4.609;4.634;4.6;4.634;9850.751
1579118400000;4.621;4.621;4.592;4.603;10352.401
1579122000000;4.611;4.646;4.6;4.633;32158.428
1579125600000;4.624;4.647;4.6;4.611;24053.023
1579129200000;4.611;4.621;4.55;4.573;35089.489
1579132800000;4.568;4.584;4.463;4.466;144648.41
1579136400000;4.466;4.483;4.309;4.357;135451.36
1579140000000;4.365;4.376;4.321;4.356;53915.66
1579143600000;4.356;4.356;4.152;4.279;271258.925
1579147200000;4.284;4.343;4.271;4.322;31857.384
1579150800000;4.321;4.397;4.32;4.376;23211.65
1579154400000;4.374;4.388;4.327;4.362;26383.316
1579158000000;4.366;4.38;4.293;4.31;49138.535
1579161600000;4.308;4.331;4.27;4.296;39142.618
1579165200000;4.303;4.321;4.284;4.311;23374.513
1579168800000;4.311;4.337;4.277;4.327;10991.791
1579172400000;4.325;4.388;4.317;4.388;21707.847
1579176000000;4.389;4.4;4.365;4.37;41048.655
1579179600000;4.368;4.382;4.332;4.36;22267.685
1579183200000;4.357;4.387;4.35;4.362;21157.599
1579186800000;4.369;4.4;4.356;4.387;39895.456
1579190400000;4.388;4.398;4.283;4.317;59249.175
1579194000000;4.316;4.623;4.316;4.602;355334.386
1579197600000;4.608;4.816;4.57;4.589;283514.582
1579201200000;4.574;4.7;4.527;4.646;105472.87
1579204800000;4.657;4.699;4.625;4.693;46195.434
1579208400000;4.694;4.971;4.629;4.957;207935.445
1579212000000;4.96;5.423;4.959;5.079;925950.909
1579215600000;5.076;5.178;4.923;5.097;419540.192
1579219200000;5.098;5.32;5.016;5.101;341138.965
1579222800000;5.102;5.134;5.01;5.086;135578.212
1579226400000;5.089;5.106;4.911;5.031;170563.302
1579230000000;5.031;5.078;4.971;4.973;97344.085
1579233600000;4.973;5.038;4.961;5.031;47323.301
1579237200000;5.029;5.054;4.983;5.017;73977.669
1579240800000;5.017;5.055;4.885;4.886;116710.309
1579244400000;4.891;5.01;4.864;5;110838.718
1579248000000;5;5.07;4.968;5.006;108559.575
1579251600000;5.004;5.052;4.959;5.018;102300.885
1579255200000;5.018;5.037;4.96;4.981;66537.337
1579258800000;4.978;4.992;4.935;4.941;35937.031
1579262400000;4.941;4.957;4.84;4.86;74951.46
1579266000000;4.859;4.951;4.855;4.871;47095.956
1579269600000;4.871;4.878;4.68;4.838;211087.164
1579273200000;4.838;4.935;4.816;4.913;66224.946
1579276800000;4.913;4.954;4.85;4.868;135726.027
1579280400000;4.858;4.919;4.827;4.891;57137.942
1579284000000;4.9;4.924;4.841;4.904;55604.63
1579287600000;4.91;4.92;4.8;4.878;75235.519
1579291200000;4.878;4.9;4.857;4.88;21351.723
1579294800000;4.885;4.899;4.861;4.894;20040.638
1579298400000;4.887;4.979;4.871;4.939;44500.56
1579302000000;4.939;5.04;4.935;5.015;64865.762
1579305600000;5;5.033;4.898;4.899;74334.606
1579309200000;4.908;4.911;4.789;4.821;45583.549
1579312800000;4.821;4.868;4.802;4.828;35279.979
1579316400000;4.818;4.828;4.793;4.804;22031.149
1579320000000;4.804;4.805;4.727;4.742;49989.032
1579323600000;4.742;4.742;4.6;4.647;105294.198
1579327200000;4.654;4.729;4.646;4.721;45427.887
1579330800000;4.724;4.75;4.692;4.703;20132.22
1579334400000;4.711;4.721;4.628;4.698;36403.511
1579338000000;4.702;4.761;4.691;4.744;55985.963
1579341600000;4.747;4.788;4.746;4.75;30941.302
1579345200000;4.75;4.792;4.738;4.751;25695.591
1579348800000;4.742;4.795;4.737;4.785;33562.594
1579352400000;4.786;4.81;4.743;4.784;30478.739
1579356000000;4.783;4.824;4.783;4.799;37520.256
1579359600000;4.799;4.8;4.668;4.762;69594.17
1579363200000;4.762;4.785;4.66;4.68;49778.448
1579366800000;4.68;4.7;4.666;4.674;19078.824
1579370400000;4.674;4.678;4.652;4.661;22965.832
1579374000000;4.653;4.693;4.644;4.647;23573.8
1579377600000;4.653;4.673;4.648;4.65;26622.465
1579381200000;4.65;4.688;4.65;4.675;16560.794
1579384800000;4.682;4.682;4.65;4.655;25625.948
1579388400000;4.655;4.66;4.602;4.625;22616.382
1579392000000;4.625;4.628;4.595;4.61;20917.911
1579395600000;4.621;4.741;4.621;4.672;57401.734
1579399200000;4.675;4.689;4.618;4.682;30489.767
1579402800000;4.683;4.725;4.638;4.66;23451.548
1579406400000;4.648;4.739;4.638;4.723;18248.862
1579410000000;4.723;4.769;4.698;4.705;26274.523
1579413600000;4.705;4.75;4.695;4.712;16313.388
1579417200000;4.713;4.724;4.693;4.71;14973.924
1579420800000;4.707;4.774;4.706;4.757;22757.641
1579424400000;4.757;4.757;4.73;4.741;9105.355
1579428000000;4.74;4.74;4.623;4.641;51486.55
1579431600000;4.637;4.637;4.398;4.456;179754.009
1579435200000;4.456;4.501;4.42;4.45;55913.403
1579438800000;4.441;4.449;4.36;4.435;57021.857
1579442400000;4.444;4.447;4.407;4.422;15465.629
1579446000000;4.417;4.463;4.372;4.456;39542.796
1579449600000;4.456;4.466;4.401;4.401;22870.953
1579453200000;4.411;4.43;4.398;4.421;6243.492
1579456800000;4.43;4.45;4.404;4.45;11084.926
1579460400000;4.45;4.467;4.441;4.452;14449.229
1579464000000;4.452;4.493;4.446;4.487;13769.699
1579467600000;4.493;4.57;4.487;4.535;27785.019
1579471200000;4.54;4.561;4.461;4.509;33096.267
1579474800000;4.52;4.554;4.507;4.516;12861.592
1579478400000;4.516;4.524;4.473;4.494;14849.692
1579482000000;4.494;4.518;4.468;4.476;19859.07
1579485600000;4.476;4.541;4.47;4.514;9966.622
1579489200000;4.514;4.643;4.506;4.62;49961.772
1579492800000;4.624;4.634;4.524;4.557;17506.895
1579496400000;4.574;4.581;4.499;4.511;24475.139
1579500000000;4.511;4.545;4.498;4.544;5948.254
1579503600000;4.544;4.565;4.501;4.508;19007.612
1579507200000;4.508;4.516;4.446;4.451;22757.558
1579510800000;4.462;4.485;4.462;4.468;7209.528
1579514400000;4.472;4.489;4.45;4.488;20237.38
1579518000000;4.478;4.483;4.434;4.444;49791.492
1579521600000;4.444;4.481;4.419;4.464;20033.625
1579525200000;4.47;4.545;4.404;4.484;37879.379
1579528800000;4.492;4.572;4.484;4.548;31578.083
1579532400000;4.551;4.581;4.535;4.562;13530.62
1579536000000;4.561;4.584;4.537;4.554;24095.334
1579539600000;4.559;4.589;4.546;4.581;10745.26
1579543200000;4.582;4.67;4.579;4.591;54302.538
1579546800000;4.591;4.603;4.576;4.578;12561.98
1579550400000;4.584;4.589;4.549;4.565;22360.807
1579554000000;4.566;4.644;4.566;4.644;10783.115
1579557600000;4.641;4.644;4.519;4.529;37290.97
1579561200000;4.533;4.54;4.489;4.505;20747.432
1579564800000;4.502;4.505;4.452;4.484;15879.308
1579568400000;4.479;4.619;4.479;4.535;68482.732
1579572000000;4.539;4.587;4.533;4.57;20242.645
1579575600000;4.57;4.623;4.554;4.593;45921.356
1579579200000;4.578;4.589;4.552;4.562;15631.222
1579582800000;4.562;4.571;4.544;4.544;8723.97
1579586400000;4.545;4.559;4.543;4.553;5002.087
1579590000000;4.55;4.558;4.525;4.532;13035.476
1579593600000;4.538;4.556;4.521;4.556;12562.996
1579597200000;4.555;4.574;4.531;4.566;18701.342
1579600800000;4.563;4.578;4.558;4.572;8337.396
1579604400000;4.572;4.598;4.561;4.565;21505.058
1579608000000;4.564;4.579;4.54;4.561;7633.297
1579611600000;4.561;4.563;4.538;4.555;10223.639
1579615200000;4.547;4.56;4.528;4.558;17849.977
1579618800000;4.55;4.598;4.542;4.589;29843.949
1579622400000;4.589;4.624;4.584;4.617;48814.753
1579626000000;4.609;4.713;4.602;4.697;120710.722
1579629600000;4.697;4.749;4.696;4.709;58698.228
1579633200000;4.712;4.722;4.559;4.586;54781.059
1579636800000;4.593;4.711;4.593;4.711;45364.127
1579640400000;4.714;4.737;4.652;4.673;13058.324
1579644000000;4.677;4.684;4.633;4.652;11185.087
1579647600000;4.653;4.662;4.635;4.64;10386.243
1579651200000;4.64;4.685;4.623;4.685;25483.03
1579654800000;4.685;4.688;4.655;4.655;7004.902
1579658400000;4.663;4.669;4.592;4.61;15948.17
1579662000000;4.613;4.632;4.601;4.606;11835.5
1579665600000;4.606;4.655;4.606;4.651;18040.771
1579669200000;4.649;4.651;4.626;4.63;10072.392
1579672800000;4.626;4.665;4.626;4.665;12325.715
1579676400000;4.662;4.702;4.64;4.654;18714.983
1579680000000;4.654;4.664;4.601;4.625;28928.395
1579683600000;4.628;4.655;4.615;4.645;8954.905
1579687200000;4.638;4.646;4.61;4.61;13042.268
1579690800000;4.611;4.622;4.595;4.612;10395.346
1579694400000;4.61;4.62;4.576;4.607;25607.168
1579698000000;4.601;4.609;4.573;4.595;10322.356
1579701600000;4.589;4.637;4.551;4.59;76674.844
1579705200000;4.587;4.612;4.584;4.603;11184.363
1579708800000;4.603;4.628;4.575;4.59;19441.544
1579712400000;4.592;4.611;4.58;4.606;5309.696
1579716000000;4.612;4.616;4.57;4.589;20356.58
1579719600000;4.589;4.609;4.576;4.602;9450.547
1579723200000;4.6;4.624;4.59;4.624;5097.388
1579726800000;4.624;4.651;4.61;4.635;9748.281
1579730400000;4.635;4.653;4.613;4.614;7917.279
1579734000000;4.619;4.663;4.603;4.657;32239.153
1579737600000;4.662;4.69;4.656;4.677;21801.875
1579741200000;4.678;4.679;4.62;4.62;13551.035
1579744800000;4.62;4.632;4.568;4.613;39585.263
1579748400000;4.606;4.63;4.559;4.597;28048.877
1579752000000;4.594;4.606;4.574;4.59;10018.392
1579755600000;4.58;4.584;4.39;4.396;183246.848
1579759200000;4.396;4.448;4.392;4.436;53885.939
1579762800000;4.436;4.484;4.416;4.465;27578.473
1579766400000;4.463;4.496;4.425;4.432;33156.18
1579770000000;4.433;4.437;4.387;4.403;51631.077
1579773600000;4.408;4.42;4.364;4.391;46822.067
1579777200000;4.391;4.424;4.381;4.406;15366.505
1579780800000;4.407;4.46;4.395;4.436;26046.223
1579784400000;4.446;4.446;4.394;4.415;35044.372
1579788000000;4.415;4.435;4.395;4.426;18814.931
1579791600000;4.433;4.489;4.422;4.452;23887.057
1579795200000;4.452;4.47;4.408;4.438;15232.453
1579798800000;4.44;4.472;4.418;4.456;15368.365
1579802400000;4.457;4.458;4.415;4.417;11257.389
1579806000000;4.417;4.47;4.417;4.457;9605.549
1579809600000;4.457;4.48;4.445;4.471;10800.466
1579813200000;4.475;4.475;4.389;4.426;35577.439
1579816800000;4.426;4.449;4.423;4.446;14491.446
1579820400000;4.446;4.464;4.414;4.463;16272.519
1579824000000;4.464;4.485;4.451;4.485;8706.099
1579827600000;4.478;4.484;4.441;4.446;9597.939
1579831200000;4.442;4.447;4.351;4.367;22552.135
1579834800000;4.364;4.376;4.344;4.366;41429.088
1579838400000;4.366;4.387;4.357;4.386;4780.768
1579842000000;4.379;4.417;4.379;4.414;6427.54
1579845600000;4.414;4.471;4.413;4.471;19260.535
1579849200000;4.471;4.472;4.444;4.452;10395.664
1579852800000;4.456;4.462;4.434;4.435;10300.232
1579856400000;4.436;4.44;4.344;4.353;30573.561
1579860000000;4.353;4.389;4.348;4.355;22510.539
1579863600000;4.359;4.486;4.349;4.477;39483.414
1579867200000;4.488;4.525;4.454;4.488;33760.278
1579870800000;4.498;4.517;4.49;4.514;25915.942
1579874400000;4.514;4.523;4.467;4.475;41090.779
1579878000000;4.475;4.522;4.463;4.521;15423.489
1579881600000;4.522;4.53;4.491;4.491;6449.262
1579885200000;4.493;4.506;4.487;4.495;13451.468
1579888800000;4.498;4.511;4.49;4.5;10681.455
1579892400000;4.493;4.514;4.485;4.49;8934.693
1579896000000;4.49;4.499;4.43;4.488;25944.83
1579899600000;4.481;4.497;4.473;4.485;2385.142
1579903200000;4.495;4.496;4.458;4.486;3984.417
1579906800000;4.479;4.491;4.449;4.488;5872.591
1579910400000;4.485;4.492;4.37;4.375;28518.041
1579914000000;4.375;4.399;4.365;4.382;9053.497
1579917600000;4.382;4.401;4.382;4.401;3450.346
1579921200000;4.403;4.425;4.403;4.421;4568.797
1579924800000;4.413;4.425;4.39;4.391;5642.463
1579928400000;4.4;4.445;4.394;4.445;12124.771
1579932000000;4.445;4.456;4.432;4.44;8058.681
1579935600000;4.43;4.448;4.399;4.412;15700.666
1579939200000;4.417;4.484;4.411;4.449;24532.105
1579942800000;4.446;4.449;4.352;4.39;88865.859
1579946400000;4.39;4.399;4.353;4.368;33502.481
1579950000000;4.368;4.372;4.358;4.37;7267.235
1579953600000;4.365;4.38;4.362;4.362;5239.011
1579957200000;4.366;4.405;4.366;4.39;10626.03
1579960800000;4.391;4.406;4.39;4.405;2020.796
1579964400000;4.399;4.412;4.393;4.405;3585.858
1579968000000;4.396;4.425;4.395;4.412;6928.411
1579971600000;4.412;4.426;4.403;4.405;13465.987
1579975200000;4.404;4.413;4.391;4.401;3614.028
1579978800000;4.413;4.424;4.406;4.414;6586.899
1579982400000;4.415;4.422;4.409;4.417;2186.728
1579986000000;4.424;4.438;4.409;4.421;5978.515
1579989600000;4.425;4.45;4.403;4.41;12377.272
1579993200000;4.407;4.428;4.383;4.39;10359.597
1579996800000;4.38;4.391;4.358;4.38;7787.924
1580000400000;4.38;4.4;4.38;4.392;3343.345
1580004000000;4.393;4.393;4.363;4.373;21629.142
1580007600000;4.374;4.401;4.365;4.39;6096.112
1580011200000;4.387;4.408;4.385;4.398;1620.268
1580014800000;4.401;4.415;4.4;4.407;3612.968
1580018400000;4.407;4.476;4.404;4.422;31567.193
1580022000000;4.407;4.443;4.404;4.443;5334.469
1580025600000;4.443;4.48;4.437;4.454;13838.328
1580029200000;4.454;4.462;4.446;4.457;5808.634
1580032800000;4.451;4.473;4.45;4.472;17705.384
1580036400000;4.465;4.478;4.457;4.472;4732.196
1580040000000;4.478;4.483;4.468;4.482;8633.558
1580043600000;4.484;4.488;4.441;4.461;10271.32
1580047200000;4.461;4.492;4.456;4.48;13342.751
1580050800000;4.48;4.489;4.464;4.47;9099.604
1580054400000;4.473;4.487;4.453;4.462;10231.623
1580058000000;4.468;4.501;4.415;4.488;64790.829
1580061600000;4.493;4.504;4.473;4.498;16002.529
1580065200000;4.49;4.505;4.478;4.496;22041.749
1580068800000;4.496;4.5;4.487;4.498;6736.088
1580072400000;4.498;4.502;4.486;4.493;8379.118
1580076000000;4.492;4.503;4.441;4.486;34295.627
1580079600000;4.482;4.498;4.42;4.478;28951.123
1580083200000;4.48;4.529;4.443;4.476;61494.593
1580086800000;4.47;4.518;4.455;4.485;70957.722
1580090400000;4.484;4.5;4.475;4.499;12800.55
1580094000000;4.495;4.499;4.462;4.476;23853.279
1580097600000;4.482;4.494;4.465;4.479;28798.807
1580101200000;4.476;4.487;4.402;4.477;94945.896
1580104800000;4.477;4.497;4.474;4.475;9282.512
1580108400000;4.48;4.501;4.474;4.492;13205.685
1580112000000;4.491;4.499;4.4;4.427;79280.44
1580115600000;4.436;4.46;4.426;4.453;19789.952
1580119200000;4.447;4.462;4.431;4.436;9134.124
1580122800000;4.436;4.487;4.436;4.467;33236.253
1580126400000;4.465;4.51;4.462;4.51;95456.798
1580130000000;4.51;4.585;4.51;4.526;116840.242
1580133600000;4.537;4.555;4.508;4.543;76842.44
1580137200000;4.547;4.61;4.545;4.598;82182.367
1580140800000;4.602;4.624;4.575;4.618;35787.793
1580144400000;4.623;4.631;4.601;4.604;17051.086
1580148000000;4.601;4.65;4.601;4.65;19224.835
1580151600000;4.65;4.672;4.611;4.638;60255.549
1580155200000;4.647;4.65;4.594;4.598;43070.271
1580158800000;4.606;4.61;4.548;4.561;44508.084
1580162400000;4.552;4.559;4.516;4.529;11867.267
1580166000000;4.533;4.536;4.501;4.515;21869.54
1580169600000;4.515;4.572;4.51;4.541;42827.514
1580173200000;4.549;4.587;4.539;4.561;45147.17
1580176800000;4.561;4.562;4.534;4.552;15369.23
1580180400000;4.559;4.563;4.532;4.555;16065.084
1580184000000;4.55;4.568;4.52;4.521;8926.976
1580187600000;4.528;4.534;4.491;4.529;34094.38
1580191200000;4.529;4.552;4.509;4.518;12961.09
1580194800000;4.509;4.533;4.492;4.524;16329.567
1580198400000;4.518;4.522;4.491;4.495;8971.996
1580202000000;4.491;4.51;4.483;4.491;15422.655
1580205600000;4.49;4.546;4.48;4.539;12656.993
1580209200000;4.535;4.553;4.524;4.535;12513.146
1580212800000;4.535;4.539;4.506;4.529;14232.937
1580216400000;4.529;4.581;4.523;4.566;35216.946
1580220000000;4.565;4.61;4.52;4.542;74786.371
1580223600000;4.535;4.537;4.48;4.506;56881.691
1580227200000;4.506;4.524;4.475;4.475;18857.9
1580230800000;4.474;4.503;4.469;4.49;30155.258
1580234400000;4.488;4.53;4.483;4.501;12859.048
1580238000000;4.501;4.519;4.493;4.517;3753.541
1580241600000;4.517;4.549;4.506;4.528;16686.911
1580245200000;4.532;4.55;4.514;4.519;13365.754
1580248800000;4.519;4.567;4.519;4.55;29916.836
1580252400000;4.56;4.611;4.544;4.577;28282.423
1580256000000;4.596;4.597;4.548;4.56;25860.298
1580259600000;4.561;4.586;4.547;4.567;21668.696
1580263200000;4.574;4.577;4.538;4.561;14329.872
1580266800000;4.56;4.575;4.553;4.558;15157.697
1580270400000;4.561;4.568;4.504;4.533;36825.229
1580274000000;4.53;4.57;4.53;4.563;21868.555
1580277600000;4.558;4.572;4.527;4.534;40181.743
1580281200000;4.533;4.571;4.527;4.57;37527.735
1580284800000;4.57;4.581;4.56;4.579;16167.024
1580288400000;4.573;4.578;4.53;4.536;37607.56
1580292000000;4.532;4.563;4.491;4.557;42929.855
1580295600000;4.557;4.567;4.476;4.509;59260.279
1580299200000;4.509;4.511;4.455;4.462;29226.089
1580302800000;4.475;4.475;4.35;4.416;225754.113
1580306400000;4.417;4.425;4.387;4.389;77425.138
1580310000000;4.389;4.416;4.364;4.383;87271.976
1580313600000;4.384;4.419;4.35;4.418;51413.144
1580317200000;4.418;4.422;4.381;4.408;26587.183
1580320800000;4.403;4.427;4.403;4.424;24625.941
1580324400000;4.424;4.431;4.39;4.412;56687.947
1580328000000;4.412;4.416;4.389;4.41;17537.338
1580331600000;4.41;4.449;4.395;4.419;39077.782
1580335200000;4.423;4.434;4.395;4.414;11853.271
1580338800000;4.41;4.439;4.395;4.401;53666.562
1580342400000;4.401;4.409;4.36;4.386;40975.143
1580346000000;4.377;4.387;4.361;4.382;26541.401
1580349600000;4.385;4.385;4.304;4.323;63987.291
1580353200000;4.322;4.335;4.306;4.321;47069.077
1580356800000;4.316;4.36;4.316;4.349;30730.625
1580360400000;4.349;4.356;4.334;4.342;27550.211
1580364000000;4.343;4.365;4.338;4.343;25152.579
1580367600000;4.343;4.426;4.342;4.416;37990.671
1580371200000;4.414;4.426;4.35;4.396;61242.59
1580374800000;4.397;4.421;4.354;4.405;80154.511
1580378400000;4.405;4.421;4.39;4.401;23039.86
1580382000000;4.406;4.455;4.401;4.442;46088.248
1580385600000;4.442;4.459;4.432;4.448;21651.073
1580389200000;4.448;4.48;4.447;4.466;42047.352
1580392800000;4.474;4.477;4.404;4.428;42009.242
1580396400000;4.428;4.44;4.41;4.439;23539.432
1580400000000;4.441;4.458;4.341;4.405;82111.201
1580403600000;4.405;4.459;4.381;4.381;33098.431
1580407200000;4.387;4.412;4.38;4.39;32468.327
1580410800000;4.396;4.402;4.373;4.395;11322.751
1580414400000;4.388;4.434;4.388;4.43;32469.473
1580418000000;4.434;4.443;4.407;4.407;19089.497
1580421600000;4.414;4.422;4.394;4.422;22934.076
1580425200000;4.422;4.436;4.385;4.41;29995.78
1580428800000;4.415;4.424;4.398;4.422;21546.543
1580432400000;4.423;4.445;4.417;4.438;22603.116
1580436000000;4.438;4.459;4.413;4.453;23590.17
1580439600000;4.458;4.558;4.451;4.517;109479.005
1580443200000;4.517;4.615;4.509;4.584;137978.291
1580446800000;4.584;4.592;4.48;4.506;83145.017
1580450400000;4.507;4.542;4.49;4.525;32883.489
1580454000000;4.521;4.521;4.478;4.518;20330.201
1580457600000;4.519;4.543;4.517;4.525;20901.866
1580461200000;4.529;4.533;4.497;4.503;13963.234
1580464800000;4.5;4.546;4.485;4.508;46952.32
1580468400000;4.509;4.509;4.469;4.48;20519.346
1580472000000;4.477;4.49;4.413;4.413;41091.212
1580475600000;4.418;4.435;4.35;4.395;87345.085
1580479200000;4.395;4.399;4.311;4.334;64572.21
1580482800000;4.336;4.419;4.334;4.407;22792.291
1580486400000;4.398;4.414;4.367;4.377;12739.169
1580490000000;4.378;4.392;4.3;4.327;109998.974
1580493600000;4.326;4.367;4.322;4.364;18220.61
1580497200000;4.365;4.365;4.353;4.354;3464.618
1580500800000;4.357;4.385;4.355;4.382;8650.521
1580504400000;4.382;4.387;4.361;4.384;15566.583
1580508000000;4.378;4.416;4.367;4.415;24030.783
1580511600000;4.408;4.42;4.388;4.397;10610.572
1580515200000;4.398;4.442;4.39;4.433;5779.322
1580518800000;4.434;4.447;4.416;4.435;27958.765
1580522400000;4.442;4.451;4.407;4.409;33529.845
1580526000000;4.411;4.419;4.388;4.407;16106.043
1580529600000;4.408;4.416;4.397;4.403;10231.605
1580533200000;4.403;4.413;4.394;4.394;5970.01
1580536800000;4.395;4.417;4.394;4.407;6612.729
1580540400000;4.417;4.418;4.401;4.41;7941.858
1580544000000;4.406;4.413;4.357;4.38;17267.674
1580547600000;4.383;4.383;4.352;4.382;8887.094
1580551200000;4.383;4.392;4.361;4.377;8348.654
1580554800000;4.376;4.376;4.321;4.329;24756.747
1580558400000;4.329;4.345;4.271;4.305;118661.047
1580562000000;4.304;4.336;4.295;4.331;48836.054
1580565600000;4.324;4.346;4.293;4.346;37027.481
1580569200000;4.346;4.35;4.281;4.297;131252.804
1580572800000;4.3;4.358;4.295;4.356;30522.246
1580576400000;4.358;4.363;4.334;4.349;23343.684
1580580000000;4.349;4.359;4.342;4.358;13114.352
1580583600000;4.358;4.384;4.352;4.383;19142.438
1580587200000;4.385;4.387;4.354;4.372;5480.193
1580590800000;4.372;4.375;4.348;4.361;9037.553
1580594400000;4.364;4.381;4.361;4.378;5316.205
1580598000000;4.382;4.389;4.377;4.388;2954.362
1580601600000;4.379;4.385;4.321;4.326;13940.311
1580605200000;4.32;4.342;4.314;4.327;8005.427
1580608800000;4.326;4.326;4.281;4.291;59289.667
1580612400000;4.297;4.312;4.282;4.299;28936.649
1580616000000;4.302;4.313;4.235;4.308;57370.661
1580619600000;4.308;4.329;4.297;4.319;17682.743
1580623200000;4.32;4.363;4.313;4.356;16042.599
1580626800000;4.351;4.358;4.344;4.356;13373.898
1580630400000;4.358;4.366;4.342;4.351;13695.078
1580634000000;4.354;4.378;4.34;4.375;13999.792
1580637600000;4.368;4.408;4.351;4.401;40959.362
1580641200000;4.398;4.413;4.369;4.404;43694.702
1580644800000;4.407;4.47;4.403;4.457;119047.534
1580648400000;4.458;4.459;4.43;4.438;36707.252
1580652000000;4.439;4.465;4.426;4.464;25908.545
1580655600000;4.464;4.472;4.432;4.458;15117.582
1580659200000;4.458;4.463;4.442;4.449;17916.658
1580662800000;4.449;4.464;4.438;4.46;18261.692
1580666400000;4.452;4.455;4.432;4.443;15563.401
1580670000000;4.442;4.446;4.426;4.428;10170.977
1580673600000;4.433;4.463;4.428;4.46;14271.517
1580677200000;4.464;4.481;4.457;4.476;15510.514
1580680800000;4.475;4.476;4.443;4.447;41702.164
1580684400000;4.447;4.466;4.394;4.403;41378.003
1580688000000;4.403;4.455;4.366;4.453;28108.94
1580691600000;4.456;4.5;4.411;4.413;63310.962
1580695200000;4.413;4.417;4.361;4.388;30846.377
1580698800000;4.385;4.409;4.378;4.403;9956.306
1580702400000;4.407;4.429;4.404;4.429;8296.327
1580706000000;4.429;4.432;4.414;4.424;8878.909
1580709600000;4.42;4.422;4.406;4.415;3928.446
1580713200000;4.411;4.413;4.394;4.403;11160.155
1580716800000;4.404;4.427;4.397;4.41;5124.173
1580720400000;4.405;4.413;4.351;4.366;21860.006
1580724000000;4.365;4.377;4.34;4.34;26467.942
1580727600000;4.34;4.386;4.338;4.374;17272.908
1580731200000;4.369;4.389;4.359;4.375;9889.889
1580734800000;4.381;4.399;4.375;4.383;8484.924
1580738400000;4.382;4.4;4.368;4.394;16570.075
1580742000000;4.394;4.399;4.35;4.35;21040.919
1580745600000;4.35;4.384;4.345;4.361;13544.993
1580749200000;4.358;4.384;4.345;4.346;20042.999
1580752800000;4.345;4.347;4.262;4.266;105599.143
1580756400000;4.266;4.278;4.24;4.275;91313.029
1580760000000;4.277;4.306;4.266;4.289;40655.249
1580763600000;4.288;4.289;4.27;4.276;20533.36
1580767200000;4.275;4.304;4.271;4.271;40898.821
1580770800000;4.271;4.278;4.252;4.263;50851.513
1580774400000;4.264;4.275;4.228;4.237;99744.442
1580778000000;4.24;4.263;4.199;4.247;102282.124
1580781600000;4.247;4.254;4.212;4.217;69103.957
1580785200000;4.216;4.229;4.147;4.17;141359.843
1580788800000;4.17;4.236;4.15;4.158;165538.499
1580792400000;4.158;4.167;4.143;4.155;48641.473
1580796000000;4.152;4.202;4.147;4.166;79554.127
1580799600000;4.167;4.168;4.082;4.131;239204.969
1580803200000;4.131;4.174;4.122;4.166;66220.711
1580806800000;4.16;4.172;4.048;4.066;165280.871
1580810400000;4.066;4.11;4.005;4.005;218294.85
1580814000000;4.013;4.098;4;4.064;194805.044
1580817600000;4.064;4.07;4.01;4.049;118607.799
1580821200000;4.049;4.088;4.01;4.086;122292.078
1580824800000;4.083;4.13;4.079;4.111;96294.172
1580828400000;4.107;4.183;4.081;4.18;88863.133
1580832000000;4.179;4.21;4.155;4.204;57107.291
1580835600000;4.199;4.236;4.198;4.224;54169.388
1580839200000;4.23;4.236;4.187;4.207;31109.858
1580842800000;4.205;4.205;4.181;4.195;15916.524
1580846400000;4.195;4.215;4.181;4.212;11669.96
1580850000000;4.209;4.237;4.204;4.214;38979.391
1580853600000;4.214;4.23;4.201;4.217;20089.896
1580857200000;4.219;4.247;4.214;4.22;14986.991
1580860800000;4.22;4.275;4.201;4.27;33059.368
1580864400000;4.277;4.296;4.271;4.276;55348.65
1580868000000;4.276;4.308;4.276;4.308;57899.079
1580871600000;4.309;4.309;4.263;4.268;42981.257
1580875200000;4.27;4.272;4.2;4.211;76059.837
1580878800000;4.211;4.24;4.139;4.163;182148.801
1580882400000;4.164;4.216;4.16;4.188;75784.421
1580886000000;4.188;4.234;4.187;4.215;42764.387
1580889600000;4.215;4.224;4.159;4.183;61564.777
1580893200000;4.181;4.238;4.181;4.236;59673.989
1580896800000;4.236;4.241;4.193;4.21;74962.873
1580900400000;4.205;4.242;4.189;4.228;87370.676
1580904000000;4.228;4.251;4.222;4.233;69323.158
1580907600000;4.23;4.241;4.185;4.219;212059.6
1580911200000;4.224;4.248;4.207;4.248;48447.692
1580914800000;4.246;4.286;4.237;4.281;46398.032
1580918400000;4.281;4.285;4.255;4.281;48521.559
1580922000000;4.281;4.288;4.265;4.274;43090.2
1580925600000;4.277;4.307;4.266;4.299;77835.144
1580929200000;4.299;4.35;4.295;4.3;73360.749
1580932800000;4.304;4.343;4.291;4.343;40797.706
1580936400000;4.339;4.35;4.25;4.318;90659.198
1580940000000;4.319;4.324;4.291;4.305;27313.214
1580943600000;4.305;4.338;4.3;4.33;27160.535
1580947200000;4.33;4.337;4.27;4.28;30751.138
1580950800000;4.278;4.322;4.252;4.322;36620.57
1580954400000;4.322;4.33;4.279;4.292;37061.393
1580958000000;4.29;4.332;4.289;4.332;38689.126
1580961600000;4.334;4.363;4.329;4.356;70942.091
1580965200000;4.357;4.387;4.347;4.35;65083.489
1580968800000;4.354;4.365;4.336;4.359;35049.919
1580972400000;4.359;4.489;4.353;4.477;307289.948
1580976000000;4.481;4.58;4.46;4.538;309385.047
1580979600000;4.538;4.576;4.482;4.519;172912.043
1580983200000;4.517;4.56;4.487;4.543;93470.807
1580986800000;4.543;4.56;4.516;4.543;94075.405
1580990400000;4.54;4.55;4.49;4.503;109626.058
1580994000000;4.503;4.55;4.418;4.441;151977.33
1580997600000;4.441;4.534;4.409;4.513;114988.488
1581001200000;4.513;4.531;4.47;4.529;106880.532
1581004800000;4.529;4.55;4.481;4.524;71176.305
1581008400000;4.523;4.539;4.51;4.518;28980.5
1581012000000;4.52;4.56;4.516;4.526;85931.312
1581015600000;4.534;4.577;4.507;4.507;58132.183
1581019200000;4.511;4.555;4.499;4.553;23211.609
1581022800000;4.556;4.589;4.52;4.573;37382.55
1581026400000;4.582;4.588;4.563;4.57;13084.376
1581030000000;4.569;4.602;4.558;4.589;35180.985
1581033600000;4.586;4.65;4.586;4.65;81540.591
1581037200000;4.646;4.674;4.619;4.652;78716.237
1581040800000;4.652;4.679;4.625;4.644;46434.353
1581044400000;4.633;4.647;4.56;4.565;82543.268
1581048000000;4.564;4.593;4.522;4.593;52138.237
1581051600000;4.589;4.597;4.553;4.559;52701.85
1581055200000;4.563;4.581;4.547;4.559;31511.106
1581058800000;4.56;4.59;4.559;4.583;40463.366
1581062400000;4.585;4.653;4.582;4.634;77663.837
1581066000000;4.634;4.646;4.603;4.616;73320.94
1581069600000;4.608;4.65;4.59;4.615;65087.545
1581073200000;4.615;4.681;4.6;4.6;89761.724
1581076800000;4.608;4.628;4.519;4.564;143980.301
1581080400000;4.565;4.617;4.55;4.611;90366.271
1581084000000;4.614;4.8;4.581;4.787;324619.332
1581087600000;4.776;4.895;4.754;4.89;336542.518
1581091200000;4.893;4.91;4.773;4.81;234565.974
1581094800000;4.809;4.901;4.809;4.861;96237.954
1581098400000;4.861;4.878;4.849;4.859;48795.468
1581102000000;4.852;4.936;4.849;4.932;63668.23
1581105600000;4.937;4.938;4.797;4.817;90506.342
1581109200000;4.817;4.825;4.795;4.819;26939.68
1581112800000;4.814;4.824;4.785;4.813;38600.02
1581116400000;4.813;4.85;4.808;4.825;51088.848
1581120000000;4.812;4.834;4.65;4.667;122517.636
1581123600000;4.656;4.743;4.602;4.718;124424.471
1581127200000;4.718;4.738;4.55;4.57;128316.036
1581130800000;4.57;4.65;4.5;4.63;134573.372
1581134400000;4.63;4.68;4.6;4.64;86236.471
1581138000000;4.639;4.7;4.622;4.655;64658.356
1581141600000;4.654;4.686;4.633;4.686;61093.793
1581145200000;4.68;4.711;4.663;4.692;42201.036
1581148800000;4.692;4.768;4.691;4.719;53695.925
1581152400000;4.727;4.76;4.708;4.753;41339.996
1581156000000;4.752;4.801;4.75;4.776;61436.813
1581159600000;4.772;4.81;4.753;4.786;64529.776
1581163200000;4.784;4.801;4.768;4.781;37168.44
1581166800000;4.776;4.79;4.702;4.759;112514.928
1581170400000;4.752;4.756;4.711;4.755;43274.54
1581174000000;4.755;4.762;4.724;4.74;31036.548
1581177600000;4.741;4.75;4.712;4.742;65494.34
1581181200000;4.739;4.744;4.677;4.71;80905.994
1581184800000;4.708;4.723;4.704;4.718;13607.1
1581188400000;4.725;4.734;4.698;4.705;26319.608
1581192000000;4.705;4.706;4.68;4.692;24532.442
1581195600000;4.686;4.72;4.659;4.667;17346.655
1581199200000;4.676;4.695;4.653;4.654;18353.07
1581202800000;4.66;4.664;4.619;4.629;28985.258
1581206400000;4.629;4.708;4.622;4.707;29871.266
1581210000000;4.702;4.714;4.688;4.708;50217.473
1581217200000;4.708;4.727;4.64;4.708;94647.928
1581220800000;4.707;4.717;4.604;4.676;72408.845
1581224400000;4.676;4.771;4.668;4.746;68741.086
1581228000000;4.75;4.776;4.746;4.759;29769.255
1581231600000;4.754;4.783;4.734;4.745;25647.985
1581235200000;4.743;4.743;4.674;4.708;60329.738
1581238800000;4.708;4.727;4.69;4.693;46919.754
1581242400000;4.692;4.732;4.683;4.731;37915.527
1581246000000;4.728;4.785;4.698;4.776;52574.212
1581249600000;4.781;4.788;4.716;4.727;36256.442
1581253200000;4.729;4.732;4.684;4.693;22530.458
1581256800000;4.691;4.719;4.65;4.65;37239.56
1581260400000;4.651;4.705;4.612;4.687;62071.98
1581264000000;4.687;4.718;4.673;4.718;34730.421
1581267600000;4.716;4.72;4.68;4.71;51431.324
1581271200000;4.71;4.714;4.675;4.7;20875.535
1581274800000;4.706;4.715;4.695;4.707;5040.831
1581278400000;4.704;4.704;4.675;4.682;14522.578
1581282000000;4.683;4.695;4.678;4.687;9183.976
1581285600000;4.696;4.727;4.689;4.727;15065.003
1581289200000;4.727;4.775;4.714;4.757;43889.478
1581292800000;4.757;4.774;4.712;4.726;53340.705
1581296400000;4.721;4.728;4.693;4.701;14300.76
1581300000000;4.701;4.722;4.678;4.684;39466.706
1581303600000;4.685;4.692;4.63;4.659;99726.704
1581307200000;4.66;4.666;4.61;4.66;28487.201
1581310800000;4.658;4.666;4.433;4.562;116903.643
1581314400000;4.558;4.65;4.552;4.642;109591.33
1581318000000;4.635;4.742;4.635;4.707;75214.1
1581321600000;4.707;4.732;4.638;4.653;64705.42
1581325200000;4.651;4.654;4.571;4.63;102552.827
1581328800000;4.627;4.727;4.624;4.666;70772.525
1581332400000;4.668;4.668;4.6;4.628;60471.507
1581336000000;4.628;4.769;4.615;4.756;103304.796
1581339600000;4.767;4.769;4.682;4.717;52165.032
1581343200000;4.715;4.75;4.65;4.729;62587.45
1581346800000;4.737;4.76;4.732;4.744;42843.669
1581350400000;4.744;4.756;4.68;4.697;50371.091
1581354000000;4.693;4.724;4.685;4.71;19018.579
1581357600000;4.713;4.723;4.659;4.671;62119.436
1581361200000;4.672;4.692;4.658;4.687;9583.079
1581364800000;4.681;4.714;4.672;4.714;9803.422
1581368400000;4.714;4.747;4.702;4.72;34066.505
1581372000000;4.726;4.75;4.717;4.735;36882.333
1581375600000;4.735;4.81;4.735;4.773;83180.167
1581379200000;4.773;4.785;4.739;4.77;38925.699
1581382800000;4.775;4.785;4.75;4.767;47095.38
1581386400000;4.767;4.8;4.748;4.798;62470.639
1581390000000;4.798;4.813;4.782;4.794;88568.328
1581393600000;4.793;4.795;4.721;4.727;52264.023
1581397200000;4.732;4.764;4.712;4.722;52221.775
1581400800000;4.722;4.753;4.704;4.725;37682.343
1581404400000;4.727;4.739;4.696;4.699;28112.344
1581408000000;4.7;4.79;4.693;4.77;62576.333
1581411600000;4.773;4.791;4.733;4.786;38122.432
1581415200000;4.79;4.823;4.77;4.822;54659.686
1581418800000;4.822;4.872;4.799;4.865;75396.695
1581422400000;4.865;5.033;4.857;4.954;308054.442
1581426000000;4.953;5.005;4.944;4.95;95455.268
1581429600000;4.958;5.01;4.95;4.957;150860.641
1581433200000;4.964;5.037;4.865;4.984;209572.926
1581436800000;4.986;5.201;4.905;5.152;244767.767
1581440400000;5.156;5.216;5.058;5.159;139736.033
1581444000000;5.159;5.162;5.094;5.117;57148.734
1581447600000;5.12;5.127;5.061;5.099;85635.866
1581451200000;5.101;5.13;5.075;5.123;56648.452
1581454800000;5.124;5.141;5.067;5.1;32522.71
1581458400000;5.103;5.131;5.088;5.11;41765.019
1581462000000;5.109;5.13;5.101;5.105;30299.436
1581465600000;5.108;5.136;5.094;5.113;62354.88
1581469200000;5.116;5.148;5.076;5.141;84101.33
1581472800000;5.15;5.192;5.125;5.185;75624.946
1581476400000;5.187;5.256;5.181;5.242;93358.335
1581480000000;5.241;5.286;5.192;5.192;137749.766
1581483600000;5.191;5.26;5.19;5.25;49702.38
1581487200000;5.252;5.284;5.234;5.267;62147.483
1581490800000;5.267;5.327;5.223;5.287;153473.331
1581494400000;5.293;5.293;5.141;5.198;101619.523
1581498000000;5.198;5.25;5.137;5.232;121552.456
1581501600000;5.228;5.279;5.187;5.259;76303.044
1581505200000;5.252;5.273;5.166;5.192;77905.55
1581508800000;5.191;5.229;5.15;5.199;64496.003
1581512400000;5.21;5.256;5.178;5.251;87852.989
1581516000000;5.251;5.268;5.188;5.216;100847.083
1581519600000;5.212;5.218;5.134;5.146;118016.912
1581523200000;5.143;5.249;5.13;5.217;105440.973
1581526800000;5.212;5.254;5.173;5.179;51475.651
1581530400000;5.178;5.212;5.166;5.194;62494.959
1581534000000;5.191;5.195;5.137;5.164;85039.594
1581537600000;5.163;5.211;5.142;5.207;80077.052
1581541200000;5.21;5.23;5.133;5.173;83553.977
1581544800000;5.173;5.2;5.16;5.173;43102.105
1581548400000;5.172;5.22;5.022;5.109;157908.975
1581552000000;5.1;5.157;5.084;5.146;37893.839
1581555600000;5.146;5.164;5.108;5.15;59921.421
1581559200000;5.149;5.15;5.093;5.128;94643.852
1581562800000;5.128;5.197;5.126;5.152;76258.061
1581566400000;5.154;5.216;5.135;5.167;74412.117
1581570000000;5.176;5.199;5.14;5.175;57505.157
1581573600000;5.174;5.244;5.165;5.229;59413.813
1581577200000;5.227;5.242;5.102;5.106;71741.722
1581580800000;5.104;5.128;4.87;4.97;289781.955
1581584400000;4.97;4.981;4.868;4.888;158408.829
1581588000000;4.883;5.003;4.872;4.933;107384.511
1581591600000;4.919;4.934;4.828;4.932;62510.909
1581595200000;4.932;4.986;4.875;4.969;105782.409
1581598800000;4.97;5.129;4.956;4.996;161624.35
1581602400000;4.996;5.082;4.9;4.956;98091.177
1581606000000;4.952;5.025;4.927;4.967;61709.363
1581609600000;4.965;5.023;4.865;4.88;120096.361
1581613200000;4.88;4.918;4.85;4.882;102186.604
1581616800000;4.887;4.926;4.87;4.893;26354.1
1581620400000;4.891;4.914;4.872;4.91;35087.922
1581624000000;4.917;4.921;4.858;4.905;29627.326
1581627600000;4.895;4.912;4.842;4.903;22331.302
1581631200000;4.899;4.91;4.874;4.886;27082.555
1581634800000;4.887;4.925;4.883;4.906;26630.003
1581638400000;4.912;4.931;4.856;4.921;24611.653
1581642000000;4.921;4.93;4.894;4.911;18515.782
1581645600000;4.911;4.931;4.882;4.929;8351.579
1581649200000;4.92;4.935;4.91;4.913;18081.433
1581652800000;4.921;4.975;4.902;4.926;34855.521
1581656400000;4.933;4.964;4.902;4.936;24944.443
1581660000000;4.938;5;4.921;4.979;55792.576
1581663600000;4.978;4.986;4.873;4.906;39189.135
1581667200000;4.909;4.983;4.896;4.958;31266.473
1581670800000;4.951;4.972;4.941;4.954;15213.152
1581674400000;4.967;4.982;4.935;4.94;69589.325
1581678000000;4.943;4.995;4.913;4.978;52097.766
1581681600000;4.985;4.985;4.942;4.95;50290.02
1581685200000;4.949;4.97;4.941;4.969;13059.441
1581688800000;4.968;5.059;4.968;5.003;96423.536
1581692400000;5.016;5.05;4.922;5.043;82914.824
1581696000000;5.043;5.094;5.034;5.091;56513.817
1581699600000;5.091;5.127;5.082;5.099;35650.177
1581703200000;5.1;5.141;5.099;5.134;29094.986
1581706800000;5.135;5.138;5.082;5.094;18890.839
1581710400000;5.095;5.121;5.095;5.112;8825.367
1581714000000;5.111;5.119;5.083;5.112;11186.513
1581717600000;5.112;5.123;5.096;5.12;14466.294
1581721200000;5.12;5.12;5.08;5.111;24930.714
1581724800000;5.119;5.136;5.094;5.109;30354.08
1581728400000;5.112;5.135;5.066;5.074;31902.135
1581732000000;5.076;5.084;5;5.017;57146.119
1581735600000;5.01;5.069;5.01;5.064;31603.651
1581739200000;5.07;5.07;5.039;5.044;8536.463
1581742800000;5.044;5.049;4.976;4.993;28574.86
1581746400000;4.985;5.037;4.975;5.013;33284.411
1581750000000;5.012;5.012;4.95;4.99;26008.42
1581753600000;4.976;4.996;4.951;4.996;23896.617
1581757200000;4.996;4.998;4.959;4.995;28612.081
1581760800000;4.995;5.03;4.985;5.011;32520.742
1581764400000;5.011;5.037;4.996;5.017;32988.768
1581768000000;5.004;5.035;4.978;5.027;44593.102
1581771600000;5.027;5.043;5.023;5.037;14385.56
1581775200000;5.039;5.07;5.013;5.022;28738.892
1581778800000;5.021;5.023;4.742;4.834;125773.075
1581782400000;4.837;4.923;4.512;4.579;272968.509
1581786000000;4.585;4.697;4.473;4.481;287438.242
1581789600000;4.481;4.598;4.4;4.584;131829.709
1581793200000;4.584;4.627;4.561;4.596;57760.401
1581796800000;4.595;4.629;4.56;4.617;18153.809
1581800400000;4.617;4.658;4.6;4.628;31467.858
1581804000000;4.626;4.666;4.622;4.638;20581.701
1581807600000;4.63;4.655;4.569;4.608;45315.635
1581811200000;4.608;4.609;4.503;4.583;54272.595
1581814800000;4.583;4.62;4.577;4.614;25477.806
1581818400000;4.618;4.758;4.6;4.743;94146.969
1581822000000;4.745;4.745;4.672;4.686;52600.766
1581825600000;4.693;4.72;4.671;4.712;31937.318
1581829200000;4.711;4.73;4.657;4.667;44267.151
1581832800000;4.667;4.72;4.653;4.682;34378.714
1581836400000;4.681;4.715;4.666;4.678;26451.793
1581840000000;4.669;4.694;4.627;4.676;37396.714
1581843600000;4.669;4.697;4.633;4.639;30384.021
1581847200000;4.638;4.665;4.57;4.57;58697.108
1581850800000;4.572;4.643;4.556;4.6;49081.929
1581854400000;4.602;4.628;4.519;4.527;44656.549
1581858000000;4.536;4.536;4.377;4.52;131362.127
1581861600000;4.512;4.538;4.42;4.42;50891.499
1581865200000;4.433;4.467;4.303;4.365;98342.206
1581868800000;4.356;4.405;3.955;4.105;284878.342
1581872400000;4.105;4.259;4.094;4.164;107983.822
1581876000000;4.176;4.32;4.165;4.299;78264.415
1581879600000;4.297;4.319;4.175;4.256;48992.369
1581883200000;4.255;4.314;4.232;4.275;15251.102
1581886800000;4.272;4.324;4.25;4.303;27660.352
1581890400000;4.294;4.412;4.286;4.384;23442.763
1581894000000;4.392;4.439;4.356;4.382;40490.656
1581897600000;4.382;4.426;4.28;4.291;68290.844
1581901200000;4.285;4.335;4.273;4.293;26067.42
1581904800000;4.293;4.299;4.231;4.257;38925.517
1581908400000;4.267;4.272;4.17;4.188;26966.405
1581912000000;4.185;4.187;4.083;4.141;58476.776
1581915600000;4.151;4.249;4.046;4.152;103447.034
1581919200000;4.151;4.2;4.106;4.114;59993.05
1581922800000;4.117;4.181;4.106;4.127;135198.487
1581926400000;4.13;4.203;4.096;4.203;83403.399
1581930000000;4.205;4.219;4.173;4.197;61598.691
1581933600000;4.2;4.2;4.065;4.095;110839.465
1581937200000;4.085;4.087;3.968;4.003;236717.934
1581940800000;4.002;4.124;3.996;4.061;116848.143
1581944400000;4.06;4.076;3.986;4.004;130338.192
1581948000000;4.006;4.102;3.89;4.074;305907.949
1581951600000;4.081;4.137;4.013;4.126;218579.046
1581955200000;4.134;4.282;4.101;4.235;140357.927
1581958800000;4.235;4.277;4.165;4.238;127775.733
1581962400000;4.234;4.256;4.167;4.201;88448.954
1581966000000;4.207;4.234;4.179;4.234;33448.488
1581969600000;4.235;4.249;4.2;4.206;32425.786
1581973200000;4.212;4.269;4.211;4.264;23125.163
1581976800000;4.264;4.285;4.251;4.252;20687.041
1581980400000;4.249;4.279;4.246;4.27;25368.131
1581984000000;4.28;4.294;4.198;4.227;38426.335
1581987600000;4.229;4.289;4.229;4.271;87125.017
1581991200000;4.271;4.281;4.2;4.205;126840.29
1581994800000;4.205;4.233;4.193;4.22;54816.497
1581998400000;4.227;4.283;4.186;4.273;104902.982
1582002000000;4.276;4.287;4.264;4.27;39523.215
1582005600000;4.274;4.29;4.187;4.197;83874.972
1582009200000;4.2;4.25;4.171;4.231;87945.816
1582012800000;4.235;4.241;4.194;4.199;35201.539
1582016400000;4.2;4.205;4.1;4.121;132437.276
1582020000000;4.125;4.157;4.093;4.146;98027.944
1582023600000;4.141;4.15;4.122;4.139;51874.82
1582027200000;4.132;4.139;4.05;4.064;102705.697
1582030800000;4.063;4.07;3.963;4.041;186316.299
1582034400000;4.046;4.146;4.043;4.122;83407.118
1582038000000;4.124;4.2;4.124;4.182;157033.043
1582041600000;4.193;4.309;4.173;4.302;129992.323
1582045200000;4.302;4.39;4.29;4.375;135919.049
1582048800000;4.377;4.384;4.329;4.35;72271.584
1582052400000;4.356;4.42;4.353;4.409;48509.837
1582056000000;4.417;4.5;4.412;4.495;56566.007
1582059600000;4.495;4.504;4.366;4.39;91509.95
1582063200000;4.396;4.424;4.371;4.419;32915.232
1582066800000;4.418;4.443;4.401;4.441;13766.93
1582070400000;4.441;4.444;4.345;4.348;36409.24
1582074000000;4.352;4.382;4.352;4.375;30842.92
1582077600000;4.377;4.412;4.361;4.4;28036.565
1582081200000;4.402;4.403;4.374;4.384;18736.804
1582084800000;4.389;4.389;4.284;4.336;90081.22
1582088400000;4.338;4.367;4.335;4.349;32705.824
1582092000000;4.349;4.352;4.323;4.326;21960.276
1582095600000;4.34;4.344;4.286;4.297;51416.47
1582099200000;4.299;4.405;4.282;4.402;68410.972
1582102800000;4.405;4.464;4.4;4.461;87724.994
1582106400000;4.459;4.581;4.453;4.573;110319.411
1582110000000;4.571;4.596;4.534;4.553;70676.376
1582131600000;4.552;4.588;4.538;4.547;48950.265
1582135200000;4.548;4.667;4.53;4.667;72944.117
1582138800000;4.668;4.695;4.591;4.591;105585.559
1582142400000;4.597;4.61;4.476;4.539;134728.009
1582146000000;4.541;4.55;4.1;4.222;242055.411
1582149600000;4.213;4.252;4.14;4.252;135488.723
1582153200000;4.241;4.254;4.111;4.146;98855.573
1582156800000;4.146;4.241;4.127;4.193;84407.976
1582160400000;4.194;4.205;4.151;4.184;48945.732
1582164000000;4.184;4.21;4.111;4.16;76082.653
1582167600000;4.16;4.244;4.136;4.226;70685.433
1582171200000;4.222;4.241;4.173;4.209;33781.509
1582174800000;4.206;4.224;4.173;4.207;73057.038
1582178400000;4.207;4.299;4.204;4.277;103185.799
1582182000000;4.277;4.306;4.255;4.282;61203.398
1582185600000;4.288;4.288;4.173;4.224;83130.23
1582189200000;4.224;4.257;4.173;4.245;54263.472
1582192800000;4.249;4.287;4.221;4.272;65008.353
1582196400000;4.271;4.28;4.158;4.17;84587.828
1582200000000;4.177;4.254;4.171;4.176;61806.023
1582203600000;4.175;4.267;4.13;4.267;108409.727
1582207200000;4.266;4.326;4.245;4.314;100354.517
1582210800000;4.316;4.378;4.266;4.343;129005.038
1582214400000;4.349;4.362;4.111;4.293;221467.433
1582218000000;4.293;4.339;4.199;4.252;124099.963
1582221600000;4.25;4.379;4.233;4.36;76825.576
1582225200000;4.361;4.483;4.343;4.447;132216.182
1582228800000;4.444;4.52;4.383;4.517;87623.774
1582232400000;4.518;4.553;4.471;4.493;145401.96
1582236000000;4.49;4.505;4.426;4.432;87447.507
1582239600000;4.428;4.473;4.403;4.461;75513.594
1582243200000;4.461;4.532;4.41;4.53;89381.905
1582246800000;4.53;4.714;4.525;4.657;308536.337
1582250400000;4.656;4.674;4.594;4.6;134622.401
1582254000000;4.6;4.652;4.562;4.621;110419.041
1582257600000;4.62;4.644;4.579;4.582;53483.045
1582261200000;4.592;4.639;4.576;4.593;72056.599
1582264800000;4.587;4.629;4.572;4.597;81462.698
1582268400000;4.602;4.745;4.544;4.734;251618.059
1582272000000;4.733;4.749;4.627;4.731;242239.872
1582275600000;4.728;4.794;4.694;4.77;237217.311
1582279200000;4.771;4.839;4.717;4.834;244594.204
1582282800000;4.839;4.861;4.775;4.825;175606.15
1582286400000;4.825;4.905;4.765;4.81;223494.631
1582290000000;4.81;4.819;4.72;4.81;196562.175
1582293600000;4.81;4.819;4.677;4.685;138621.217
1582297200000;4.684;4.789;4.681;4.754;93633.326
1582300800000;4.754;4.81;4.724;4.766;97662.202
1582304400000;4.765;4.766;4.675;4.73;105956.006
1582308000000;4.73;4.741;4.678;4.678;44096.806
1582311600000;4.677;4.7;4.619;4.635;63518.048
1582315200000;4.631;4.731;4.552;4.717;143642.416
1582318800000;4.717;4.718;4.614;4.632;57244.51
1582322400000;4.636;4.843;4.623;4.84;107190.717
1582326000000;4.844;4.99;4.831;4.953;328594.923
1582329600000;4.953;5.105;4.915;4.94;361889.013
1582333200000;4.935;4.94;4.67;4.864;295652.944
1582336800000;4.869;4.895;4.809;4.871;133826.418
1582340400000;4.875;4.914;4.861;4.875;61572.263
1582344000000;4.875;4.881;4.767;4.77;102099.923
1582347600000;4.777;4.846;4.753;4.777;104502.562
1582351200000;4.773;4.785;4.653;4.775;156013.287
1582354800000;4.776;4.922;4.734;4.838;172755.566
1582358400000;4.838;4.953;4.829;4.89;134670.79
1582362000000;4.886;4.887;4.783;4.833;103574.765
1582365600000;4.835;4.869;4.825;4.841;27727.075
1582369200000;4.841;4.854;4.792;4.798;43978.454
1582372800000;4.794;4.919;4.785;4.876;122171.308
1582376400000;4.878;4.907;4.831;4.852;84397.6
1582380000000;4.853;4.902;4.811;4.874;68554.523
1582383600000;4.878;4.884;4.792;4.871;78902.652
1582387200000;4.867;5.104;4.867;5.019;380449.644
1582390800000;5.016;5.056;4.965;4.989;138787.172
1582394400000;4.991;5.016;4.943;5;113024.919
1582398000000;5.004;5.069;4.968;4.974;79447.953
1582401600000;4.971;5.029;4.97;5.002;50434.244
1582405200000;4.996;5.03;4.951;4.979;79295.475
1582408800000;4.975;4.985;4.921;4.932;60047.829
1582412400000;4.934;5.024;4.911;5.011;148311.03
1582416000000;5.017;5.058;4.982;5.031;78524.87
1582419600000;5.031;5.045;4.999;5.04;49589.728
1582423200000;5.04;5.092;5.037;5.055;34597.562
1582426800000;5.055;5.089;5.025;5.062;42639.555
1582430400000;5.063;5.092;4.93;4.964;206947.704
1582434000000;4.964;5.015;4.954;4.97;63799.234
1582437600000;4.977;5.029;4.96;4.99;76694.645
1582441200000;4.99;4.999;4.948;4.966;45685.444
1582444800000;4.971;4.972;4.876;4.929;84047.426
1582448400000;4.926;4.932;4.776;4.847;217833.041
1582452000000;4.851;4.897;4.812;4.826;113763.937
1582455600000;4.825;4.9;4.781;4.79;93082.602
1582459200000;4.783;4.848;4.78;4.825;70099.117
1582462800000;4.829;4.87;4.822;4.856;40986.693
1582466400000;4.856;4.862;4.801;4.828;82939.215
1582470000000;4.827;4.845;4.81;4.823;66077.531
1582473600000;4.824;4.824;4.728;4.756;122469.742
1582477200000;4.762;4.804;4.75;4.762;45929.173
1582480800000;4.767;4.814;4.761;4.807;52640.84
1582484400000;4.81;4.835;4.783;4.833;56966.545
1582488000000;4.826;4.836;4.78;4.807;55334.151
1582491600000;4.803;4.818;4.784;4.818;24623.583
1582495200000;4.818;4.818;4.79;4.792;21931.195
1582498800000;4.798;4.836;4.792;4.794;70565.636
1582502400000;4.802;4.924;4.792;4.919;85908.43
1582506000000;4.919;4.932;4.848;4.863;55323.126
1582509600000;4.865;4.938;4.744;4.744;147374.668
1582513200000;4.745;4.792;4.735;4.772;65859.991
1582516800000;4.775;4.775;4.6;4.647;249451.051
1582520400000;4.642;4.702;4.627;4.699;99084.175
1582524000000;4.699;4.708;4.642;4.655;52229.305
1582527600000;4.658;4.658;4.568;4.614;150168.573
1582531200000;4.619;4.661;4.586;4.65;78972.739
1582534800000;4.644;4.646;4.593;4.605;57274.843
1582538400000;4.608;4.723;4.601;4.673;113764.829
1582542000000;4.677;4.728;4.676;4.726;73776.988
1582545600000;4.726;4.752;4.669;4.679;54363.244
1582549200000;4.677;4.711;4.67;4.69;52198.204
1582552800000;4.685;4.809;4.685;4.733;86529.285
1582556400000;4.734;4.778;4.658;4.671;110756.46
1582560000000;4.676;4.69;4.592;4.612;88168.688
1582563600000;4.614;4.62;4.231;4.28;523600.566
1582567200000;4.28;4.371;4.19;4.367;340218.146
1582570800000;4.369;4.398;4.316;4.328;139608.271
1582574400000;4.328;4.385;4.308;4.355;68436.582
1582578000000;4.356;4.396;4.336;4.352;53641.543
1582581600000;4.346;4.38;4.346;4.363;55155.873
1582585200000;4.362;4.437;4.325;4.393;100971.811
1582588800000;4.387;4.413;4.339;4.355;97127.904
1582592400000;4.355;4.37;4.28;4.285;78887.259
1582596000000;4.285;4.37;4.266;4.363;74051.18
1582599600000;4.363;4.373;4.3;4.321;69282.563
1582603200000;4.317;4.381;4.302;4.365;47034.622
1582606800000;4.362;4.375;4.301;4.321;42161.368
1582610400000;4.322;4.358;4.239;4.294;92756.561
1582614000000;4.288;4.3;4.23;4.277;84108.261
1582617600000;4.275;4.33;4.259;4.299;100040.43
1582621200000;4.304;4.354;4.286;4.299;34747.875
1582624800000;4.299;4.324;4.231;4.253;102462.695
1582628400000;4.25;4.317;4.194;4.304;110799.791
1582632000000;4.31;4.358;4.284;4.339;115215.613
1582635600000;4.339;4.341;4.288;4.297;35781.474
1582639200000;4.292;4.307;4.164;4.179;140381.507
1582642800000;4.181;4.21;4.134;4.142;81529.982
1582646400000;4.142;4.181;4.027;4.06;206136.075
1582650000000;4.062;4.132;4.03;4.066;211572.014
1582653600000;4.066;4.112;4.061;4.097;82398.098
1582657200000;4.1;4.115;4.043;4.068;50063.963
1582660800000;4.068;4.086;4.03;4.044;41065.28
1582664400000;4.05;4.086;3.988;4.075;110872.692
1582668000000;4.071;4.113;4.056;4.104;62041.67
1582671600000;4.103;4.121;4.041;4.051;49858.245
1582675200000;4.051;4.079;4.008;4.017;54436.763
1582678800000;4.016;4.045;3.9;3.902;168979.636
1582682400000;3.901;3.919;3.772;3.904;242055.517
1582686000000;3.904;3.905;3.848;3.876;82803.567
1582689600000;3.875;3.924;3.837;3.89;95917.499
1582693200000;3.89;3.892;3.816;3.831;118312.309
1582696800000;3.822;3.881;3.822;3.857;96462.633
1582700400000;3.857;3.865;3.804;3.808;69953.64
1582704000000;3.804;3.853;3.763;3.814;105105.402
1582707600000;3.814;3.822;3.759;3.776;59746.047
1582711200000;3.77;3.861;3.763;3.856;84085.858
1582714800000;3.852;3.857;3.792;3.798;40836.503
1582718400000;3.8;3.945;3.718;3.926;196803.176
1582722000000;3.929;3.966;3.764;3.779;123708.342
1582725600000;3.781;3.816;3.644;3.746;235673.925
1582729200000;3.741;3.755;3.65;3.669;73444.057
1582732800000;3.678;3.679;3.435;3.527;344302.66
1582736400000;3.534;3.561;3.486;3.533;123365.611
1582740000000;3.537;3.729;3.53;3.725;94525.151
1582743600000;3.729;3.745;3.663;3.672;100463.841
1582747200000;3.668;3.734;3.646;3.666;59724.729
1582750800000;3.674;3.723;3.592;3.623;53846.789
1582754400000;3.62;3.675;3.589;3.659;27747.296
1582758000000;3.66;3.705;3.641;3.641;42944.127
1582761600000;3.641;3.641;3.493;3.506;167396.356
1582765200000;3.508;3.584;3.346;3.558;364366.244
1582768800000;3.558;3.573;3.467;3.508;153382.082
1582772400000;3.508;3.582;3.477;3.58;85881.659
1582776000000;3.579;3.668;3.567;3.608;143701.031
1582779600000;3.6;3.633;3.548;3.589;143689.292
1582783200000;3.594;3.625;3.574;3.603;101815.226
1582786800000;3.607;3.623;3.583;3.618;87911.044
1582790400000;3.615;3.711;3.597;3.699;115983.069
1582794000000;3.708;3.76;3.62;3.628;102141.401
1582797600000;3.622;3.707;3.618;3.691;77912.946
1582801200000;3.699;3.7;3.656;3.679;45283.843
1582804800000;3.685;3.824;3.685;3.707;179606.704
1582808400000;3.71;3.793;3.666;3.744;99279.048
1582812000000;3.74;3.795;3.731;3.758;61462.424
1582815600000;3.763;3.78;3.739;3.759;48042.108
1582819200000;3.765;3.854;3.764;3.836;78185.569
1582822800000;3.838;3.86;3.812;3.839;57769.562
1582826400000;3.835;3.862;3.772;3.78;61480.791
1582830000000;3.78;3.797;3.731;3.788;74160.246
1582833600000;3.791;3.799;3.755;3.786;36277.892
1582837200000;3.788;3.789;3.635;3.685;99528.571
1582840800000;3.691;3.722;3.587;3.719;140102.596
1582844400000;3.72;3.74;3.644;3.692;44722.878
1582848000000;3.696;3.728;3.632;3.712;98164.575
1582851600000;3.706;3.759;3.675;3.755;53319.52
1582855200000;3.75;3.751;3.693;3.726;64661.33
1582858800000;3.726;3.739;3.635;3.668;273182.068
1582862400000;3.667;3.705;3.641;3.655;79359.871
1582866000000;3.656;3.66;3.601;3.623;86864.263
1582869600000;3.619;3.646;3.587;3.601;41740.753
1582873200000;3.601;3.602;3.484;3.509;236263.033
1582876800000;3.51;3.573;3.491;3.498;76963.919
1582880400000;3.498;3.546;3.433;3.461;191450.398
1582884000000;3.461;3.619;3.423;3.587;282394.331
1582887600000;3.589;3.653;3.493;3.544;155256.543
1582891200000;3.549;3.55;3.421;3.514;143389.648
1582894800000;3.518;3.611;3.487;3.58;166324.561
1582898400000;3.583;3.628;3.549;3.601;120872.691
1582902000000;3.6;3.643;3.568;3.634;70174.44
1582905600000;3.635;3.645;3.566;3.571;72489.417
1582909200000;3.57;3.571;3.453;3.501;93439.136
1582912800000;3.49;3.53;3.446;3.458;61450.529
1582916400000;3.458;3.515;3.437;3.482;62566.135
1582920000000;3.489;3.555;3.482;3.505;56233.073
1582923600000;3.505;3.572;3.505;3.555;32044.982
1582927200000;3.558;3.599;3.548;3.592;30928.05
1582930800000;3.599;3.606;3.535;3.548;47271.977
1582934400000;3.549;3.617;3.542;3.547;56948.683
1582938000000;3.548;3.581;3.525;3.539;58618.037
1582941600000;3.539;3.561;3.534;3.555;20872.42
1582945200000;3.555;3.567;3.535;3.558;26748.43
1582948800000;3.563;3.624;3.563;3.616;51917.207
1582952400000;3.615;3.66;3.607;3.66;63833.503
1582956000000;3.663;3.685;3.618;3.631;89953.827
1582959600000;3.631;3.653;3.624;3.642;45381.069
1582963200000;3.642;3.656;3.614;3.619;31072.607
1582966800000;3.616;3.63;3.571;3.585;40327.03
1582970400000;3.58;3.628;3.552;3.557;38889.922
1582974000000;3.553;3.639;3.539;3.636;64310.233
1582977600000;3.636;3.636;3.568;3.577;33948.649
1582981200000;3.574;3.574;3.505;3.535;127945.087
1582984800000;3.532;3.545;3.474;3.512;87303.699
1582988400000;3.513;3.538;3.483;3.518;26857.858
1582992000000;3.516;3.516;3.475;3.484;32812.296
1582995600000;3.485;3.535;3.483;3.53;23691.463
1582999200000;3.534;3.548;3.518;3.546;27817.012
1583002800000;3.542;3.577;3.525;3.547;19678.184
1583006400000;3.556;3.563;3.524;3.545;10947.188
1583010000000;3.543;3.55;3.505;3.528;8372.039
1583013600000;3.529;3.539;3.509;3.533;7134.873
1583017200000;3.535;3.543;3.432;3.443;57504.962
1583020800000;3.443;3.49;3.418;3.421;58902.496
1583024400000;3.425;3.482;3.373;3.478;147214.186
1583028000000;3.481;3.505;3.469;3.486;43432.024
1583031600000;3.486;3.514;3.478;3.481;36954.471
1583035200000;3.48;3.489;3.45;3.47;26538.327
1583038800000;3.468;3.482;3.45;3.477;12526.258
1583042400000;3.473;3.489;3.445;3.456;28670.962
1583046000000;3.454;3.475;3.43;3.454;51794.368
1583049600000;3.454;3.473;3.435;3.441;34084.346
1583053200000;3.436;3.485;3.435;3.464;30799.712
1583056800000;3.466;3.51;3.466;3.505;38103.584
1583060400000;3.508;3.517;3.466;3.511;75074.376
1583064000000;3.515;3.552;3.418;3.443;171642.028
1583067600000;3.443;3.471;3.429;3.455;67918.079
1583071200000;3.458;3.467;3.434;3.437;27749.279
1583074800000;3.437;3.441;3.406;3.416;54643.16
1583078400000;3.415;3.43;3.288;3.347;209794.237
1583082000000;3.347;3.351;3.296;3.32;109075.718
1583085600000;3.322;3.344;3.264;3.271;101763.892
1583089200000;3.267;3.364;3.251;3.331;63624.878
1583092800000;3.336;3.359;3.317;3.344;40924.128
1583096400000;3.333;3.35;3.318;3.34;22346.836
1583100000000;3.342;3.405;3.337;3.367;57093.407
1583103600000;3.37;3.408;3.343;3.347;66988.303
1583107200000;3.343;3.409;3.332;3.39;89945.917
1583110800000;3.39;3.397;3.357;3.397;43466.373
1583114400000;3.397;3.443;3.386;3.439;42724.352
1583118000000;3.444;3.457;3.402;3.404;43606.662
1583121600000;3.411;3.46;3.411;3.456;45739.846
1583125200000;3.461;3.535;3.444;3.53;60677.595
1583128800000;3.533;3.54;3.471;3.49;128810.097
1583132400000;3.492;3.497;3.459;3.469;39844.356
1583136000000;3.471;3.507;3.461;3.507;35307.757
1583139600000;3.508;3.553;3.505;3.523;87636.917
1583143200000;3.529;3.569;3.529;3.544;70119.505
1583146800000;3.54;3.566;3.535;3.559;34071.265
1583150400000;3.563;3.569;3.524;3.546;48776.93
1583154000000;3.546;3.806;3.542;3.637;315552.155
1583157600000;3.639;3.672;3.613;3.615;69548.966
1583161200000;3.617;3.65;3.578;3.624;98552.011
1583164800000;3.626;3.693;3.62;3.674;114822.302
1583168400000;3.673;3.759;3.671;3.725;134325.353
1583172000000;3.725;3.772;3.72;3.747;76274.834
1583175600000;3.741;3.759;3.7;3.755;81337.224
1583179200000;3.754;3.774;3.724;3.736;60188.052
1583182800000;3.736;3.766;3.726;3.743;62359.095
1583186400000;3.745;3.752;3.684;3.687;103737.534
1583190000000;3.685;3.745;3.681;3.709;78196.002
1583193600000;3.709;3.71;3.628;3.646;90171.759
1583197200000;3.643;3.656;3.621;3.627;51467.456
1583200800000;3.627;3.667;3.615;3.654;63513.515
1583204400000;3.655;3.693;3.648;3.681;43514.249
1583208000000;3.678;3.682;3.634;3.642;60599.446
1583211600000;3.643;3.643;3.606;3.619;38027.343
1583215200000;3.615;3.62;3.562;3.568;79675.578
1583218800000;3.571;3.6;3.532;3.582;105074.469
1583222400000;3.579;3.637;3.569;3.625;38975.005
1583226000000;3.623;3.643;3.585;3.638;89019.167
1583229600000;3.637;3.667;3.623;3.645;43873.107
1583233200000;3.647;3.661;3.629;3.659;53086.376
1583236800000;3.659;3.689;3.616;3.618;69859.307
1583240400000;3.619;3.634;3.586;3.613;52523.099
1583244000000;3.613;3.613;3.546;3.558;78250.762
1583247600000;3.558;3.636;3.524;3.567;116014.017
1583251200000;3.565;3.594;3.514;3.542;51795.213
1583254800000;3.547;3.559;3.489;3.521;190478.303
1583258400000;3.519;3.591;3.515;3.586;61991.854
1583262000000;3.587;3.615;3.573;3.599;48224.54
1583265600000;3.599;3.613;3.585;3.585;25798.707
1583269200000;3.583;3.627;3.583;3.617;36957.884
1583272800000;3.617;3.617;3.587;3.6;51368.852
1583276400000;3.6;3.627;3.591;3.623;47217.42
1583280000000;3.623;3.814;3.621;3.786;295786.331
1583283600000;3.783;3.82;3.747;3.773;165123.018
1583287200000;3.773;3.79;3.757;3.761;55722.061
1583290800000;3.76;3.793;3.748;3.749;67080.449
1583294400000;3.755;3.83;3.755;3.826;76192.688
1583298000000;3.823;3.824;3.792;3.806;58268.357
1583301600000;3.806;3.81;3.742;3.768;88037.813
1583305200000;3.761;3.866;3.761;3.863;144656.245
1583308800000;3.866;3.894;3.831;3.836;103979.356
1583312400000;3.835;3.836;3.802;3.81;42949.29
1583319600000;3.807;3.81;3.748;3.764;101045.475
1583323200000;3.764;3.819;3.75;3.772;127678.709
1583326800000;3.77;3.847;3.757;3.84;72494.002
1583330400000;3.843;3.86;3.775;3.783;110691.609
1583334000000;3.785;3.788;3.713;3.752;101332.997
1583337600000;3.751;3.751;3.666;3.691;164008.57
1583341200000;3.693;3.716;3.664;3.7;83547.041
1583344800000;3.701;3.712;3.678;3.703;27915.502
1583348400000;3.703;3.724;3.698;3.718;18785.491
1583352000000;3.718;3.718;3.699;3.7;33571.325
1583355600000;3.698;3.701;3.687;3.698;31132.097
1583359200000;3.699;3.71;3.683;3.709;21363.738
1583362800000;3.709;3.749;3.709;3.743;26736.39
1583366400000;3.747;3.855;3.745;3.848;105759.157
1583370000000;3.855;3.9;3.814;3.837;129845.448
1583373600000;3.837;3.924;3.813;3.915;81115.074
1583377200000;3.915;3.918;3.847;3.863;109601.253
1583380800000;3.866;3.902;3.86;3.902;79681.629
1583384400000;3.897;3.936;3.889;3.924;48108.485
1583388000000;3.926;3.93;3.861;3.876;49241.654
1583391600000;3.877;3.877;3.833;3.861;48279.044
1583395200000;3.86;3.863;3.789;3.853;94160.174
1583398800000;3.854;3.918;3.845;3.913;81324.935
1583402400000;3.91;3.918;3.872;3.91;55213.444
1583406000000;3.91;3.92;3.9;3.905;32987.148
1583409600000;3.905;3.935;3.89;3.9;53976.997
1583413200000;3.898;3.907;3.878;3.899;35445.127
1583416800000;3.896;3.903;3.84;3.847;72282.859
1583420400000;3.847;3.88;3.842;3.88;50967.142
1583424000000;3.876;3.91;3.87;3.892;33306.097
1583427600000;3.891;3.919;3.88;3.907;49412.72
1583431200000;3.905;3.911;3.883;3.887;29676.693
1583434800000;3.887;3.889;3.822;3.872;121961.196
1583438400000;3.872;3.872;3.827;3.831;31700.83
1583442000000;3.832;3.841;3.821;3.824;19458.346
1583445600000;3.822;3.825;3.793;3.793;40282.436
1583449200000;3.796;3.796;3.735;3.756;96577.497
1583452800000;3.759;3.768;3.726;3.73;62843.483
1583456400000;3.73;3.794;3.698;3.762;198013.619
1583460000000;3.762;3.815;3.758;3.77;43298.397
1583463600000;3.766;3.789;3.75;3.756;78829.919
1583467200000;3.754;3.775;3.726;3.738;49783.523
1583470800000;3.733;3.79;3.721;3.783;63813.209
1583474400000;3.783;3.802;3.775;3.787;43369.989
1583478000000;3.788;3.838;3.782;3.819;44978.222
1583481600000;3.822;3.835;3.784;3.806;33077.31
1583485200000;3.807;3.822;3.801;3.813;33551.144
1583488800000;3.812;3.88;3.807;3.869;69081.553
1583492400000;3.874;3.882;3.84;3.852;35424.476
1583496000000;3.848;3.848;3.804;3.826;43282.03
1583499600000;3.826;3.829;3.745;3.768;142612.766
1583503200000;3.768;3.807;3.76;3.787;50013.091
1583506800000;3.783;3.794;3.727;3.747;88452.364
1583510400000;3.745;3.76;3.733;3.755;45623.927
1583514000000;3.757;3.794;3.756;3.778;18414.394
1583517600000;3.769;3.778;3.753;3.763;18866.559
1583521200000;3.766;3.786;3.763;3.779;6155.847
1583524800000;3.78;3.805;3.777;3.805;23390.721
1583528400000;3.803;3.832;3.79;3.821;17050.674
1583532000000;3.823;3.825;3.805;3.816;16891.941
1583535600000;3.817;3.861;3.811;3.854;44398.995
1583539200000;3.859;3.869;3.834;3.837;27955.601
1583542800000;3.837;3.841;3.789;3.804;48743.078
1583546400000;3.803;3.826;3.798;3.824;24241.793
1583550000000;3.826;3.826;3.8;3.8;12476.958
1583553600000;3.8;3.812;3.784;3.796;26054.14
1583557200000;3.794;3.798;3.783;3.795;7867.531
1583560800000;3.791;3.8;3.775;3.778;13886.654
1583564400000;3.775;3.784;3.765;3.771;19997.403
1583568000000;3.771;3.795;3.769;3.794;17523.89
1583571600000;3.793;3.817;3.786;3.81;24782.167
1583575200000;3.813;3.815;3.783;3.793;20831.524
1583578800000;3.791;3.807;3.778;3.801;9212.538
1583582400000;3.803;3.826;3.784;3.785;24829.151
1583586000000;3.785;3.793;3.747;3.766;70441.777
1583589600000;3.766;3.777;3.747;3.767;54168.728
1583593200000;3.771;3.789;3.769;3.784;16888.023
1583596800000;3.784;3.818;3.694;3.715;91160.722
1583600400000;3.712;3.712;3.6;3.614;209717.268
1583604000000;3.614;3.676;3.567;3.672;105926.175
1583607600000;3.672;3.68;3.655;3.678;19995.854
1583611200000;3.67;3.683;3.661;3.671;8037.06
1583614800000;3.669;3.678;3.635;3.635;27985.7
1583618400000;3.637;3.659;3.632;3.652;18576.625
1583622000000;3.652;3.657;3.602;3.618;64777.285
1583625600000;3.618;3.618;3.5;3.56;148448.256
1583629200000;3.562;3.571;3.506;3.528;59734.876
1583632800000;3.528;3.54;3.497;3.505;56337.757
1583636400000;3.503;3.538;3.479;3.511;75758.081
1583640000000;3.51;3.534;3.508;3.522;19338.411
1583643600000;3.52;3.53;3.497;3.501;28309.708
1583647200000;3.499;3.504;3.471;3.493;39163.899
1583650800000;3.5;3.516;3.487;3.489;55402.343
1583654400000;3.491;3.504;3.472;3.494;49678.991
1583658000000;3.495;3.505;3.486;3.486;17801.413
1583661600000;3.488;3.528;3.47;3.518;99926.488
1583665200000;3.52;3.551;3.493;3.511;58623.671
1583668800000;3.515;3.521;3.379;3.396;136816.384
1583672400000;3.401;3.443;3.37;3.398;196821.481
1583676000000;3.398;3.41;3.271;3.3;201749.739
1583679600000;3.298;3.337;3.151;3.239;287320.057
1583683200000;3.236;3.242;3.044;3.166;303074.405
1583686800000;3.164;3.283;3.152;3.251;157602.732
1583690400000;3.246;3.271;3.216;3.222;108280.812
1583694000000;3.227;3.25;3.189;3.222;53923.196
1583697600000;3.22;3.234;3.185;3.192;33205.248
1583701200000;3.194;3.224;3.166;3.192;45371.408
1583704800000;3.184;3.201;3.119;3.12;65012.058
1583708400000;3.118;3.175;3.05;3.081;163848.982
1583712000000;3.083;3.166;3.081;3.111;115343.338
1583715600000;3.112;3.166;3.085;3.135;44810.181
1583719200000;3.135;3.155;3.094;3.095;41918.045
1583722800000;3.094;3.161;3.06;3.154;174581.585
1583726400000;3.152;3.152;3;3.049;317500.096
1583730000000;3.049;3.122;2.945;3.108;172095.064
1583733600000;3.1;3.139;3.066;3.085;98690.996
1583737200000;3.088;3.106;3.073;3.089;69256.694
1583740800000;3.092;3.135;3.072;3.111;243602.318
1583744400000;3.114;3.142;3.073;3.081;69732.617
1583748000000;3.082;3.106;3.077;3.1;22558.116
1583751600000;3.097;3.1;3.006;3.063;172126.632
1583755200000;3.06;3.115;3.045;3.089;91723.478
1583758800000;3.089;3.1;2.966;3.035;123768.689
1583762400000;3.044;3.061;2.914;2.947;146260.256
1583766000000;2.944;2.986;2.825;2.894;262789.759
1583769600000;2.894;3.007;2.857;2.948;182330.723
1583773200000;2.948;2.948;2.865;2.887;96763.03
1583776800000;2.889;2.914;2.853;2.884;64782.835
1583780400000;2.885;2.952;2.885;2.928;106965.853
1583784000000;2.932;2.958;2.908;2.951;64322.505
1583787600000;2.947;2.978;2.943;2.957;25223.566
1583791200000;2.962;2.996;2.94;2.99;81087.597
1583794800000;2.989;3.029;2.95;3.026;104933.376
1583798400000;3.026;3.035;2.985;3.017;90770.061
1583802000000;3.015;3.035;2.958;2.961;37437.561
1583805600000;2.965;2.983;2.945;2.953;55996.038
1583809200000;2.95;2.996;2.939;2.988;36715.948
1583812800000;2.99;3.026;2.981;3.02;44209.495
1583816400000;3.016;3.026;2.979;3.015;62828.89
1583820000000;3.012;3.024;2.98;2.986;38005.966
1583823600000;2.984;2.986;2.945;2.975;68180.376
1583827200000;2.976;3.001;2.96;2.969;29562.19
1583830800000;2.965;2.977;2.88;2.899;297943.746
1583834400000;2.895;3.025;2.881;2.991;314988.746
1583838000000;2.995;3.075;2.993;3.07;218237.735
1583841600000;3.071;3.157;3.066;3.155;168204.096
1583845200000;3.156;3.2;3.099;3.125;202664.883
1583848800000;3.125;3.175;3.101;3.11;139477.641
1583852400000;3.11;3.135;2.971;2.971;282720.064
1583856000000;2.971;3.076;2.964;3.072;132309.036
1583859600000;3.069;3.146;3.063;3.107;134167.473
1583863200000;3.107;3.109;3.044;3.072;53625.243
1583866800000;3.066;3.095;3.062;3.095;37451.278
1583870400000;3.096;3.121;3.061;3.097;72464.638
1583874000000;3.1;3.15;3.096;3.121;61252.573
1583877600000;3.128;3.145;3.104;3.115;32212.909
1583881200000;3.112;3.112;3.05;3.062;51263.618
1583884800000;3.065;3.098;3.045;3.089;29644.471
1583888400000;3.09;3.106;3.074;3.082;41028.297
1583892000000;3.082;3.098;3.051;3.052;49737.565
1583895600000;3.054;3.076;3.047;3.065;51115.616
1583899200000;3.068;3.076;3.048;3.048;41115.279
1583902800000;3.048;3.068;3.02;3.03;84312.867
1583906400000;3.026;3.053;3.004;3.011;47347.887
1583910000000;3.01;3.038;3.007;3.032;28411.196
1583913600000;3.034;3.073;3;3.03;53948.392
1583917200000;3.03;3.037;3.005;3.012;26583.692
1583920800000;3.009;3.015;2.968;3.007;86730.594
1583924400000;3.008;3.036;2.994;3.012;60297.728
1583928000000;3.009;3.039;2.994;3.026;43517.958
1583931600000;3.03;3.078;3.013;3.029;82810.625
1583935200000;3.027;3.037;2.977;3;56459.757
1583938800000;2.996;3.037;2.964;2.999;134405.038
1583942400000;2.995;3.023;2.902;2.91;145634.437
1583946000000;2.911;2.911;2.822;2.841;156738.508
1583949600000;2.842;2.874;2.69;2.85;575627.851
1583953200000;2.85;2.866;2.809;2.854;83864.778
1583956800000;2.854;2.904;2.854;2.902;48208.227
1583960400000;2.9;2.985;2.884;2.9;98198.396
1583964000000;2.903;3.02;2.893;3.01;66340.331
1583967600000;3.011;3.042;2.968;2.994;80552.813
1583971200000;2.996;3.026;2.972;2.987;80696.002
1583974800000;2.984;3.005;2.816;2.828;95634.892
1583978400000;2.83;2.864;2.766;2.776;288959.937
1583982000000;2.777;2.808;2.746;2.75;131527.83
1583985600000;2.75;2.75;2.687;2.741;182982.885
1583989200000;2.744;2.784;2.731;2.752;105244.669
1583992800000;2.751;2.755;2.66;2.681;167584.425
1583996400000;2.681;2.684;2.544;2.546;308405.41
1584000000000;2.547;2.547;2.4;2.494;548495.78
1584003600000;2.489;2.519;2.474;2.487;162728.646
1584007200000;2.487;2.487;1.624;1.882;883027.296
1584010800000;1.906;2.02;1.701;1.872;727651.161
1584014400000;1.872;1.979;1.859;1.942;394060.789
1584018000000;1.946;1.996;1.86;1.932;242836.024
1584021600000;1.921;2.117;1.852;2.051;408829.538
1584025200000;2.058;2.07;1.997;2.069;221749.19
1584028800000;2.069;2.119;1.962;2.055;257769.615
1584032400000;2.057;2.156;2.038;2.133;224935.884
1584036000000;2.134;2.156;2.074;2.082;86783.369
1584039600000;2.087;2.142;2.059;2.067;73114.041
1584043200000;2.067;2.084;1.866;1.924;108649.772
1584046800000;1.924;1.989;1.869;1.961;105799.658
1584050400000;1.958;1.989;1.894;1.916;164417.703
1584054000000;1.915;1.919;1.464;1.615;475473.783
1584057600000;1.616;1.717;1.51;1.55;234547.78
1584061200000;1.545;1.581;1.31;1.311;240335.597
1584064800000;1.313;1.605;1.061;1.424;566194.099
1584068400000;1.418;1.8;1.406;1.61;335776.648
1584072000000;1.615;1.619;1.45;1.469;195392.955
1584075600000;1.469;1.673;1.469;1.653;220503.239
1584079200000;1.643;1.716;1.601;1.711;77094.993
1584082800000;1.711;1.8;1.674;1.793;144891.825
1584086400000;1.797;1.874;1.688;1.742;173406.69
1584090000000;1.741;1.93;1.741;1.841;215092.856
1584093600000;1.842;1.881;1.8;1.83;188514.525
1584097200000;1.835;1.835;1.719;1.725;282383.184
1584100800000;1.729;1.83;1.721;1.791;146078.035
1584104400000;1.787;1.951;1.762;1.834;275259.065
1584108000000;1.837;1.923;1.73;1.764;151291.162
1584111600000;1.767;1.787;1.533;1.66;244090.361
1584115200000;1.662;1.731;1.609;1.654;225870.503
1584118800000;1.65;1.671;1.589;1.637;234071.946
1584122400000;1.633;1.633;1.515;1.584;106736.581
1584126000000;1.584;1.76;1.547;1.698;146758.789
1584129600000;1.704;1.736;1.651;1.696;155321.477
1584133200000;1.694;1.794;1.693;1.767;84185.427
1584136800000;1.768;1.794;1.752;1.792;89507.75
1584140400000;1.792;1.838;1.772;1.804;110639.206
1584144000000;1.804;1.813;1.748;1.775;49348.089
1584147600000;1.773;1.814;1.741;1.792;72886.291
1584151200000;1.795;1.831;1.763;1.812;85343.147
1584154800000;1.811;1.856;1.792;1.855;106229.289
1584158400000;1.854;1.854;1.802;1.807;62312.995
1584162000000;1.808;1.822;1.776;1.778;53891.264
1584165600000;1.779;1.793;1.756;1.781;45926.78
1584169200000;1.772;1.8;1.766;1.792;76357.169
1584172800000;1.796;1.85;1.684;1.8;348999.67
1584176400000;1.799;1.812;1.714;1.727;168510.42
1584180000000;1.726;1.802;1.707;1.793;69651.722
1584183600000;1.792;1.81;1.774;1.8;134741.361
1584187200000;1.799;1.818;1.75;1.802;132156.479
1584190800000;1.804;1.822;1.748;1.759;122241.54
1584194400000;1.765;1.805;1.752;1.791;104329.633
1584198000000;1.79;1.809;1.757;1.772;195414.822
1584201600000;1.772;1.86;1.752;1.853;195579.729
1584205200000;1.851;1.899;1.829;1.899;127550.335
1584208800000;1.899;1.992;1.898;1.966;238798.816
1584212400000;1.961;1.991;1.919;1.924;165210.616
1584216000000;1.925;1.962;1.9;1.931;128244.942
1584219600000;1.929;1.93;1.882;1.91;71875.946
1584223200000;1.911;1.925;1.855;1.88;132374.39
1584226800000;1.879;1.879;1.786;1.837;187178.383
1584230400000;1.837;1.909;1.816;1.885;144846.728
1584234000000;1.885;1.89;1.825;1.835;188545.215
1584237600000;1.835;1.888;1.834;1.852;112867.032
1584241200000;1.853;1.862;1.835;1.838;49997.381
1584244800000;1.838;1.902;1.838;1.898;95753.656
1584248400000;1.898;1.908;1.871;1.89;85007.57
1584252000000;1.89;1.949;1.887;1.909;120914.536
1584255600000;1.908;1.926;1.894;1.902;107511.105
1584259200000;1.904;1.906;1.856;1.861;140725.469
1584262800000;1.861;1.885;1.846;1.881;70333.536
1584266400000;1.881;1.956;1.881;1.926;229263.878
1584270000000;1.928;1.94;1.908;1.918;87560.086
1584273600000;1.918;1.977;1.882;1.899;233949.55
1584277200000;1.896;1.938;1.896;1.921;87213.395
1584280800000;1.921;1.934;1.871;1.906;91191.252
1584284400000;1.906;1.926;1.901;1.915;49851
1584288000000;1.916;1.948;1.91;1.935;65627.448
1584291600000;1.935;1.974;1.93;1.941;74482.606
1584295200000;1.943;1.965;1.938;1.96;42094.306
1584298800000;1.96;1.987;1.948;1.961;64416.69
1584302400000;1.959;1.971;1.885;1.894;70659.957
1584306000000;1.894;2.089;1.894;2.078;205236.375
1584309600000;2.077;2.08;1.895;1.946;162388.484
1584313200000;1.946;1.979;1.917;1.921;71760.305
1584316800000;1.924;1.924;1.858;1.881;107030.214
1584320400000;1.881;1.9;1.87;1.891;88722.499
1584324000000;1.891;1.91;1.883;1.907;58461.883
1584327600000;1.907;1.908;1.832;1.845;139356.385
1584331200000;1.844;1.862;1.82;1.826;93821.399
1584334800000;1.825;1.846;1.712;1.733;212595.732
1584338400000;1.729;1.729;1.6;1.666;314447.84
1584342000000;1.667;1.667;1.577;1.582;154023.465
1584345600000;1.579;1.649;1.576;1.64;107387.458
1584349200000;1.637;1.647;1.6;1.607;86222.63
1584352800000;1.603;1.605;1.5;1.503;181245.527
1584356400000;1.507;1.558;1.501;1.54;63968.987
1584360000000;1.539;1.66;1.531;1.598;160979.215
1584363600000;1.593;1.647;1.501;1.629;110496.851
1584367200000;1.629;1.737;1.6;1.67;105591.696
1584370800000;1.67;1.735;1.664;1.733;51794.466
1584374400000;1.728;1.746;1.664;1.69;64187.926
1584378000000;1.687;1.71;1.68;1.69;52501.35
1584381600000;1.69;1.72;1.676;1.708;55478.646
1584385200000;1.708;1.717;1.612;1.643;140436.52
1584388800000;1.644;1.677;1.613;1.633;74505.401
1584392400000;1.636;1.663;1.615;1.662;36418.294
1584396000000;1.661;1.69;1.614;1.619;81229.107
1584399600000;1.619;1.677;1.616;1.671;54116.554
1584403200000;1.672;1.693;1.634;1.693;50297.277
1584406800000;1.695;1.815;1.691;1.729;72221.396
1584410400000;1.735;1.774;1.718;1.774;45014.546
1584414000000;1.774;1.808;1.761;1.792;45921.422
1584417600000;1.791;1.799;1.75;1.786;96528.74
1584421200000;1.787;1.815;1.783;1.806;47611.405
1584424800000;1.809;1.838;1.8;1.819;103285.637
1584428400000;1.82;1.86;1.805;1.815;119869.15
1584432000000;1.815;1.844;1.768;1.783;95822.493
1584435600000;1.783;1.794;1.732;1.759;64073.386
1584439200000;1.758;1.781;1.75;1.772;66592.087
1584442800000;1.772;1.778;1.746;1.754;45477.45
1584446400000;1.755;1.797;1.738;1.747;70837.289
1584450000000;1.751;1.785;1.697;1.697;69318.493
1584453600000;1.696;1.757;1.685;1.745;109714.992
1584457200000;1.742;1.786;1.736;1.783;44288.99
1584460800000;1.783;1.825;1.775;1.793;84337.153
1584464400000;1.792;1.802;1.776;1.786;29247.364
1584468000000;1.785;1.811;1.781;1.794;30688.532
1584471600000;1.795;1.81;1.782;1.806;38024.139
1584475200000;1.807;1.828;1.794;1.817;42947.112
1584478800000;1.818;1.88;1.803;1.814;40673.096
1584482400000;1.815;1.815;1.795;1.804;44681.952
1584486000000;1.803;1.804;1.763;1.763;30992.912
1584489600000;1.763;1.79;1.745;1.774;57473.12
1584493200000;1.772;1.788;1.768;1.78;38672.447
1584496800000;1.777;1.784;1.768;1.781;23752.6
1584500400000;1.78;1.826;1.78;1.818;44130.474
1584504000000;1.82;1.842;1.808;1.841;33475.441
1584507600000;1.841;1.843;1.762;1.766;110790.329
1584511200000;1.764;1.772;1.723;1.737;51848.281
1584514800000;1.736;1.738;1.674;1.695;86973.253
1584518400000;1.693;1.709;1.662;1.705;56557.888
1584522000000;1.704;1.723;1.684;1.692;59325.568
1584525600000;1.692;1.705;1.654;1.686;64985.694
1584529200000;1.689;1.702;1.683;1.694;29734.908
1584532800000;1.695;1.695;1.665;1.672;65812.439
1584536400000;1.673;1.762;1.65;1.746;193178.855
1584540000000;1.747;1.759;1.716;1.73;98810.907
1584543600000;1.731;1.751;1.7;1.725;93455.988
1584547200000;1.725;1.736;1.68;1.693;99080.981
1584550800000;1.696;1.713;1.681;1.711;57601.07
1584554400000;1.712;1.737;1.707;1.731;47799.748
1584558000000;1.732;1.75;1.724;1.75;45900.175
1584561600000;1.747;1.776;1.747;1.761;50693.325
1584565200000;1.761;1.796;1.758;1.785;71663.072
1584568800000;1.786;1.793;1.753;1.786;88675.892
1584572400000;1.784;1.813;1.779;1.811;34805.504
1584576000000;1.814;1.83;1.801;1.804;102604.293
1584579600000;1.806;1.832;1.806;1.82;68507.432
1584583200000;1.817;1.825;1.776;1.791;59291.145
1584586800000;1.791;1.798;1.777;1.782;71186.564
1584590400000;1.783;1.79;1.768;1.788;96220.722
1584594000000;1.786;1.837;1.784;1.835;83656.633
1584597600000;1.835;1.861;1.831;1.832;84824.402
1584601200000;1.829;1.857;1.826;1.856;79361.745
1584604800000;1.854;1.865;1.829;1.837;49371.622
1584608400000;1.837;1.908;1.834;1.9;93046.971
1584612000000;1.902;1.918;1.879;1.898;102361.379
1584615600000;1.897;1.92;1.892;1.914;62384.434
1584619200000;1.914;1.961;1.906;1.959;137664.141
1584622800000;1.959;1.969;1.885;1.924;149830.909
1584626400000;1.919;1.932;1.909;1.918;72735.46
1584630000000;1.92;1.968;1.918;1.964;107329.54
1584633600000;1.965;2.108;1.939;2.047;249575.042
1584637200000;2.047;2.138;2.047;2.117;104373.662
1584640800000;2.119;2.141;2.066;2.069;103014.829
1584644400000;2.066;2.093;2.048;2.074;65400.819
1584648000000;2.075;2.091;2.062;2.089;29789.975
1584651600000;2.09;2.095;2.078;2.093;16095.293
1584655200000;2.098;2.149;2.098;2.123;81460.661
1584658800000;2.121;2.136;2.061;2.067;84284.396
1584662400000;2.068;2.167;2.068;2.164;97791.451
1584666000000;2.164;2.177;2.093;2.128;73924.817
1584669600000;2.124;2.23;2.118;2.194;163016.079
1584673200000;2.193;2.193;2.153;2.156;60495.016
1584676800000;2.162;2.234;2.138;2.222;78585.919
1584680400000;2.222;2.258;2.206;2.247;95468.525
1584684000000;2.244;2.398;2.244;2.355;236584.246
1584687600000;2.354;2.371;2.321;2.35;191610.803
1584691200000;2.348;2.485;2.347;2.388;305490.347
1584694800000;2.388;2.472;2.384;2.456;150680.201
1584698400000;2.455;2.459;2.384;2.407;143960.049
1584702000000;2.407;2.421;2.233;2.282;199810.988
1584705600000;2.283;2.291;2.226;2.277;107594.034
1584709200000;2.278;2.278;2.195;2.234;121359.351
1584712800000;2.234;2.319;2.232;2.272;117060.039
1584716400000;2.274;2.279;2.219;2.252;118217.634
1584720000000;2.251;2.282;2.136;2.176;219308.599
1584723600000;2.176;2.192;2.144;2.149;122911.037
1584727200000;2.15;2.155;2.017;2.019;180548.793
1584730800000;2.019;2.074;2.005;2.023;145470.587
1584734400000;2.023;2.027;1.801;1.962;310975.954
1584738000000;1.952;2.119;1.942;2.102;197774.176
1584741600000;2.112;2.197;2.067;2.161;235133.847
1584745200000;2.164;2.185;2.129;2.165;166609.42
1584748800000;2.17;2.175;2.093;2.095;78629.792
1584752400000;2.093;2.154;2.093;2.153;71299.44
1584756000000;2.151;2.216;2.151;2.184;70987.749
1584759600000;2.184;2.189;2.122;2.165;49198.196
1584763200000;2.165;2.177;2.102;2.11;57867.807
1584766800000;2.111;2.132;2.043;2.059;93548.858
1584770400000;2.058;2.112;2.01;2.109;125192.241
1584774000000;2.104;2.105;2.061;2.078;64824.445
1584777600000;2.074;2.096;2.05;2.069;70059.159
1584781200000;2.07;2.087;2.02;2.028;52007.429
1584784800000;2.029;2.052;2.02;2.036;52675.571
1584788400000;2.031;2.075;1.994;2.075;62561.599
1584792000000;2.076;2.127;2.07;2.075;97566.512
1584795600000;2.074;2.127;2.074;2.092;54585.539
1584799200000;2.094;2.128;2.085;2.094;43392.457
1584802800000;2.097;2.16;2.094;2.14;62629.356
1584806400000;2.145;2.247;2.138;2.154;185150.993
1584810000000;2.155;2.169;2.12;2.122;57249.445
1584813600000;2.124;2.172;2.106;2.146;103586.548
1584817200000;2.146;2.158;2.134;2.139;46387.142
1584820800000;2.146;2.207;2.132;2.199;69458.134
1584824400000;2.199;2.23;2.127;2.139;82608.319
1584828000000;2.143;2.18;2.108;2.155;25802.557
1584831600000;2.156;2.178;2.15;2.168;18589.477
1584835200000;2.169;2.169;2.137;2.16;12994.784
1584838800000;2.158;2.197;2.154;2.182;32366.343
1584842400000;2.182;2.202;2.17;2.174;16248.275
1584846000000;2.172;2.218;2.165;2.212;18879.517
1584849600000;2.212;2.22;2.186;2.194;28377.898
1584853200000;2.194;2.223;2.194;2.211;25811.776
1584856800000;2.214;2.234;2.185;2.193;50620.051
1584860400000;2.192;2.199;2.175;2.179;24430.164
1584864000000;2.179;2.185;2.153;2.16;66625.939
1584867600000;2.16;2.172;2.139;2.17;26368.357
1584871200000;2.17;2.17;2.123;2.141;35617.978
1584874800000;2.141;2.153;2.103;2.114;37852.181
1584878400000;2.11;2.11;2.01;2.037;143426.869
1584882000000;2.037;2.083;2.015;2.061;38677.27
1584885600000;2.058;2.064;2.022;2.049;31933.377
1584889200000;2.045;2.047;1.963;2.027;89318.11
1584892800000;2.026;2.044;1.979;1.986;61114.134
1584896400000;1.991;2.02;1.963;1.999;31164.53
1584900000000;1.999;2.01;1.94;1.974;54310.744
1584903600000;1.974;1.974;1.95;1.959;30734.696
1584907200000;1.956;1.962;1.917;1.96;40520.35
1584910800000;1.957;2.018;1.957;1.999;53046.449
1584914400000;1.999;1.999;1.941;1.949;38088.209
1584918000000;1.947;1.955;1.91;1.917;32500.041
1584921600000;1.916;1.958;1.886;1.947;79111.736
1584925200000;1.948;1.948;1.927;1.93;55082.739
1584928800000;1.932;1.935;1.907;1.924;40500.891
1584932400000;1.93;1.999;1.923;1.975;69245.785
1584936000000;1.97;1.986;1.943;1.952;36174.561
1584939600000;1.952;1.957;1.93;1.932;15920.33
1584943200000;1.932;1.949;1.931;1.949;13652.501
1584946800000;1.945;1.948;1.935;1.935;10548.105
1584950400000;1.936;1.947;1.9;1.904;65715.696
1584954000000;1.904;1.914;1.893;1.9;59189.048
1584957600000;1.9;1.933;1.9;1.931;38340.806
1584961200000;1.932;1.952;1.913;1.922;21228.049
1584964800000;1.923;2.071;1.923;2.062;155371.366
1584968400000;2.065;2.15;1.987;2.052;221863.558
1584972000000;2.046;2.106;2.016;2.075;122140.329
1584975600000;2.075;2.119;2.045;2.06;139977.98
1584979200000;2.063;2.106;2.063;2.102;46580.661
1584982800000;2.099;2.102;2.055;2.058;29519.58
1584986400000;2.056;2.079;2.047;2.071;19216.084
1584990000000;2.071;2.09;2.068;2.083;28224.665
1584993600000;2.077;2.117;2.07;2.098;23547.977
1584997200000;2.101;2.126;2.087;2.104;41865.953
1585000800000;2.105;2.107;2.068;2.097;56938.8
1585004400000;2.097;2.12;2.087;2.111;33759.743
1585008000000;2.108;2.133;2.08;2.088;102862.301
1585011600000;2.085;2.12;2.085;2.118;103151.735
1585015200000;2.115;2.196;2.107;2.192;174949.924
1585018800000;2.193;2.193;2.17;2.174;68015.964
1585022400000;2.17;2.174;2.111;2.12;42844.373
1585026000000;2.12;2.129;2.102;2.127;59941.501
1585029600000;2.125;2.15;2.123;2.142;45366.387
1585033200000;2.141;2.162;2.134;2.14;29819.473
1585036800000;2.14;2.213;2.139;2.176;165920.506
1585040400000;2.17;2.208;2.16;2.197;51718.321
1585044000000;2.196;2.233;2.182;2.19;51161.788
1585047600000;2.192;2.198;2.168;2.193;46604.119
1585051200000;2.194;2.195;2.119;2.145;85906.721
1585054800000;2.142;2.173;2.124;2.129;60298.456
1585058400000;2.129;2.154;2.116;2.118;71071.014
1585062000000;2.119;2.124;2.075;2.104;94440.337
1585065600000;2.1;2.119;2.085;2.1;35070.106
1585069200000;2.096;2.118;2.089;2.104;38037.548
1585072800000;2.104;2.12;2.083;2.115;31509.624
1585076400000;2.114;2.133;2.108;2.124;24083.294
1585080000000;2.121;2.14;2.119;2.139;32485.427
1585083600000;2.138;2.141;2.101;2.134;24242.278
1585087200000;2.133;2.154;2.129;2.153;25499.058
1585090800000;2.151;2.154;2.132;2.143;44989.749
1585094400000;2.144;2.149;2.108;2.145;29736.955
1585098000000;2.143;2.154;2.105;2.111;26243.416
1585101600000;2.108;2.126;2.101;2.107;22953.805
1585105200000;2.102;2.114;2.074;2.08;63644.419
1585108800000;2.08;2.1;2.07;2.096;30477.402
1585112400000;2.097;2.121;2.097;2.12;16605.961
1585116000000;2.122;2.136;2.111;2.13;27070.968
1585119600000;2.13;2.14;2.125;2.139;33150.517
1585123200000;2.137;2.154;2.122;2.15;28708.326
1585126800000;2.148;2.188;2.146;2.162;72543.126
1585130400000;2.162;2.175;2.077;2.086;123204.021
1585134000000;2.086;2.1;2.04;2.052;115655.518
1585137600000;2.049;2.067;2.045;2.066;150870.145
1585141200000;2.068;2.114;2.052;2.058;108707.603
1585144800000;2.062;2.083;2.043;2.083;45794.076
1585148400000;2.079;2.093;2.069;2.079;29715.52
1585152000000;2.078;2.101;2.071;2.089;30879.735
1585155600000;2.089;2.089;2.077;2.08;14170.876
1585159200000;2.081;2.089;2.058;2.088;33367.458
1585162800000;2.086;2.092;2.077;2.077;9754.375
1585166400000;2.078;2.081;2.07;2.07;11945.206
1585170000000;2.072;2.073;2.047;2.056;32758.439
1585173600000;2.058;2.087;2.058;2.085;18904.519
1585177200000;2.087;2.087;2.071;2.079;9651.358
1585180800000;2.082;2.109;2.082;2.108;25325.749
1585184400000;2.108;2.11;2.085;2.091;8151.761
1585188000000;2.092;2.093;2.078;2.088;7961.196
1585191600000;2.088;2.109;2.087;2.107;7101.32
1585195200000;2.106;2.114;2.105;2.108;11825.065
1585198800000;2.104;2.112;2.085;2.087;12350.562
1585202400000;2.086;2.099;2.071;2.096;35705.742
1585206000000;2.092;2.102;2.074;2.086;26607.349
1585209600000;2.087;2.114;2.086;2.099;40161.188
1585213200000;2.103;2.138;2.1;2.128;71395.183
1585216800000;2.13;2.133;2.106;2.111;20315.553
1585220400000;2.111;2.126;2.094;2.101;50074.964
1585224000000;2.104;2.108;2.088;2.096;19744.547
1585227600000;2.096;2.11;2.07;2.084;54266.144
1585231200000;2.08;2.086;2.068;2.07;20400.22
1585234800000;2.072;2.079;2.057;2.078;45191.384
1585238400000;2.076;2.086;2.07;2.083;20184.391
1585242000000;2.084;2.09;2.068;2.086;31489.906
1585245600000;2.083;2.108;2.083;2.105;19382.103
1585249200000;2.104;2.108;2.092;2.103;30319.841
1585252800000;2.101;2.116;2.09;2.11;16557.69
1585256400000;2.112;2.15;2.112;2.126;52200.921
1585260000000;2.128;2.136;2.113;2.128;20844.239
1585263600000;2.129;2.179;2.129;2.173;82333.479
1585267200000;2.173;2.209;2.159;2.177;71666.648
1585270800000;2.179;2.186;2.149;2.155;37714.813
1585274400000;2.157;2.159;2.148;2.152;25827.336
1585278000000;2.156;2.162;2.143;2.146;22147.929
1585281600000;2.153;2.163;2.133;2.138;28959.389
1585285200000;2.137;2.137;2.103;2.123;69503.96
1585288800000;2.121;2.154;2.118;2.13;27409.826
1585292400000;2.128;2.146;2.128;2.143;11143.348
1585296000000;2.14;2.141;2.122;2.122;16072.51
1585299600000;2.121;2.13;2.116;2.116;16768.155
1585303200000;2.118;2.122;2.088;2.115;34976.417
1585306800000;2.113;2.126;2.109;2.11;16947.793
1585310400000;2.11;2.13;2.099;2.118;25066.79
1585314000000;2.117;2.121;2.071;2.076;48572.523
1585317600000;2.073;2.092;2.068;2.088;28000.152
1585321200000;2.086;2.101;2.084;2.091;14101.731
1585324800000;2.089;2.095;2.074;2.095;35840.141
1585328400000;2.094;2.098;2.069;2.076;39057.25
1585332000000;2.075;2.093;2.073;2.091;12188.226
1585335600000;2.088;2.098;2.077;2.083;29021.683
1585339200000;2.082;2.089;2.078;2.087;8832.708
1585342800000;2.086;2.094;2.081;2.088;21856.889
1585346400000;2.087;2.087;2.076;2.084;12009.56
1585350000000;2.083;2.083;1.946;1.992;142519.306
1585353600000;1.989;1.991;1.928;1.98;143984.277
1585357200000;1.98;1.982;1.95;1.957;29664.772
1585360800000;1.955;1.955;1.939;1.943;33376.965
1585364400000;1.943;1.945;1.869;1.897;217068.51
1585368000000;1.898;1.92;1.885;1.905;143015.418
1585371600000;1.905;1.908;1.891;1.894;52020.255
1585375200000;1.897;1.922;1.883;1.911;72622.604
1585378800000;1.911;1.925;1.907;1.921;54486.026
1585382400000;1.922;1.956;1.914;1.949;84226.412
1585386000000;1.948;1.952;1.937;1.946;27925.3
1585389600000;1.95;1.958;1.936;1.952;22554.931
1585393200000;1.953;1.968;1.944;1.947;27740.972
1585396800000;1.949;1.95;1.936;1.946;43590.335
1585400400000;1.95;1.953;1.916;1.939;36027.026
1585404000000;1.94;1.952;1.94;1.952;16799.437
1585407600000;1.952;1.963;1.949;1.952;24643.552
1585411200000;1.951;1.964;1.941;1.964;27065.802
1585414800000;1.962;1.964;1.891;1.891;78659.93
1585418400000;1.893;1.963;1.893;1.927;71346.228
1585422000000;1.927;1.953;1.927;1.948;17586.596
1585425600000;1.948;1.984;1.945;1.965;48606.665
1585429200000;1.969;1.973;1.941;1.966;68419.661
1585432800000;1.967;1.976;1.956;1.957;37478.375
1585436400000;1.957;1.983;1.954;1.971;22386.536
1585440000000;1.973;1.979;1.945;1.953;52506.939
1585443600000;1.954;1.956;1.941;1.953;17237.468
1585447200000;1.956;1.966;1.951;1.96;43581.025
1585450800000;1.961;1.977;1.953;1.975;26219.358
1585454400000;1.976;1.982;1.973;1.981;24949.623
1585458000000;1.981;1.983;1.957;1.957;26391.394
1585461600000;1.96;1.962;1.952;1.958;23050.194
1585465200000;1.957;1.958;1.935;1.95;39038.305
1585468800000;1.953;1.953;1.92;1.938;67929
1585472400000;1.939;1.939;1.907;1.908;27751.651
1585476000000;1.912;1.942;1.902;1.926;89528.377
1585479600000;1.925;1.933;1.918;1.927;32022.07
1585483200000;1.922;1.934;1.899;1.923;61232.852
1585486800000;1.921;1.926;1.911;1.923;7618.482
1585490400000;1.92;1.932;1.919;1.931;15810.896
1585494000000;1.931;1.931;1.921;1.928;31226.055
1585497600000;1.928;1.935;1.903;1.912;32909.339
1585501200000;1.91;1.927;1.907;1.925;21725.874
1585504800000;1.924;1.926;1.911;1.911;12563.923
1585508400000;1.911;1.915;1.866;1.882;77013.278
1585512000000;1.882;1.895;1.858;1.876;40375.226
1585515600000;1.877;1.877;1.858;1.858;13086.548
1585519200000;1.858;1.869;1.846;1.862;31688.444
1585522800000;1.863;1.869;1.844;1.85;19327.679
1585526400000;1.852;1.866;1.845;1.865;14333.896
1585530000000;1.863;1.892;1.863;1.891;26785.388
1585533600000;1.889;1.907;1.887;1.902;24358.196
1585537200000;1.902;1.913;1.895;1.895;27782.346
1585540800000;1.896;1.914;1.894;1.913;19368.762
1585544400000;1.913;1.955;1.913;1.946;59486.249
1585548000000;1.947;1.957;1.94;1.953;32593.52
1585551600000;1.957;2.001;1.957;1.97;82731.787
1585555200000;1.973;1.997;1.973;1.997;38471.097
1585558800000;1.996;2;1.96;1.969;63963.01
1585562400000;1.971;1.98;1.967;1.972;35987.945
1585566000000;1.973;2.015;1.969;1.991;56824.681
1585569600000;1.992;1.997;1.97;1.976;29086.874
1585573200000;1.976;1.985;1.97;1.972;36445.445
1585576800000;1.969;1.976;1.961;1.969;23278.712
1585580400000;1.971;1.992;1.964;1.971;76828.231
1585584000000;1.973;1.996;1.964;1.989;29629.538
1585587600000;1.99;1.993;1.975;1.984;19042.911
1585591200000;1.985;1.99;1.977;1.988;13480.227
1585594800000;1.986;1.998;1.977;1.979;12886.461
1585598400000;1.979;2.012;1.979;1.994;44633.018
1585602000000;1.997;2.023;1.997;2.021;42966.287
1585605600000;2.022;2.036;1.969;1.974;99455.815
1585609200000;1.973;1.979;1.95;1.957;47356.827
1585612800000;1.955;1.972;1.95;1.964;38075.528
1585616400000;1.964;1.991;1.963;1.991;21501.134
1585620000000;1.992;1.992;1.977;1.977;16464.93
1585623600000;1.976;1.976;1.955;1.963;25852.618
1585627200000;1.962;1.967;1.933;1.94;27341.932
1585630800000;1.939;1.954;1.935;1.95;25820.082
1585634400000;1.948;1.961;1.937;1.959;36541.468
1585638000000;1.957;1.958;1.945;1.951;6446.253
1585641600000;1.953;1.977;1.952;1.975;34656.55
1585645200000;1.976;1.976;1.954;1.955;37039.277
1585648800000;1.956;1.96;1.95;1.955;9654.348
1585652400000;1.954;1.964;1.933;1.963;41193.466
1585656000000;1.961;1.965;1.943;1.961;31524.864
1585659600000;1.961;1.964;1.939;1.947;65244.244
1585663200000;1.947;1.959;1.946;1.957;41993.67
1585666800000;1.956;1.974;1.953;1.958;56639.301
1585670400000;1.959;1.972;1.95;1.951;29952.181
1585674000000;1.952;1.957;1.94;1.951;18123.009
1585677600000;1.95;1.959;1.948;1.956;22468.932
1585681200000;1.957;1.967;1.953;1.962;24304.297
1585684800000;1.963;1.984;1.963;1.974;23248.185
1585688400000;1.972;1.984;1.953;1.967;28406.904
1585692000000;1.967;1.969;1.96;1.964;10453.309
1585695600000;1.964;1.964;1.949;1.95;11950.116
1585699200000;1.95;1.956;1.9;1.929;77008.045
1585702800000;1.929;1.938;1.928;1.933;7645.541
1585706400000;1.931;1.939;1.931;1.935;13347.776
1585710000000;1.938;1.951;1.934;1.945;12856.748
1585713600000;1.945;1.96;1.944;1.958;23750.379
1585717200000;1.958;1.958;1.94;1.943;16023.019
1585720800000;1.94;1.943;1.928;1.933;49346.003
1585724400000;1.933;1.946;1.932;1.942;9211.638
1585728000000;1.94;1.94;1.93;1.938;12272.119
1585731600000;1.937;1.939;1.925;1.935;13323.278
1585735200000;1.936;1.942;1.932;1.94;10859.672
1585738800000;1.94;1.946;1.936;1.942;18265.961
1585742400000;1.945;1.959;1.914;1.917;75153.069
1585746000000;1.914;1.921;1.909;1.916;53652.294
1585749600000;1.915;1.938;1.915;1.931;21207.478
1585753200000;1.934;1.934;1.914;1.916;8778.651
1585756800000;1.915;1.915;1.884;1.898;53366.996
1585760400000;1.896;1.901;1.887;1.896;16315.522
1585764000000;1.895;1.9;1.892;1.896;5544.444
1585767600000;1.895;1.906;1.889;1.899;6575.667
1585771200000;1.899;1.944;1.897;1.932;35472.886
1585774800000;1.932;1.95;1.932;1.941;25238.872
1585778400000;1.941;1.984;1.939;1.961;53712.048
1585782000000;1.962;1.985;1.951;1.969;67260.727
1585785600000;1.971;1.997;1.968;1.972;80263.282
1585789200000;1.972;1.979;1.961;1.962;21881.392
1585792800000;1.964;1.969;1.959;1.967;32136.372
1585796400000;1.969;1.976;1.964;1.972;10262.564
1585800000000;1.972;1.979;1.969;1.97;15581.179
1585803600000;1.971;1.973;1.96;1.966;19201.144
1585807200000;1.967;1.98;1.964;1.977;27066.779
1585810800000;1.976;1.988;1.972;1.981;32125.275
1585814400000;1.982;1.988;1.97;1.985;32088.307
1585818000000;1.986;1.988;1.979;1.98;7777.2
1585821600000;1.98;1.994;1.98;1.991;41000.58
1585825200000;1.991;2.003;1.989;2.003;39349.252
1585828800000;2.003;2.016;1.989;1.99;91903.308
1585832400000;1.99;1.996;1.98;1.981;25001.379
1585836000000;1.983;2.027;1.982;2.015;48524.508
1585839600000;2.015;2.025;1.995;2.017;43323.81
1585843200000;2.02;2.07;2.019;2.066;106040.065
1585846800000;2.066;2.11;2.047;2.073;111417.438
1585850400000;2.073;2.073;1.988;2.01;79117.01
1585854000000;2.01;2.037;2;2.023;30132.727
1585857600000;2.021;2.021;1.984;1.995;37340.974
1585861200000;1.995;2.018;1.99;2.014;46222.335
1585864800000;2.01;2.019;1.968;1.971;169587.987
1585868400000;1.969;1.991;1.95;1.982;80115.186
1585872000000;1.98;1.989;1.977;1.982;18231.919
1585875600000;1.984;2.012;1.976;2.012;38783.761
1585879200000;2.009;2.012;2;2.008;19774.362
1585882800000;2.008;2.023;2.005;2.014;32626.55
1585886400000;2.012;2.014;2.001;2.008;14199.395
1585890000000;2.005;2.005;1.991;2;13381.159
1585893600000;2;2.017;2;2.011;11951.824
1585897200000;2.009;2.048;2.006;2.034;56990.685
1585900800000;2.034;2.047;2.022;2.036;137494.843
1585904400000;2.036;2.043;2.026;2.041;16024.227
1585908000000;2.041;2.057;2.029;2.052;34914.712
1585911600000;2.052;2.061;2.035;2.061;33939.495
1585915200000;2.06;2.061;2.005;2.021;143951.408
1585918800000;2.022;2.029;2.006;2.012;31573.849
1585922400000;2.008;2.014;1.973;1.987;41217.648
1585926000000;1.989;2.009;1.979;1.993;39026.415
1585929600000;1.985;1.992;1.953;1.991;36630.943
1585933200000;1.991;2.001;1.975;1.981;14728.137
1585936800000;1.983;1.996;1.975;1.99;12957.276
1585940400000;1.991;2.004;1.987;1.996;12160.677
1585944000000;2.002;2.006;1.982;1.986;17047.213
1585947600000;1.983;1.99;1.968;1.972;80445.853
1585951200000;1.972;1.99;1.972;1.99;7777.154
1585954800000;1.989;1.99;1.976;1.978;6648.233
1585958400000;1.978;1.978;1.969;1.974;22901.8
1585962000000;1.977;2;1.977;2;53807.095
1585965600000;2;2.003;1.98;1.98;29073.858
1585969200000;1.981;1.982;1.964;1.975;15625.129
1585972800000;1.973;1.983;1.966;1.976;21441.205
1585976400000;1.978;1.987;1.975;1.98;6514.012
1585980000000;1.976;1.987;1.975;1.984;9709.495
1585983600000;1.985;2.004;1.985;2.003;17712.547
1585987200000;2.002;2.016;2.002;2.015;21014.098
1585990800000;2.012;2.029;2.008;2.021;19900.036
1585994400000;2.02;2.037;2.013;2.03;18077.859
1585998000000;2.034;2.037;1.972;1.992;72747.299
1586001600000;1.992;2.004;1.986;1.995;15237.134
1586005200000;1.995;2.006;1.989;2.005;9463.413
1586008800000;2.006;2.008;1.994;1.998;15432.305
1586012400000;1.998;2.01;1.998;2.005;11440.308
1586016000000;2.005;2.018;1.997;2.017;29004.632
1586019600000;2.014;2.015;2.004;2.013;12615.163
1586023200000;2.014;2.017;2.007;2.011;11688.956
1586026800000;2.01;2.013;1.996;2.001;19080.386
1586030400000;2.002;2.055;1.985;2.007;81325.877
1586034000000;2.009;2.031;2.008;2.017;26234.75
1586037600000;2.013;2.027;1.997;2.017;29226.283
1586041200000;2.015;2.026;2.009;2.022;21276.187
1586044800000;2.023;2.058;2.023;2.056;68725.496
1586048400000;2.056;2.065;2.047;2.048;49939.714
1586052000000;2.047;2.052;2.038;2.051;21199.543
1586055600000;2.051;2.054;2.047;2.047;15032.599
1586059200000;2.047;2.047;2.03;2.041;15582.978
1586062800000;2.04;2.048;2.032;2.032;22652.495
1586066400000;2.032;2.032;2.02;2.03;8201.731
1586070000000;2.03;2.032;2.02;2.027;21631.474
1586073600000;2.023;2.026;2.021;2.023;7272.982
1586077200000;2.023;2.035;2.021;2.022;12099.264
1586080800000;2.021;2.024;2.014;2.014;13035.064
1586084400000;2.013;2.032;2.012;2.028;38669.939
1586088000000;2.026;2.038;2.023;2.037;15917.042
1586091600000;2.037;2.097;2.036;2.073;91761.982
1586095200000;2.072;2.084;2.059;2.06;35599.753
1586098800000;2.06;2.069;2.055;2.065;16373.304
1586102400000;2.065;2.073;2.057;2.061;30490.207
1586106000000;2.061;2.061;2.018;2.051;76492.655
1586109600000;2.052;2.077;2.045;2.07;32282.778
1586113200000;2.07;2.078;2.058;2.071;33658.808
1586116800000;2.069;2.069;2.043;2.045;41162.051
1586120400000;2.045;2.063;2.038;2.048;13094.438
1586124000000;2.054;2.071;2.054;2.071;15912.341
1586127600000;2.072;2.074;2.06;2.064;15413.036
1586131200000;2.065;2.1;2.064;2.099;63710.782
1586134800000;2.1;2.103;2.083;2.089;28544.605
1586138400000;2.091;2.094;2.081;2.088;9586.94
1586142000000;2.091;2.155;2.091;2.154;165226.332
1586145600000;2.155;2.173;2.141;2.17;86463.285
1586149200000;2.172;2.2;2.162;2.189;88355.07
1586152800000;2.192;2.255;2.18;2.22;132621.004
1586156400000;2.218;2.224;2.184;2.213;75763.484
1586160000000;2.213;2.219;2.2;2.205;35825.463
1586163600000;2.207;2.236;2.206;2.22;74372.946
1586167200000;2.22;2.227;2.191;2.195;100971.25
1586170800000;2.193;2.211;2.193;2.205;52065.439
1586174400000;2.205;2.254;2.193;2.253;124135.79
1586178000000;2.252;2.306;2.236;2.294;461435.197
1586181600000;2.294;2.319;2.276;2.28;197415.087
1586185200000;2.28;2.348;2.28;2.348;150902.554
1586188800000;2.346;2.388;2.308;2.333;204301.734
1586192400000;2.333;2.352;2.312;2.332;111899.271
1586196000000;2.33;2.387;2.321;2.377;139224.38
1586199600000;2.379;2.39;2.355;2.371;88230.306
1586203200000;2.37;2.379;2.338;2.342;71786.17
1586206800000;2.34;2.375;2.337;2.375;45491.9
1586210400000;2.375;2.385;2.354;2.384;54861.604
1586214000000;2.385;2.418;2.379;2.407;104257.5
1586217600000;2.406;2.466;2.4;2.405;197484.335
1586221200000;2.404;2.423;2.364;2.367;138101.17
1586224800000;2.369;2.377;2.313;2.344;114025.734
1586228400000;2.344;2.345;2.312;2.342;37678.175
1586232000000;2.342;2.344;2.304;2.313;72336.836
1586235600000;2.312;2.335;2.308;2.334;31750.015
1586239200000;2.331;2.355;2.318;2.355;96654.124
1586242800000;2.355;2.417;2.351;2.398;186591.57
1586246400000;2.397;2.399;2.369;2.382;116156.095
1586250000000;2.384;2.42;2.379;2.42;49109.104
1586253600000;2.418;2.496;2.418;2.491;175789.843
1586257200000;2.49;2.491;2.42;2.458;173092.484
1586260800000;2.458;2.496;2.4;2.412;257306.288
1586264400000;2.413;2.473;2.411;2.411;92484.912
1586268000000;2.412;2.412;2.369;2.38;114227.855
1586271600000;2.382;2.42;2.379;2.418;62782.559
1586275200000;2.422;2.466;2.422;2.455;137933.134
1586278800000;2.452;2.453;2.418;2.431;98022.613
1586282400000;2.431;2.431;2.389;2.391;88266.52
1586286000000;2.391;2.416;2.389;2.39;46787.413
1586289600000;2.39;2.39;2.307;2.32;152205.221
1586293200000;2.321;2.384;2.304;2.348;101254.42
1586296800000;2.348;2.371;2.34;2.354;48280.857
1586300400000;2.356;2.362;2.326;2.346;68378.19
1586304000000;2.345;2.351;2.321;2.324;40681.353
1586307600000;2.321;2.334;2.319;2.323;19259.082
1586311200000;2.322;2.382;2.322;2.38;46252.249
1586314800000;2.379;2.429;2.379;2.402;119622.042
1586318400000;2.407;2.414;2.348;2.406;245803.736
1586322000000;2.408;2.434;2.398;2.434;48514.43
1586325600000;2.435;2.442;2.367;2.379;71212.802
1586329200000;2.383;2.398;2.372;2.386;93594.08
1586332800000;2.388;2.389;2.345;2.359;98423.578
1586336400000;2.36;2.371;2.321;2.336;207589.85
1586340000000;2.336;2.359;2.299;2.324;182117.812
1586343600000;2.324;2.349;2.314;2.344;112611.542
1586347200000;2.344;2.372;2.32;2.355;113251.256
1586350800000;2.354;2.36;2.32;2.324;60329.217
1586354400000;2.327;2.35;2.324;2.345;30973.621
1586358000000;2.346;2.372;2.344;2.369;80661.099
1586361600000;2.37;2.396;2.351;2.389;71579.144
1586365200000;2.391;2.409;2.382;2.407;92123.547
1586368800000;2.408;2.412;2.39;2.393;82306.223
1586372400000;2.394;2.399;2.345;2.379;72579.586
1586376000000;2.377;2.4;2.377;2.387;76163.151
1586379600000;2.385;2.412;2.385;2.408;48737.355
1586383200000;2.408;2.446;2.4;2.441;124550.497
1586386800000;2.442;2.5;2.434;2.493;264742.82
1586390400000;2.493;2.494;2.451;2.476;136906.191
1586394000000;2.474;2.477;2.43;2.446;103086.786
1586397600000;2.446;2.448;2.435;2.446;61431.914
1586401200000;2.443;2.446;2.423;2.429;52161.014
1586404800000;2.429;2.437;2.413;2.429;74384.952
1586408400000;2.427;2.451;2.42;2.447;43141.695
1586412000000;2.447;2.451;2.437;2.448;31557.288
1586415600000;2.447;2.462;2.436;2.455;104967.641
1586419200000;2.457;2.506;2.455;2.504;103088.75
1586422800000;2.502;2.568;2.489;2.512;249599.473
1586426400000;2.512;2.531;2.495;2.5;94443.059
1586430000000;2.5;2.514;2.412;2.436;149051.628
1586433600000;2.43;2.504;2.373;2.502;214121.979
1586437200000;2.503;2.555;2.49;2.55;131222.244
1586440800000;2.55;2.553;2.5;2.53;85149.868
1586444400000;2.53;2.534;2.487;2.501;78616.617
1586448000000;2.502;2.609;2.497;2.583;319039.727
1586451600000;2.583;2.626;2.569;2.583;216308.402
1586455200000;2.583;2.583;2.54;2.549;82238.79
1586458800000;2.553;2.574;2.549;2.565;41149.598
1586462400000;2.564;2.617;2.554;2.611;64644.685
1586466000000;2.611;2.616;2.593;2.616;73327.454
1586469600000;2.617;2.621;2.592;2.604;25972.462
1586473200000;2.604;2.606;2.57;2.573;63444.036
1586476800000;2.571;2.592;2.548;2.59;79517.278
1586480400000;2.59;2.592;2.56;2.575;67598.321
1586484000000;2.572;2.573;2.478;2.525;114324.093
1586487600000;2.526;2.528;2.426;2.441;172032.931
1586491200000;2.433;2.444;2.37;2.428;207926.109
1586494800000;2.426;2.426;2.302;2.332;268808.461
1586498400000;2.329;2.366;2.312;2.348;102938.693
1586502000000;2.347;2.347;2.255;2.302;228227.863
1586505600000;2.301;2.318;2.263;2.283;88437.556
1586509200000;2.281;2.285;2.229;2.269;103153.565
1586512800000;2.272;2.342;2.254;2.308;139706.374
1586516400000;2.307;2.308;2.267;2.271;66854.284
1586520000000;2.272;2.294;2.264;2.29;47928.221
1586523600000;2.29;2.294;2.222;2.279;77994.828
1586527200000;2.279;2.297;2.257;2.265;65692.849
1586530800000;2.264;2.275;2.194;2.208;157715.87
1586534400000;2.208;2.299;2.194;2.298;133956.54
1586538000000;2.297;2.316;2.28;2.297;144475.964
1586541600000;2.297;2.319;2.284;2.304;79538.501
1586545200000;2.304;2.332;2.271;2.299;104787.243
1586548800000;2.292;2.3;2.28;2.296;16019.961
1586552400000;2.297;2.318;2.291;2.295;36975.681
1586556000000;2.295;2.311;2.282;2.307;69333.663
1586559600000;2.306;2.309;2.284;2.307;40168.338
1586563200000;2.308;2.328;2.302;2.325;61707.343
1586566800000;2.325;2.365;2.317;2.358;63855.023
1586570400000;2.358;2.367;2.333;2.36;49977.703
1586574000000;2.362;2.372;2.35;2.365;49524.496
1586577600000;2.368;2.383;2.353;2.361;77395.323
1586581200000;2.36;2.362;2.347;2.353;36309.161
1586584800000;2.355;2.373;2.355;2.369;45505.829
1586588400000;2.371;2.371;2.324;2.345;135709.882
1586592000000;2.345;2.346;2.322;2.327;38314.029
1586595600000;2.327;2.331;2.285;2.301;83622.417
1586599200000;2.301;2.308;2.291;2.293;39249.363
1586602800000;2.293;2.324;2.293;2.318;21570.633
1586606400000;2.319;2.324;2.299;2.304;25833.522
1586610000000;2.303;2.305;2.285;2.294;21402.627
1586613600000;2.292;2.292;2.261;2.265;72709.306
1586617200000;2.264;2.294;2.264;2.282;46801.895
1586620800000;2.282;2.306;2.252;2.271;68974.1
1586624400000;2.263;2.281;2.246;2.249;69217.292
1586628000000;2.251;2.283;2.245;2.276;52216.395
1586631600000;2.275;2.276;2.252;2.26;47578.469
1586635200000;2.255;2.257;2.231;2.247;38009.392
1586638800000;2.249;2.288;2.234;2.284;28324.918
1586642400000;2.284;2.307;2.273;2.29;40315.611
1586646000000;2.286;2.309;2.271;2.306;23776.261
1586649600000;2.303;2.321;2.292;2.295;37085.65
1586653200000;2.295;2.3;2.279;2.283;24336.384
1586656800000;2.282;2.284;2.26;2.274;26948.129
1586660400000;2.271;2.274;2.259;2.262;8204.497
1586664000000;2.263;2.265;2.247;2.251;35324.584
1586667600000;2.25;2.271;2.25;2.268;31932.107
1586671200000;2.271;2.279;2.264;2.27;27419.2
1586674800000;2.27;2.278;2.26;2.278;11147.838
1586678400000;2.275;2.294;2.275;2.285;17103.037
1586682000000;2.287;2.31;2.287;2.293;42219.548
1586685600000;2.295;2.296;2.272;2.273;37626.888
1586689200000;2.272;2.303;2.272;2.287;27240.583
1586692800000;2.29;2.324;2.29;2.316;70118.641
1586696400000;2.319;2.323;2.3;2.321;23578.342
1586700000000;2.321;2.351;2.314;2.334;97595.198
1586703600000;2.334;2.36;2.333;2.355;23994.375
1586707200000;2.36;2.4;2.353;2.4;101993.521
1586710800000;2.399;2.401;2.339;2.359;78068.643
1586714400000;2.359;2.368;2.341;2.356;20223.739
1586718000000;2.357;2.376;2.355;2.365;22427.486
1586721600000;2.365;2.38;2.348;2.358;33338.634
1586725200000;2.358;2.371;2.35;2.364;17462.962
1586728800000;2.365;2.376;2.317;2.347;111420.894
1586732400000;2.348;2.352;2.292;2.299;43078.582
1586736000000;2.296;2.296;2.171;2.229;248285.63
1586739600000;2.227;2.241;2.192;2.211;59686.392
1586743200000;2.208;2.219;2.187;2.215;38441.252
1586746800000;2.214;2.214;2.196;2.2;20805.961
1586750400000;2.194;2.209;2.186;2.205;37898.016
1586754000000;2.204;2.21;2.198;2.2;35281.988
1586757600000;2.201;2.227;2.197;2.227;21602.85
1586761200000;2.229;2.229;2.203;2.206;27667.644
1586764800000;2.204;2.217;2.198;2.21;27584.772
1586768400000;2.21;2.211;2.18;2.192;35911.845
1586772000000;2.192;2.221;2.192;2.216;25104.352
1586775600000;2.219;2.255;2.206;2.221;80987.3
1586779200000;2.22;2.224;2.182;2.217;88263.98
1586782800000;2.217;2.217;2.175;2.182;26245.7
1586786400000;2.178;2.23;2.175;2.208;37950.945
1586790000000;2.203;2.237;2.202;2.218;40342.957
1586793600000;2.219;2.232;2.208;2.218;23953.867
1586797200000;2.22;2.229;2.215;2.221;8063.572
1586800800000;2.218;2.227;2.218;2.22;21088.723
1586804400000;2.223;2.249;2.222;2.244;23491.413
1586808000000;2.244;2.279;2.244;2.261;69940.504
1586811600000;2.264;2.287;2.246;2.247;51782.285
1586815200000;2.247;2.278;2.236;2.267;50993.437
1586818800000;2.272;2.274;2.252;2.259;18793.924
1586822400000;2.26;2.287;2.259;2.275;43670.991
1586826000000;2.277;2.278;2.267;2.274;16976.55
1586829600000;2.278;2.294;2.278;2.286;35024.318
1586833200000;2.284;2.296;2.271;2.291;21408.959
1586836800000;2.292;2.323;2.292;2.3;64955.31
1586840400000;2.3;2.311;2.289;2.292;35456.399
1586844000000;2.293;2.293;2.271;2.274;60729.622
1586847600000;2.275;2.288;2.241;2.252;65951.923
1586851200000;2.252;2.253;2.22;2.241;66034.34
1586854800000;2.243;2.272;2.234;2.268;38434.436
1586858400000;2.265;2.297;2.26;2.266;134594.598
1586862000000;2.266;2.295;2.263;2.286;42932.461
1586865600000;2.282;2.379;2.27;2.362;294906.241
1586869200000;2.363;2.408;2.35;2.38;352559.466
1586872800000;2.38;2.406;2.355;2.36;154680.18
1586876400000;2.364;2.405;2.352;2.39;96104.648
1586880000000;2.39;2.446;2.376;2.413;188504.976
1586883600000;2.416;2.435;2.388;2.392;59005.519
1586887200000;2.394;2.412;2.383;2.391;39165.958
1586890800000;2.391;2.392;2.371;2.39;49849.927
1586894400000;2.389;2.389;2.36;2.366;41287.121
1586898000000;2.366;2.371;2.357;2.359;32507.198
1586901600000;2.359;2.385;2.352;2.379;34113.687
1586905200000;2.375;2.377;2.35;2.361;52560.172
1586908800000;2.358;2.365;2.334;2.36;70133.421
1586912400000;2.361;2.408;2.358;2.404;75975.699
1586916000000;2.404;2.427;2.397;2.409;70613.174
1586919600000;2.411;2.431;2.403;2.428;34120.463
1586923200000;2.429;2.435;2.386;2.39;38022.542
1586926800000;2.39;2.422;2.389;2.42;24193.599
1586930400000;2.419;2.422;2.398;2.4;29624.312
1586934000000;2.401;2.403;2.39;2.392;35135.397
1586937600000;2.39;2.403;2.346;2.354;119136.627
1586941200000;2.353;2.374;2.344;2.368;46613.127
1586944800000;2.368;2.386;2.334;2.345;74982.656
1586948400000;2.343;2.375;2.336;2.365;70942.499
1586952000000;2.366;2.366;2.295;2.299;146808.447
1586955600000;2.301;2.342;2.291;2.326;62938.321
1586959200000;2.327;2.354;2.327;2.336;71257.116
1586962800000;2.334;2.338;2.311;2.316;46237.49
1586966400000;2.316;2.346;2.304;2.342;22312.865
1586970000000;2.342;2.362;2.338;2.352;22563.444
1586973600000;2.352;2.375;2.352;2.356;40763.734
1586977200000;2.352;2.352;2.342;2.343;13142.659
1586980800000;2.342;2.358;2.339;2.354;7408.841
1586984400000;2.357;2.364;2.336;2.342;10533.38
1586988000000;2.341;2.342;2.311;2.316;34256.046
1586991600000;2.316;2.317;2.265;2.27;69501.403
1586995200000;2.27;2.27;2.19;2.232;112807.185
1586998800000;2.232;2.265;2.221;2.248;34595.173
1587002400000;2.252;2.252;2.228;2.246;36635.796
1587006000000;2.246;2.257;2.221;2.257;24584.596
1587009600000;2.257;2.267;2.25;2.251;28401.457
1587013200000;2.252;2.266;2.252;2.264;20650.704
1587016800000;2.264;2.302;2.262;2.301;41261.644
1587020400000;2.302;2.404;2.301;2.359;199007.634
1587024000000;2.362;2.442;2.351;2.396;167610.383
1587027600000;2.4;2.421;2.386;2.39;60090.768
1587031200000;2.39;2.405;2.36;2.371;87211.443
1587034800000;2.374;2.407;2.369;2.397;32727.376
1587038400000;2.399;2.414;2.375;2.402;55552.529
1587042000000;2.404;2.412;2.371;2.378;46643.145
1587045600000;2.375;2.387;2.367;2.385;42112.974
1587049200000;2.385;2.4;2.376;2.396;26588.314
1587052800000;2.399;2.409;2.356;2.383;99437.356
1587056400000;2.379;2.389;2.371;2.379;26169.055
1587060000000;2.377;2.394;2.368;2.386;32638.389
1587063600000;2.384;2.414;2.382;2.404;20850.78
1587067200000;2.407;2.407;2.371;2.395;24348.481
1587070800000;2.392;2.409;2.391;2.402;18324.413
1587074400000;2.403;2.44;2.402;2.436;69652.76
1587078000000;2.44;2.45;2.401;2.422;56677.513
1587081600000;2.419;2.431;2.386;2.401;44818.255
1587085200000;2.398;2.43;2.397;2.426;33403.66
1587088800000;2.416;2.417;2.389;2.393;25715.735
1587092400000;2.391;2.402;2.381;2.399;21082.492
1587096000000;2.399;2.399;2.361;2.369;32173.431
1587099600000;2.367;2.39;2.362;2.383;28875.417
1587103200000;2.382;2.382;2.363;2.374;37459.579
1587106800000;2.374;2.38;2.364;2.376;44605.141
1587110400000;2.375;2.394;2.371;2.388;20830.92
1587114000000;2.388;2.413;2.388;2.405;37847.437
1587117600000;2.402;2.409;2.386;2.395;54577.671
1587121200000;2.393;2.404;2.37;2.376;56173.422
1587124800000;2.374;2.388;2.372;2.388;16618.005
1587128400000;2.386;2.386;2.351;2.369;47234.64
1587132000000;2.369;2.373;2.355;2.36;31055.503
1587135600000;2.356;2.375;2.356;2.371;13624.387
1587139200000;2.371;2.392;2.371;2.391;24166.753
1587142800000;2.391;2.395;2.386;2.389;14414.961
1587146400000;2.389;2.397;2.384;2.396;18513.312
1587150000000;2.394;2.407;2.39;2.4;27770.517
1587153600000;2.404;2.406;2.394;2.397;11215.101
1587157200000;2.398;2.403;2.387;2.389;3960.697
1587160800000;2.39;2.393;2.384;2.387;8138.062
1587164400000;2.389;2.418;2.362;2.367;45472.121
1587168000000;2.369;2.395;2.367;2.391;27105.153
1587171600000;2.391;2.399;2.384;2.395;11116.955
1587175200000;2.396;2.41;2.393;2.403;25320.034
1587178800000;2.401;2.41;2.399;2.408;17812.377
1587182400000;2.408;2.416;2.408;2.408;30220.543
1587186000000;2.408;2.42;2.405;2.413;16175.253
1587189600000;2.414;2.42;2.411;2.415;10102.187
1587193200000;2.412;2.412;2.404;2.407;4782.622
1587196800000;2.405;2.41;2.402;2.405;4950.497
1587200400000;2.405;2.412;2.403;2.409;23208.825
1587204000000;2.407;2.408;2.381;2.395;41697.065
1587207600000;2.395;2.417;2.383;2.41;37600.014
1587211200000;2.41;2.423;2.402;2.411;42105.102
1587214800000;2.418;2.475;2.413;2.462;121356.661
1587218400000;2.463;2.476;2.454;2.463;86645.996
1587222000000;2.463;2.489;2.457;2.484;44786.82
1587225600000;2.485;2.49;2.443;2.463;80219.464
1587229200000;2.464;2.467;2.443;2.445;19167.03
1587232800000;2.444;2.48;2.441;2.459;154681.785
1587236400000;2.46;2.474;2.459;2.473;26109.495
1587240000000;2.473;2.48;2.462;2.47;20552.52
1587243600000;2.472;2.49;2.471;2.481;26558.368
1587247200000;2.48;2.513;2.48;2.501;53656.61
1587250800000;2.5;2.523;2.491;2.509;53393.675
1587254400000;2.51;2.512;2.475;2.49;37746.976
1587258000000;2.487;2.494;2.48;2.491;8672.96
1587261600000;2.488;2.52;2.488;2.513;29461.952
1587265200000;2.513;2.528;2.504;2.523;35893.892
1587268800000;2.523;2.543;2.518;2.531;49480.457
1587272400000;2.53;2.531;2.465;2.465;53745.733
1587276000000;2.465;2.5;2.462;2.476;60319.813
1587279600000;2.478;2.486;2.467;2.476;21609.967
1587283200000;2.471;2.473;2.458;2.467;91469.364
1587286800000;2.467;2.495;2.456;2.487;42626.525
1587290400000;2.49;2.497;2.48;2.487;16650.85
1587294000000;2.487;2.49;2.469;2.49;14740.205
1587297600000;2.491;2.491;2.473;2.476;39728.7
1587301200000;2.476;2.477;2.403;2.422;126376.841
1587304800000;2.42;2.424;2.386;2.421;71043.821
1587308400000;2.42;2.43;2.401;2.412;50233.592
1587312000000;2.41;2.421;2.39;2.415;66904.039
1587315600000;2.415;2.444;2.41;2.437;74239.481
1587319200000;2.438;2.445;2.43;2.437;57146.683
1587322800000;2.438;2.444;2.406;2.409;54688.727
1587326400000;2.408;2.412;2.402;2.405;34608.043
1587330000000;2.407;2.434;2.407;2.429;63854.739
1587333600000;2.428;2.429;2.4;2.406;61308.201
1587337200000;2.407;2.41;2.373;2.382;83197.275
1587340800000;2.381;2.42;2.369;2.412;67840.675
1587344400000;2.412;2.414;2.397;2.408;29506.92
1587348000000;2.408;2.42;2.396;2.416;55862.436
1587351600000;2.416;2.421;2.409;2.417;46273.298
1587355200000;2.417;2.443;2.416;2.43;142831.585
1587358800000;2.43;2.433;2.414;2.423;65838.854
1587362400000;2.424;2.427;2.414;2.419;58278.611
1587366000000;2.42;2.431;2.415;2.431;47220.218
1587369600000;2.431;2.432;2.393;2.402;47062.713
1587373200000;2.404;2.406;2.389;2.397;28654.363
1587376800000;2.399;2.399;2.353;2.376;70072.24
1587380400000;2.373;2.377;2.321;2.321;156997.162
1587384000000;2.323;2.376;2.29;2.364;217168.889
1587387600000;2.368;2.374;2.339;2.358;79301.597
1587391200000;2.358;2.39;2.349;2.386;111296.117
1587394800000;2.386;2.394;2.376;2.387;55182.907
1587398400000;2.386;2.398;2.367;2.373;42508.824
1587402000000;2.369;2.369;2.305;2.316;99787.992
1587405600000;2.316;2.343;2.295;2.317;96945.01
1587409200000;2.318;2.322;2.262;2.266;99381.083
1587412800000;2.266;2.296;2.259;2.295;62260.867
1587416400000;2.297;2.306;2.278;2.284;16653.577
1587420000000;2.28;2.304;2.28;2.3;20290.67
1587423600000;2.302;2.304;2.268;2.271;26517.967
1587427200000;2.271;2.325;2.264;2.31;43111.892
1587430800000;2.31;2.32;2.289;2.293;27547.772
1587434400000;2.295;2.297;2.268;2.274;33862.877
1587438000000;2.274;2.285;2.27;2.273;17981.385
1587441600000;2.274;2.29;2.268;2.285;74733.333
1587445200000;2.285;2.313;2.284;2.31;22381.931
1587448800000;2.313;2.319;2.304;2.306;32807.792
1587452400000;2.306;2.31;2.299;2.309;24290.765
1587456000000;2.312;2.312;2.289;2.293;24235.71
1587459600000;2.295;2.299;2.254;2.285;44948.877
1587463200000;2.284;2.29;2.269;2.27;26206.206
1587466800000;2.276;2.289;2.263;2.267;93741.295
1587470400000;2.265;2.281;2.264;2.27;63803.14
1587474000000;2.274;2.281;2.257;2.27;40246.909
1587477600000;2.271;2.299;2.268;2.277;35909.851
1587481200000;2.274;2.279;2.259;2.274;30015.842
1587484800000;2.272;2.288;2.267;2.281;42240.218
1587488400000;2.281;2.296;2.254;2.29;89567.014
1587492000000;2.289;2.298;2.283;2.284;31805.125
1587495600000;2.286;2.296;2.282;2.287;19908.382
1587499200000;2.284;2.294;2.28;2.292;16060.496
1587502800000;2.291;2.301;2.289;2.293;12288.794
1587506400000;2.295;2.298;2.288;2.293;7671.19
1587510000000;2.294;2.294;2.268;2.271;11688.201
1587513600000;2.27;2.278;2.263;2.27;20446.958
1587517200000;2.27;2.271;2.26;2.271;12935.391
1587520800000;2.273;2.288;2.269;2.281;22819.786
1587524400000;2.281;2.283;2.272;2.274;10835.194
1587528000000;2.275;2.282;2.27;2.278;10344.353
1587531600000;2.277;2.303;2.273;2.297;20134.258
1587535200000;2.297;2.306;2.288;2.306;13954.154
1587538800000;2.306;2.318;2.301;2.311;23055.997
1587542400000;2.311;2.316;2.306;2.314;18761.376
1587546000000;2.315;2.325;2.311;2.319;22939.969
1587549600000;2.319;2.32;2.312;2.314;9605.493
1587553200000;2.314;2.33;2.314;2.326;34835.755
1587556800000;2.33;2.336;2.32;2.334;21179.937
1587560400000;2.333;2.38;2.331;2.376;70718.514
1587564000000;2.379;2.4;2.374;2.382;62362.582
1587567600000;2.382;2.39;2.372;2.388;32150.793
1587571200000;2.389;2.413;2.382;2.399;62368.991
1587574800000;2.398;2.4;2.374;2.38;44703.581
1587578400000;2.38;2.387;2.377;2.381;21679.445
1587582000000;2.38;2.392;2.379;2.382;24595.421
1587585600000;2.382;2.391;2.38;2.391;12201.752
1587589200000;2.393;2.398;2.38;2.382;12629.924
1587592800000;2.381;2.387;2.376;2.385;26822.456
1587596400000;2.385;2.393;2.385;2.388;16596.939
1587600000000;2.39;2.397;2.376;2.384;27595.519
1587603600000;2.384;2.405;2.381;2.402;37204.622
1587607200000;2.402;2.408;2.391;2.392;29500.78
1587610800000;2.389;2.395;2.378;2.381;22763.21
1587614400000;2.378;2.383;2.371;2.38;18941.828
1587618000000;2.38;2.386;2.375;2.377;16119.332
1587621600000;2.373;2.373;2.332;2.337;68656.784
1587625200000;2.334;2.347;2.334;2.343;12799.036
1587628800000;2.341;2.349;2.33;2.347;33991.6
1587632400000;2.346;2.356;2.338;2.354;21045.411
1587636000000;2.354;2.362;2.346;2.35;16339.91
1587639600000;2.348;2.378;2.34;2.376;49760.519
1587643200000;2.374;2.389;2.368;2.378;36277.774
1587646800000;2.378;2.407;2.367;2.399;84757.43
1587650400000;2.404;2.498;2.404;2.446;206799.198
1587654000000;2.446;2.464;2.434;2.459;78617.333
1587657600000;2.459;2.478;2.413;2.436;122571.17
1587661200000;2.436;2.462;2.436;2.458;81260.025
1587664800000;2.461;2.467;2.45;2.463;23344.742
1587668400000;2.465;2.494;2.464;2.487;84606.843
1587672000000;2.489;2.496;2.477;2.48;20439.299
1587675600000;2.479;2.489;2.472;2.484;48145.907
1587679200000;2.484;2.485;2.469;2.469;23333.602
1587682800000;2.47;2.472;2.403;2.427;51720.461
1587686400000;2.424;2.442;2.42;2.435;39957.799
1587690000000;2.435;2.456;2.435;2.444;29879.485
1587693600000;2.444;2.47;2.443;2.467;47361.796
1587697200000;2.467;2.477;2.463;2.468;30506.656
1587700800000;2.471;2.488;2.471;2.485;107242.305
1587704400000;2.485;2.485;2.45;2.453;36213.986
1587708000000;2.451;2.47;2.448;2.468;20468.353
1587711600000;2.467;2.508;2.463;2.497;88026.78
1587715200000;2.498;2.609;2.48;2.606;363444.417
1587718800000;2.606;2.627;2.605;2.617;275177.468
1587722400000;2.613;2.617;2.562;2.573;136749.648
1587726000000;2.569;2.572;2.53;2.533;143911.007
1587729600000;2.53;2.585;2.515;2.585;160776.121
1587733200000;2.585;2.599;2.541;2.562;152488.238
1587736800000;2.561;2.591;2.523;2.578;176388.439
1587740400000;2.583;2.62;2.578;2.618;161835.591
1587744000000;2.62;2.682;2.619;2.666;237347.659
1587747600000;2.667;2.8;2.661;2.786;599094.051
1587751200000;2.789;2.805;2.725;2.745;258972.924
1587754800000;2.746;2.777;2.707;2.756;167850.998
1587758400000;2.755;2.766;2.721;2.725;102404.373
1587762000000;2.726;2.775;2.723;2.765;86657.352
1587765600000;2.767;2.801;2.733;2.74;204745.423
1587769200000;2.742;2.759;2.722;2.748;86514.298
1587772800000;2.748;2.756;2.668;2.685;100133.503
1587776400000;2.685;2.715;2.672;2.705;87975.134
1587787200000;2.706;2.737;2.705;2.735;29589.44
1587790800000;2.735;2.787;2.731;2.772;199433.182
1587794400000;2.773;2.803;2.746;2.799;151253.906
1587798000000;2.799;2.812;2.77;2.783;267927.09
1587801600000;2.782;2.882;2.767;2.856;409838.734
1587805200000;2.857;2.858;2.812;2.854;155812.552
1587808800000;2.851;2.876;2.82;2.871;195906.665
1587812400000;2.872;2.875;2.816;2.839;155033.425
1587816000000;2.837;2.871;2.832;2.866;72307.317
1587819600000;2.866;2.885;2.866;2.88;121889.556
1587823200000;2.878;2.899;2.85;2.889;219386.511
1587826800000;2.889;2.962;2.842;2.846;325119.334
1587830400000;2.848;2.901;2.801;2.89;276329.425
1587834000000;2.89;2.896;2.854;2.87;93412.349
1587837600000;2.872;2.873;2.85;2.859;55203.167
1587841200000;2.862;2.868;2.852;2.859;37578.444
1587844800000;2.862;2.884;2.861;2.879;31327.788
1587848400000;2.873;2.875;2.845;2.857;64617.222
1587852000000;2.857;2.882;2.851;2.864;58511.718
1587855600000;2.864;2.874;2.838;2.871;81837.603
1587859200000;2.869;2.901;2.858;2.9;58940.361
1587862800000;2.901;2.902;2.867;2.873;59164.659
1587866400000;2.866;2.879;2.86;2.87;63439.921
1587870000000;2.873;2.873;2.85;2.858;45260.319
1587873600000;2.858;2.859;2.81;2.839;78556.008
1587877200000;2.836;2.836;2.757;2.797;222774.523
1587880800000;2.795;2.823;2.793;2.814;47782.607
1587884400000;2.814;2.826;2.809;2.812;17646.76
1587888000000;2.812;2.814;2.775;2.787;118761.547
1587891600000;2.787;2.832;2.787;2.822;64375.583
1587895200000;2.819;2.847;2.817;2.846;62877.332
1587898800000;2.846;2.846;2.812;2.846;76807.798
1587902400000;2.847;2.883;2.838;2.874;67122.256
1587906000000;2.874;2.898;2.859;2.883;59421.61
1587909600000;2.883;2.893;2.835;2.838;71950.744
1587913200000;2.836;2.837;2.771;2.791;116395.458
1587916800000;2.793;2.822;2.786;2.814;33610.588
1587920400000;2.814;2.82;2.801;2.812;36696.655
1587924000000;2.815;2.828;2.813;2.824;30391.921
1587927600000;2.824;2.828;2.813;2.826;15837.831
1587931200000;2.826;2.828;2.811;2.822;18227.159
1587934800000;2.824;2.825;2.79;2.795;42403.675
1587938400000;2.797;2.802;2.77;2.774;37863.416
1587942000000;2.774;2.809;2.771;2.808;67535.217
1587945600000;2.808;2.82;2.79;2.82;74630.838
1587949200000;2.82;2.834;2.765;2.806;85678.031
1587952800000;2.804;2.818;2.803;2.818;13211.836
1587956400000;2.819;2.823;2.809;2.813;18346.754
1587960000000;2.81;2.81;2.784;2.793;46792.435
1587963600000;2.793;2.794;2.742;2.754;50226.81
1587967200000;2.757;2.775;2.725;2.728;60509.037
1587970800000;2.724;2.744;2.714;2.739;40008.765
1587974400000;2.739;2.755;2.736;2.747;28208.868
1587978000000;2.746;2.749;2.726;2.737;45060.109
1587981600000;2.737;2.745;2.731;2.741;24450.529
1587985200000;2.742;2.786;2.74;2.775;64894.459
1587988800000;2.777;2.78;2.745;2.75;28190.182
1587992400000;2.753;2.756;2.693;2.726;39236.963
1587996000000;2.724;2.726;2.651;2.679;85076.328
1587999600000;2.679;2.686;2.672;2.678;28726.184
1588003200000;2.677;2.701;2.664;2.693;39279.291
1588006800000;2.693;2.695;2.676;2.68;22950.347
1588010400000;2.682;2.71;2.678;2.707;32086.518
1588014000000;2.708;2.717;2.701;2.71;22043.902
1588017600000;2.71;2.724;2.709;2.72;18504.891
1588021200000;2.72;2.742;2.716;2.73;31043.847
1588024800000;2.73;2.759;2.728;2.755;39876.338
1588028400000;2.759;2.77;2.751;2.767;23816.369
1588032000000;2.767;2.768;2.746;2.752;38279.784
1588035600000;2.752;2.754;2.735;2.736;26663.531
1588039200000;2.735;2.737;2.711;2.73;27605.78
1588042800000;2.73;2.743;2.724;2.741;9719.477
1588046400000;2.744;2.749;2.706;2.73;28199.324
1588050000000;2.73;2.739;2.722;2.731;21435.418
1588053600000;2.73;2.737;2.72;2.737;32719.641
1588057200000;2.734;2.803;2.727;2.791;134934.891
1588060800000;2.791;2.798;2.76;2.763;77014.096
1588064400000;2.763;2.821;2.763;2.795;117045.015
1588068000000;2.795;2.825;2.785;2.824;49701.279
1588071600000;2.824;2.84;2.817;2.823;104126.269
1588075200000;2.825;2.848;2.807;2.845;50937.545
1588078800000;2.845;2.85;2.815;2.82;55901.179
1588082400000;2.818;2.82;2.763;2.767;89681.837
1588086000000;2.765;2.788;2.749;2.78;74213.614
1588089600000;2.78;2.808;2.776;2.789;29993.963
1588093200000;2.789;2.8;2.781;2.795;17423.389
1588096800000;2.795;2.813;2.795;2.804;44237.119
1588100400000;2.805;2.812;2.785;2.785;20659.017
1588104000000;2.786;2.797;2.782;2.795;16395.945
1588107600000;2.795;2.795;2.784;2.788;15822.077
1588111200000;2.786;2.79;2.77;2.786;43969.644
1588114800000;2.79;2.804;2.787;2.793;28789.126
1588118400000;2.795;2.811;2.793;2.808;20086.79
1588122000000;2.808;2.823;2.802;2.822;41763.844
1588125600000;2.822;2.84;2.808;2.833;55687.622
1588129200000;2.833;2.836;2.811;2.813;32559.147
1588132800000;2.815;2.821;2.807;2.818;20743.997
1588136400000;2.818;2.829;2.812;2.821;32956.429
1588140000000;2.822;2.838;2.81;2.817;108788.704
1588143600000;2.818;2.825;2.783;2.801;77067.696
1588147200000;2.804;2.805;2.79;2.793;52739.585
1588150800000;2.793;2.838;2.792;2.835;56609.2
1588154400000;2.835;2.85;2.824;2.846;94516.807
1588158000000;2.848;2.89;2.846;2.857;125951.348
1588161600000;2.857;2.897;2.857;2.892;78240.022
1588165200000;2.89;2.908;2.844;2.864;141396.997
1588168800000;2.866;2.891;2.858;2.888;46827.8
1588172400000;2.888;2.897;2.862;2.889;36098.256
1588176000000;2.89;2.947;2.883;2.898;160708.517
1588179600000;2.895;2.947;2.887;2.895;177217.767
1588183200000;2.895;2.9;2.85;2.888;108294.705
1588186800000;2.888;2.941;2.888;2.937;77476.919
1588190400000;2.937;2.985;2.931;2.982;117016.163
1588194000000;2.982;2.986;2.946;2.955;71382.372
1588197600000;2.951;2.953;2.902;2.923;72381.779
1588201200000;2.923;2.938;2.918;2.929;25891.718
1588204800000;2.93;2.976;2.92;2.973;40966.314
1588208400000;2.973;3.028;2.96;2.976;177135.542
1588212000000;2.976;3.032;2.964;3.013;89378.782
1588215600000;3.014;3.028;2.986;3.025;87677.703
1588219200000;3.019;3.026;2.973;3.019;176933.815
1588222800000;3.021;3.077;3.021;3.069;95359.032
1588226400000;3.065;3.072;3.006;3.006;111568.835
1588230000000;3.006;3.008;2.937;2.97;163262.442
1588233600000;2.971;2.977;2.924;2.936;110645.084
1588237200000;2.934;2.935;2.8;2.816;316377.994
1588240800000;2.811;2.863;2.695;2.86;286146.537
1588244400000;2.86;2.874;2.831;2.833;80895.082
1588248000000;2.833;2.852;2.784;2.798;196884.714
1588251600000;2.801;2.842;2.784;2.833;84128.379
1588255200000;2.833;2.845;2.817;2.836;81059.517
1588258800000;2.834;2.845;2.795;2.811;62416.508
1588262400000;2.811;2.826;2.759;2.79;62477.736
1588266000000;2.791;2.797;2.699;2.73;136599.027
1588269600000;2.728;2.784;2.728;2.761;82533.567
1588273200000;2.761;2.798;2.759;2.777;51632.1
1588276800000;2.774;2.799;2.751;2.789;58942.521
1588280400000;2.789;2.798;2.78;2.784;40986.583
1588284000000;2.785;2.795;2.766;2.789;40975.019
1588287600000;2.79;2.793;2.721;2.734;59780.874
1588291200000;2.733;2.779;2.732;2.776;57594.934
1588294800000;2.773;2.788;2.766;2.767;32733.79
1588298400000;2.768;2.791;2.768;2.79;13817.075
1588302000000;2.788;2.82;2.777;2.819;47362.438
1588305600000;2.818;2.877;2.815;2.866;57069.039
1588309200000;2.865;2.895;2.857;2.86;56518.517
1588312800000;2.86;2.877;2.838;2.851;51752.768
1588316400000;2.854;2.883;2.85;2.88;27659.844
1588320000000;2.881;2.9;2.863;2.897;36969.617
1588323600000;2.897;2.933;2.897;2.917;91346.972
1588327200000;2.918;2.922;2.873;2.915;153126.867
1588330800000;2.914;2.914;2.864;2.871;94002.095
1588334400000;2.871;2.886;2.842;2.872;78052.376
1588338000000;2.872;2.873;2.826;2.833;41578.474
1588341600000;2.837;2.86;2.822;2.854;68728.151
1588345200000;2.852;2.861;2.826;2.826;22407.368
1588348800000;2.825;2.84;2.812;2.825;29418.609
1588352400000;2.825;2.868;2.825;2.868;34797.31
1588356000000;2.866;2.887;2.849;2.854;49183.088
1588359600000;2.85;2.851;2.824;2.826;18302.079
1588363200000;2.825;2.844;2.816;2.841;35946.169
1588366800000;2.843;2.862;2.841;2.86;9576.747
1588370400000;2.856;2.858;2.837;2.841;24366.882
1588374000000;2.839;2.847;2.825;2.828;50531.044
1588377600000;2.828;2.841;2.82;2.834;29601.431
1588381200000;2.833;2.834;2.816;2.818;21283.251
1588384800000;2.82;2.844;2.816;2.839;12606.399
1588388400000;2.84;2.846;2.828;2.838;11887.459
1588392000000;2.836;2.845;2.828;2.834;8886.835
1588395600000;2.833;2.84;2.826;2.838;6606.52
1588399200000;2.84;2.844;2.829;2.834;14043.902
1588402800000;2.834;2.836;2.797;2.801;38448.297
1588406400000;2.801;2.813;2.797;2.805;33514.149
1588410000000;2.806;2.829;2.805;2.826;14977.099
1588413600000;2.829;2.844;2.829;2.839;18050.291
1588417200000;2.839;2.859;2.839;2.845;30741.4
1588420800000;2.845;2.868;2.844;2.849;22866.4
1588424400000;2.849;2.857;2.843;2.854;28754.171
1588428000000;2.856;2.866;2.85;2.859;19860.3
1588431600000;2.858;2.869;2.838;2.856;60182.749
1588435200000;2.856;2.896;2.855;2.878;55238.716
1588438800000;2.88;2.897;2.876;2.896;32418.68
1588442400000;2.896;2.897;2.833;2.858;64543.896
1588446000000;2.863;2.874;2.848;2.873;17132.886
1588449600000;2.869;2.888;2.866;2.887;23041.132
1588453200000;2.885;2.887;2.874;2.883;9985.194
1588456800000;2.883;2.889;2.867;2.885;23013.128
1588460400000;2.885;2.888;2.864;2.873;15193.466
1588464000000;2.873;2.909;2.867;2.891;51708.878
1588467600000;2.892;2.902;2.884;2.893;28878.609
1588471200000;2.893;2.899;2.875;2.875;37505.005
1588474800000;2.877;2.907;2.866;2.897;72322.007
1588478400000;2.899;2.903;2.874;2.874;35721.049
1588482000000;2.877;2.877;2.845;2.85;31650.461
1588485600000;2.847;2.871;2.806;2.855;85630.895
1588489200000;2.855;2.863;2.85;2.853;12565.909
1588492800000;2.854;2.87;2.85;2.858;19725.43
1588496400000;2.858;2.871;2.854;2.855;30553.869
1588500000000;2.856;2.86;2.842;2.848;32273.342
1588503600000;2.847;2.865;2.844;2.854;27249.185
1588507200000;2.853;2.853;2.801;2.834;34734.921
1588510800000;2.831;2.836;2.804;2.828;33596.796
1588514400000;2.828;2.83;2.746;2.761;96220.478
1588518000000;2.761;2.81;2.73;2.781;56865.762
1588521600000;2.777;2.809;2.759;2.805;20663.535
1588525200000;2.798;2.814;2.75;2.767;32270.868
1588528800000;2.765;2.787;2.757;2.771;17775.561
1588532400000;2.775;2.786;2.771;2.778;4504.295
1588536000000;2.779;2.779;2.76;2.775;11904.975
1588539600000;2.771;2.801;2.768;2.787;11364.116
1588543200000;2.787;2.82;2.781;2.79;39161.966
1588546800000;2.789;2.789;2.757;2.774;24246.675
1588550400000;2.777;2.803;2.739;2.749;29056.871
1588554000000;2.749;2.76;2.648;2.671;128375.801
1588557600000;2.675;2.706;2.664;2.68;86066.476
1588561200000;2.682;2.696;2.672;2.686;17127.396
1588564800000;2.683;2.686;2.607;2.613;131778.586
1588568400000;2.61;2.634;2.57;2.624;135620.917
1588572000000;2.626;2.648;2.622;2.646;43053.232
1588575600000;2.643;2.647;2.619;2.645;19626.137
1588579200000;2.645;2.686;2.643;2.664;67604.009
1588582800000;2.665;2.667;2.603;2.605;72955.09
1588586400000;2.607;2.635;2.596;2.608;72477.873
1588590000000;2.614;2.662;2.596;2.652;57164.138
1588593600000;2.651;2.74;2.637;2.705;125998.769
1588597200000;2.705;2.792;2.703;2.778;64845.742
1588600800000;2.781;2.801;2.725;2.736;85343.489
1588604400000;2.735;2.789;2.734;2.781;68522.578
1588608000000;2.783;2.792;2.726;2.747;32468.309
1588611600000;2.748;2.753;2.69;2.727;51469.776
1588615200000;2.732;2.767;2.73;2.745;20932.501
1588618800000;2.743;2.762;2.732;2.742;19786.343
1588622400000;2.748;2.769;2.748;2.756;34149.37
1588626000000;2.763;2.768;2.751;2.768;12764.507
1588629600000;2.767;2.782;2.758;2.76;16533.712
1588633200000;2.762;2.775;2.748;2.761;20270.163
1588636800000;2.761;2.782;2.754;2.779;47223.294
1588640400000;2.782;2.787;2.757;2.785;45351.77
1588644000000;2.785;2.786;2.745;2.762;14384.71
1588647600000;2.753;2.756;2.709;2.745;110245.95
1588651200000;2.748;2.784;2.748;2.756;57107.31
1588654800000;2.758;2.774;2.746;2.747;39097.62
1588658400000;2.752;2.768;2.741;2.76;12795.735
1588662000000;2.761;2.775;2.744;2.745;32225.583
1588665600000;2.743;2.767;2.74;2.753;20697.357
1588669200000;2.756;2.773;2.736;2.744;82307.267
1588672800000;2.738;2.739;2.655;2.691;134344.838
1588676400000;2.692;2.726;2.683;2.685;99184.433
1588680000000;2.682;2.698;2.677;2.698;33032.849
1588683600000;2.698;2.728;2.686;2.707;88341.007
1588687200000;2.709;2.709;2.669;2.697;78352.964
1588690800000;2.694;2.704;2.669;2.678;73101.386
1588694400000;2.68;2.694;2.671;2.69;25030.295
1588698000000;2.69;2.708;2.682;2.694;20292.384
1588701600000;2.69;2.7;2.686;2.695;6003.475
1588705200000;2.692;2.703;2.682;2.696;13931.177
1588708800000;2.696;2.708;2.69;2.698;21168.569
1588712400000;2.698;2.714;2.698;2.703;18745.231
1588716000000;2.703;2.709;2.686;2.701;25940.275
1588719600000;2.696;2.714;2.691;2.707;12792.909
1588723200000;2.708;2.71;2.654;2.667;42186.9
1588726800000;2.667;2.693;2.659;2.693;26912.227
1588730400000;2.69;2.692;2.675;2.69;6249.02
1588734000000;2.69;2.733;2.689;2.71;62735.555
1588737600000;2.711;2.75;2.711;2.739;56060.398
1588741200000;2.738;2.745;2.729;2.735;14707.656
1588744800000;2.737;2.748;2.735;2.742;27691.573
1588748400000;2.746;2.753;2.729;2.741;46405.035
1588752000000;2.742;2.76;2.736;2.743;37208.802
1588755600000;2.743;2.748;2.725;2.741;110163.866
1588759200000;2.745;2.764;2.736;2.75;91191.822
1588762800000;2.747;2.754;2.724;2.729;101092.751
1588766400000;2.731;2.739;2.693;2.7;101608.87
1588770000000;2.702;2.715;2.678;2.696;40414.493
1588773600000;2.696;2.71;2.69;2.701;36038.757
1588777200000;2.701;2.709;2.692;2.694;43317.386
1588780800000;2.694;2.703;2.681;2.701;56138.993
1588784400000;2.699;2.7;2.68;2.686;21169.294
1588788000000;2.686;2.686;2.667;2.681;24319.111
1588791600000;2.679;2.698;2.679;2.689;48848.162
1588795200000;2.689;2.695;2.677;2.693;15871.758
1588798800000;2.692;2.707;2.691;2.704;17840.996
1588802400000;2.706;2.708;2.69;2.702;26856.454
1588806000000;2.702;2.704;2.614;2.619;81948.856
1588809600000;2.627;2.665;2.6;2.653;102209.321
1588813200000;2.653;2.657;2.645;2.653;23664.863
1588816800000;2.653;2.705;2.646;2.676;43271.881
1588820400000;2.678;2.691;2.674;2.685;14987.887
1588824000000;2.687;2.704;2.675;2.682;53897.526
1588827600000;2.685;2.687;2.673;2.675;17365.602
1588831200000;2.677;2.684;2.645;2.649;23991.601
1588834800000;2.649;2.668;2.645;2.667;9994.483
1588838400000;2.667;2.697;2.658;2.69;33927.872
1588842000000;2.69;2.69;2.637;2.66;159334.383
1588845600000;2.659;2.659;2.64;2.643;26387.327
1588849200000;2.642;2.645;2.617;2.638;40517.129
1588852800000;2.636;2.684;2.629;2.66;63166.09
1588856400000;2.66;2.662;2.638;2.649;58778.874
1588860000000;2.652;2.66;2.647;2.651;29524.672
1588863600000;2.651;2.659;2.631;2.651;31487.298
1588867200000;2.649;2.657;2.634;2.644;30999.357
1588870800000;2.644;2.739;2.635;2.727;243703.922
1588874400000;2.727;2.8;2.718;2.751;299373.825
1588878000000;2.755;2.785;2.723;2.743;105037.633
1588881600000;2.744;2.777;2.727;2.733;60751.596
1588885200000;2.733;2.737;2.716;2.73;21504.509
1588888800000;2.729;2.744;2.725;2.74;23211.118
1588892400000;2.742;2.742;2.722;2.725;47036.397
1588896000000;2.728;2.798;2.725;2.796;94048.951
1588899600000;2.796;2.8;2.756;2.767;72363.145
1588903200000;2.767;2.77;2.742;2.753;44072.472
1588906800000;2.751;2.752;2.726;2.744;27909.803
1588910400000;2.746;2.747;2.72;2.73;13936.954
1588914000000;2.731;2.731;2.692;2.711;43770.497
1588917600000;2.708;2.708;2.675;2.688;55345.454
1588921200000;2.69;2.718;2.684;2.709;38738.789
1588924800000;2.712;2.731;2.71;2.724;43632.506
1588928400000;2.724;2.73;2.718;2.72;23246.4
1588932000000;2.719;2.742;2.716;2.732;31737.045
1588935600000;2.732;2.74;2.724;2.735;26672.337
1588939200000;2.734;2.737;2.721;2.731;55393.532
1588942800000;2.728;2.769;2.728;2.74;94919.495
1588946400000;2.739;2.75;2.735;2.74;47637.046
1588950000000;2.739;2.76;2.736;2.757;48167.443
1588953600000;2.76;2.843;2.756;2.84;199651.682
1588957200000;2.837;2.845;2.816;2.824;57999.078
1588960800000;2.826;2.84;2.798;2.799;70272.336
1588964400000;2.805;2.83;2.795;2.816;49246.845
1588968000000;2.816;2.827;2.801;2.824;42095.948
1588971600000;2.824;2.841;2.822;2.833;47187.938
1588975200000;2.835;2.855;2.812;2.814;91665.239
1588978800000;2.813;2.853;2.802;2.806;119967.131
1588982400000;2.805;2.84;2.775;2.834;88326.887
1588986000000;2.834;2.855;2.829;2.831;52282.077
1588989600000;2.836;2.848;2.818;2.823;37262.065
1588993200000;2.826;2.842;2.816;2.838;27108.299
1588996800000;2.839;2.852;2.788;2.8;41645.055
1589000400000;2.8;2.833;2.783;2.831;70532.983
1589004000000;2.831;2.837;2.8;2.808;57998.469
1589007600000;2.802;2.824;2.77;2.773;128510.929
1589011200000;2.773;2.801;2.773;2.788;29607.449
1589014800000;2.787;2.827;2.785;2.821;73856.658
1589018400000;2.818;2.843;2.811;2.823;105438.683
1589022000000;2.822;2.826;2.715;2.778;172065.178
1589025600000;2.772;2.792;2.753;2.78;56562.274
1589029200000;2.778;2.807;2.765;2.807;39973.792
1589032800000;2.803;2.809;2.79;2.808;16280.672
1589036400000;2.807;2.824;2.788;2.822;56676.441
1589040000000;2.823;2.853;2.815;2.825;122865.618
1589043600000;2.825;2.835;2.806;2.81;42355.924
1589047200000;2.808;2.813;2.781;2.79;23574.663
1589050800000;2.79;2.801;2.787;2.79;17208.287
1589054400000;2.793;2.804;2.781;2.789;49597.924
1589058000000;2.789;2.79;2.769;2.774;26859.645
1589061600000;2.772;2.782;2.741;2.756;58289.506
1589065200000;2.755;2.77;2.748;2.75;40723.189
1589068800000;2.75;2.75;2.324;2.564;429745.665
1589072400000;2.558;2.583;2.484;2.548;72215.001
1589076000000;2.549;2.55;2.495;2.496;90001.759
1589079600000;2.496;2.51;2.415;2.484;131355.551
1589083200000;2.479;2.502;2.454;2.5;103668.84
1589086800000;2.502;2.51;2.487;2.509;37097.957
1589090400000;2.509;2.518;2.495;2.5;45850.269
1589094000000;2.502;2.576;2.502;2.567;90945.839
1589097600000;2.561;2.586;2.552;2.569;46279.799
1589101200000;2.57;2.575;2.545;2.547;19482.36
1589104800000;2.547;2.582;2.53;2.576;17281.378
1589108400000;2.576;2.576;2.528;2.548;22719.381
1589112000000;2.548;2.549;2.531;2.534;19809.827
1589115600000;2.534;2.554;2.528;2.552;18529.656
1589119200000;2.555;2.555;2.498;2.51;27133.13
1589122800000;2.515;2.527;2.471;2.489;45279.594
1589126400000;2.488;2.496;2.35;2.352;174572.719
1589130000000;2.355;2.446;2.352;2.436;85928.699
1589133600000;2.44;2.452;2.401;2.424;41293.32
1589137200000;2.424;2.467;2.424;2.45;36798.851
1589140800000;2.449;2.527;2.449;2.479;58199.576
1589144400000;2.481;2.529;2.461;2.502;39614.674
1589148000000;2.504;2.52;2.496;2.507;27979.599
1589151600000;2.507;2.523;2.466;2.514;52625.418
1589155200000;2.508;2.558;2.506;2.536;37849.051
1589158800000;2.536;2.538;2.5;2.502;20859.466
1589162400000;2.505;2.523;2.494;2.518;9430.819
1589166000000;2.518;2.539;2.487;2.497;66876.722
1589169600000;2.494;2.502;2.468;2.474;28470.158
1589173200000;2.469;2.51;2.469;2.51;49909.563
1589176800000;2.506;2.507;2.486;2.486;25352.525
1589180400000;2.488;2.49;2.424;2.473;99667.385
1589184000000;2.477;2.484;2.418;2.446;35425.212
1589187600000;2.446;2.447;2.41;2.416;99986.888
1589191200000;2.42;2.477;2.42;2.45;130039.751
1589194800000;2.453;2.473;2.438;2.45;78479.454
1589198400000;2.452;2.5;2.413;2.446;127690.239
1589202000000;2.44;2.463;2.422;2.445;62027.053
1589205600000;2.443;2.457;2.427;2.427;47427.145
1589209200000;2.435;2.45;2.419;2.438;55455.003
1589212800000;2.433;2.446;2.32;2.365;152964.896
1589216400000;2.362;2.393;2.345;2.364;68865.11
1589220000000;2.354;2.371;2.267;2.339;149149.76
1589223600000;2.344;2.42;2.301;2.392;78501.622
1589227200000;2.398;2.406;2.365;2.375;54995.281
1589230800000;2.378;2.399;2.346;2.372;45888.093
1589234400000;2.382;2.388;2.366;2.377;17855.241
1589238000000;2.374;2.422;2.353;2.394;74396.973
1589241600000;2.393;2.423;2.381;2.41;29630.259
1589245200000;2.412;2.429;2.393;2.423;28090.763
1589248800000;2.427;2.448;2.423;2.435;14888.856
1589252400000;2.436;2.446;2.422;2.43;15613.665
1589256000000;2.429;2.444;2.413;2.438;13525.397
1589259600000;2.44;2.474;2.44;2.46;30598.579
1589263200000;2.462;2.501;2.462;2.481;116730.747
1589266800000;2.481;2.483;2.446;2.467;74294.09
1589270400000;2.467;2.498;2.462;2.498;25446.628
1589274000000;2.5;2.516;2.477;2.485;45271.315
1589277600000;2.493;2.52;2.469;2.52;59168.193
1589281200000;2.52;2.529;2.507;2.52;27285.691
1589284800000;2.518;2.518;2.49;2.5;15845.25
1589288400000;2.5;2.506;2.451;2.479;87139.872
1589292000000;2.488;2.519;2.479;2.493;71367.905
1589295600000;2.493;2.501;2.478;2.484;33731.496
1589299200000;2.49;2.493;2.462;2.465;30258.853
1589302800000;2.468;2.477;2.445;2.469;30159.952
1589306400000;2.473;2.485;2.464;2.474;48341.229
1589310000000;2.471;2.495;2.462;2.478;25503.879
1589313600000;2.483;2.493;2.474;2.483;38546.004
1589317200000;2.482;2.489;2.414;2.454;48365.553
1589320800000;2.451;2.476;2.424;2.473;43673.503
1589324400000;2.475;2.5;2.469;2.486;38470.325
1589328000000;2.485;2.498;2.474;2.488;28372.702
1589331600000;2.489;2.492;2.477;2.485;13198.786
1589335200000;2.488;2.523;2.476;2.511;30870.069
1589338800000;2.511;2.525;2.5;2.5;30936.987
1589342400000;2.5;2.503;2.478;2.491;8228.053
1589346000000;2.489;2.489;2.456;2.46;17066.787
1589349600000;2.46;2.484;2.456;2.478;11905.192
1589353200000;2.478;2.478;2.454;2.454;26729.051
1589356800000;2.454;2.474;2.437;2.473;63112.481
1589360400000;2.47;2.476;2.461;2.471;21388.81
1589364000000;2.47;2.478;2.457;2.475;12630.958
1589367600000;2.477;2.498;2.474;2.496;23971.792
1589371200000;2.496;2.512;2.486;2.503;29203.312
1589374800000;2.504;2.522;2.496;2.52;34372.987
1589378400000;2.52;2.532;2.506;2.517;53805.776
1589382000000;2.52;2.554;2.517;2.554;68716.894
1589385600000;2.55;2.567;2.519;2.539;36414.678
1589389200000;2.541;2.541;2.52;2.538;25600.795
1589392800000;2.539;2.543;2.53;2.533;11796.029
1589396400000;2.534;2.546;2.529;2.543;13318.766
1589400000000;2.544;2.548;2.522;2.54;43287.786
1589403600000;2.543;2.587;2.531;2.579;76863.033
1589407200000;2.579;2.581;2.548;2.56;30016.918
1589410800000;2.557;2.558;2.524;2.54;72781.077
1589414400000;2.54;2.569;2.513;2.523;67520.251
1589418000000;2.521;2.539;2.517;2.519;35124.775
1589421600000;2.519;2.538;2.514;2.534;23507.243
1589425200000;2.535;2.536;2.475;2.501;442722.949
1589428800000;2.501;2.506;2.492;2.498;54885.824
1589432400000;2.498;2.505;2.457;2.5;112560.481
1589436000000;2.5;2.504;2.49;2.49;38945.354
1589439600000;2.492;2.523;2.488;2.501;107303.252
1589443200000;2.501;2.511;2.472;2.506;56137.46
1589446800000;2.505;2.55;2.498;2.536;90629.631
1589450400000;2.536;2.553;2.503;2.508;118165.1
1589454000000;2.512;2.53;2.501;2.512;56494.868
1589457600000;2.514;2.518;2.501;2.501;19768.41
1589461200000;2.502;2.506;2.487;2.492;32874.02
1589464800000;2.49;2.506;2.483;2.505;36515.674
1589468400000;2.502;2.512;2.492;2.512;18767.916
1589472000000;2.512;2.518;2.48;2.497;46501.156
1589475600000;2.493;2.494;2.464;2.491;34173.464
1589479200000;2.488;2.539;2.486;2.525;46163.856
1589482800000;2.525;2.548;2.523;2.537;42416.664
1589486400000;2.537;2.549;2.514;2.524;62266.689
1589490000000;2.527;2.54;2.511;2.514;26264.144
1589493600000;2.518;2.545;2.515;2.535;12020.268
1589497200000;2.535;2.537;2.526;2.528;18668.412
1589500800000;2.531;2.544;2.525;2.541;32180.795
1589504400000;2.541;2.555;2.537;2.54;48448.241
1589508000000;2.54;2.54;2.488;2.515;66612.759
1589511600000;2.515;2.536;2.508;2.521;18499.031
1589515200000;2.519;2.522;2.5;2.5;24286.595
1589518800000;2.504;2.522;2.501;2.516;26412.912
1589522400000;2.517;2.537;2.517;2.528;13803.219
1589526000000;2.528;2.544;2.525;2.538;34128.301
1589529600000;2.536;2.541;2.53;2.536;16173.796
1589533200000;2.536;2.537;2.52;2.521;20474.683
1589536800000;2.521;2.531;2.52;2.529;24889.522
1589540400000;2.529;2.578;2.527;2.554;70309.714
1589544000000;2.554;2.557;2.526;2.537;25870.833
1589547600000;2.528;2.554;2.525;2.537;22081.123
1589551200000;2.537;2.549;2.527;2.531;29151.534
1589554800000;2.529;2.529;2.486;2.511;77709.112
1589558400000;2.504;2.519;2.494;2.507;19483.773
1589562000000;2.507;2.535;2.5;2.518;35111.087
1589565600000;2.52;2.534;2.513;2.516;16628.898
1589569200000;2.516;2.518;2.471;2.483;70544.18
1589572800000;2.482;2.483;2.421;2.456;128166.386
1589576400000;2.459;2.476;2.447;2.471;36343.621
1589580000000;2.472;2.497;2.469;2.494;39628.289
1589583600000;2.497;2.508;2.462;2.473;44143.573
1589587200000;2.473;2.494;2.447;2.483;37522.225
1589590800000;2.489;2.509;2.478;2.502;20680.67
1589594400000;2.502;2.517;2.494;2.511;28927.361
1589598000000;2.515;2.52;2.494;2.496;14952.474
1589601600000;2.493;2.531;2.492;2.52;32803.372
1589605200000;2.519;2.522;2.493;2.507;41770.133
1589608800000;2.505;2.524;2.505;2.52;8523.551
1589612400000;2.524;2.529;2.5;2.503;16837.565
1589616000000;2.503;2.522;2.496;2.519;7389.817
1589619600000;2.52;2.523;2.494;2.513;12237.666
1589623200000;2.51;2.523;2.503;2.519;16830.229
1589626800000;2.519;2.527;2.515;2.519;35889.579
1589630400000;2.522;2.541;2.522;2.539;27078.841
1589634000000;2.538;2.541;2.52;2.523;10270.514
1589637600000;2.524;2.527;2.503;2.512;28161.99
1589641200000;2.512;2.544;2.511;2.54;42330.318
1589644800000;2.539;2.56;2.522;2.552;71790.692
1589648400000;2.552;2.56;2.515;2.532;43629.34
1589652000000;2.531;2.543;2.521;2.542;11618.946
1589655600000;2.537;2.553;2.534;2.55;22563.227
1589659200000;2.549;2.566;2.546;2.562;28075.827
1589662800000;2.561;2.573;2.559;2.563;25884.63
1589666400000;2.563;2.571;2.546;2.562;30085.987
1589670000000;2.562;2.568;2.553;2.555;6505.866
1589673600000;2.555;2.571;2.549;2.563;47180.051
1589677200000;2.56;2.565;2.555;2.561;9339.191
1589680800000;2.561;2.569;2.55;2.559;32209.218
1589684400000;2.557;2.571;2.555;2.561;12524.081
1589688000000;2.56;2.57;2.547;2.556;29025.535
1589691600000;2.552;2.556;2.548;2.554;2602.107
1589695200000;2.551;2.596;2.551;2.592;38142.98
1589698800000;2.593;2.596;2.584;2.588;18970.413
1589702400000;2.589;2.589;2.565;2.569;34266.014
1589706000000;2.568;2.58;2.561;2.574;16059.653
1589709600000;2.575;2.596;2.573;2.585;19917.935
1589713200000;2.585;2.587;2.572;2.58;8881.5
1589716800000;2.581;2.613;2.581;2.606;38687.325
1589720400000;2.602;2.606;2.59;2.604;34289.705
1589724000000;2.604;2.64;2.601;2.623;55011.203
1589727600000;2.623;2.628;2.583;2.591;56880.045
1589731200000;2.597;2.602;2.575;2.579;24689.501
1589734800000;2.581;2.587;2.567;2.567;14380.867
1589738400000;2.57;2.582;2.555;2.58;25226.94
1589742000000;2.579;2.579;2.57;2.575;8480.883
1589745600000;2.576;2.576;2.562;2.565;6627.194
1589749200000;2.565;2.58;2.565;2.577;19841.35
1589752800000;2.573;2.574;2.554;2.565;30252.59
1589756400000;2.568;2.569;2.532;2.544;67065.364
1589760000000;2.544;2.573;2.54;2.57;11343.743
1589763600000;2.57;2.61;2.568;2.61;38372.148
1589767200000;2.61;2.65;2.607;2.63;60451.655
1589770800000;2.635;2.644;2.62;2.638;25044.062
1589774400000;2.642;2.66;2.631;2.653;61881.527
1589778000000;2.652;2.662;2.642;2.644;41246.533
1589781600000;2.643;2.643;2.609;2.621;59729.767
1589785200000;2.617;2.626;2.615;2.623;23436.216
1589788800000;2.621;2.639;2.576;2.591;49904.222
1589792400000;2.587;2.603;2.576;2.583;30887.618
1589796000000;2.584;2.601;2.584;2.6;12355.412
1589799600000;2.6;2.607;2.593;2.601;21885.687
1589803200000;2.6;2.607;2.591;2.605;37728.796
1589806800000;2.604;2.614;2.603;2.603;21753.235
1589810400000;2.604;2.629;2.596;2.624;51312.422
1589814000000;2.624;2.631;2.593;2.608;39558.008
1589817600000;2.606;2.617;2.581;2.61;31232.843
1589821200000;2.612;2.614;2.587;2.6;13572.478
1589824800000;2.597;2.607;2.591;2.603;13166.736
1589828400000;2.604;2.619;2.598;2.611;24136.307
1589832000000;2.61;2.61;2.589;2.6;22328.28
1589835600000;2.597;2.599;2.585;2.585;43072.28
1589839200000;2.585;2.602;2.58;2.598;39860.752
1589842800000;2.598;2.602;2.592;2.6;31155.731
1589846400000;2.6;2.6;2.558;2.566;62583.11
1589850000000;2.566;2.572;2.554;2.558;39588.075
1589853600000;2.558;2.56;2.535;2.547;67247.35
1589857200000;2.547;2.55;2.523;2.536;68143.495
1589860800000;2.536;2.558;2.526;2.549;34183.027
1589864400000;2.553;2.566;2.545;2.564;21804.208
1589868000000;2.566;2.575;2.565;2.569;12080.355
1589871600000;2.569;2.573;2.558;2.558;10192.025
1589875200000;2.561;2.614;2.561;2.599;153160.535
1589878800000;2.601;2.615;2.596;2.61;39904.596
1589882400000;2.608;2.62;2.605;2.607;33027.913
1589886000000;2.61;2.625;2.583;2.589;53810.785
1589889600000;2.59;2.594;2.557;2.568;60727.406
1589893200000;2.567;2.57;2.546;2.565;162784.907
1589896800000;2.567;2.574;2.562;2.572;18500.727
1589900400000;2.57;2.577;2.56;2.572;37084.81
1589904000000;2.574;2.587;2.568;2.582;37260.159
1589907600000;2.582;2.588;2.575;2.586;34465.678
1589911200000;2.587;2.601;2.585;2.6;20335.193
1589914800000;2.601;2.603;2.574;2.576;43400.342
1589918400000;2.576;2.594;2.571;2.594;15633.393
1589922000000;2.594;2.601;2.583;2.589;10630.35
1589925600000;2.59;2.616;2.576;2.609;35622.479
1589929200000;2.609;2.622;2.602;2.617;28009.245
1589932800000;2.617;2.641;2.609;2.636;57541.679
1589936400000;2.635;2.644;2.613;2.622;45098.329
1589940000000;2.622;2.625;2.612;2.618;13643.119
1589943600000;2.62;2.632;2.61;2.617;28563.507
1589947200000;2.62;2.622;2.61;2.618;21027.76
1589950800000;2.614;2.624;2.611;2.619;13114.854
1589954400000;2.62;2.634;2.6;2.611;52388.281
1589958000000;2.611;2.629;2.608;2.623;115972.567
1589961600000;2.622;2.656;2.613;2.644;140514.249
1589965200000;2.645;2.658;2.629;2.65;206860.169
1589968800000;2.65;2.656;2.632;2.644;63434.974
1589972400000;2.644;2.656;2.642;2.644;75171.746
1589976000000;2.643;2.675;2.642;2.671;70506.129
1589979600000;2.67;2.704;2.669;2.704;132908.721
1589983200000;2.705;2.709;2.682;2.685;110458.985
1589986800000;2.688;2.691;2.52;2.572;277941.609
1589990400000;2.571;2.6;2.545;2.581;85484.556
1589994000000;2.578;2.609;2.57;2.603;44946.545
1589997600000;2.603;2.621;2.597;2.619;27561.551
1590001200000;2.612;2.614;2.587;2.601;16907.762
1590004800000;2.6;2.622;2.596;2.611;12614.146
1590008400000;2.612;2.696;2.604;2.69;200287.533
1590012000000;2.69;2.699;2.661;2.674;209941.081
1590015600000;2.674;2.71;2.653;2.705;119892.702
1590019200000;2.705;2.734;2.696;2.715;142152.419
1590022800000;2.714;2.718;2.686;2.688;130778.312
1590026400000;2.687;2.698;2.669;2.669;82035.796
1590030000000;2.672;2.68;2.659;2.666;70314.137
1590033600000;2.666;2.674;2.635;2.653;113538
1590037200000;2.653;2.679;2.651;2.671;61082.323
1590040800000;2.671;2.673;2.648;2.648;40274.184
1590044400000;2.649;2.65;2.628;2.645;76632.56
1590048000000;2.645;2.664;2.579;2.61;139115.771
1590051600000;2.61;2.631;2.588;2.593;66631.03
1590055200000;2.587;2.624;2.578;2.623;48489.659
1590058800000;2.623;2.646;2.617;2.646;42543.574
1590062400000;2.644;2.677;2.63;2.658;216951.289
1590066000000;2.658;2.683;2.631;2.635;102370.009
1590069600000;2.633;2.639;2.524;2.571;160831.342
1590073200000;2.569;2.589;2.56;2.566;58906.491
1590076800000;2.561;2.577;2.551;2.561;49370.155
1590080400000;2.563;2.564;2.506;2.515;70021.526
1590084000000;2.513;2.517;2.453;2.459;103036.897
1590087600000;2.456;2.52;2.446;2.52;80558.452
1590091200000;2.519;2.519;2.49;2.508;49523.633
1590094800000;2.507;2.525;2.506;2.512;29145.58
1590098400000;2.515;2.53;2.508;2.527;21490.485
1590102000000;2.53;2.53;2.506;2.513;28493.782
1590105600000;2.513;2.513;2.487;2.511;42751.098
1590109200000;2.511;2.538;2.511;2.528;27585.509
1590112800000;2.53;2.541;2.524;2.527;19392.608
1590116400000;2.527;2.531;2.5;2.505;21002.278
1590120000000;2.506;2.52;2.494;2.498;14831.658
1590123600000;2.502;2.535;2.501;2.525;36130.397
1590127200000;2.526;2.555;2.525;2.552;45814.5
1590130800000;2.554;2.581;2.539;2.566;56336.757
1590134400000;2.567;2.58;2.56;2.579;30729.027
1590138000000;2.578;2.61;2.561;2.609;56042.095
1590141600000;2.612;2.619;2.591;2.605;50599.514
1590145200000;2.605;2.616;2.595;2.611;32587.75
1590148800000;2.613;2.63;2.611;2.622;22509.668
1590152400000;2.619;2.62;2.588;2.602;53140.555
1590156000000;2.602;2.623;2.6;2.615;38178.834
1590159600000;2.615;2.632;2.614;2.626;30911.233
1590163200000;2.628;2.662;2.617;2.661;103726.795
1590166800000;2.661;2.661;2.631;2.641;34945.867
1590170400000;2.642;2.659;2.628;2.645;29698.038
1590174000000;2.645;2.666;2.633;2.652;51732.398
1590177600000;2.65;2.684;2.634;2.665;65826.287
1590181200000;2.664;2.68;2.648;2.674;44063.587
1590184800000;2.674;2.679;2.659;2.673;17545.344
1590188400000;2.673;2.675;2.636;2.65;25686.819
1590192000000;2.65;2.673;2.65;2.662;24087.778
1590195600000;2.661;2.664;2.643;2.647;37168.813
1590199200000;2.647;2.672;2.645;2.668;43614.27
1590202800000;2.668;2.673;2.658;2.66;14756.528
1590206400000;2.661;2.668;2.627;2.644;40674.936
1590210000000;2.644;2.651;2.62;2.64;31639.388
1590213600000;2.636;2.655;2.616;2.651;50203.27
1590217200000;2.651;2.654;2.637;2.645;24569.003
1590220800000;2.645;2.645;2.607;2.631;51677.962
1590224400000;2.631;2.631;2.607;2.611;36281.018
1590228000000;2.611;2.611;2.583;2.594;36882.576
1590231600000;2.594;2.609;2.594;2.6;27957.237
1590235200000;2.6;2.604;2.573;2.579;54368.071
1590238800000;2.577;2.594;2.576;2.592;15685.597
1590242400000;2.591;2.618;2.59;2.616;28996.97
1590246000000;2.616;2.618;2.6;2.614;22144.141
1590249600000;2.613;2.62;2.583;2.593;32345.351
1590253200000;2.591;2.614;2.591;2.605;22598.138
1590256800000;2.604;2.619;2.596;2.601;8441.677
1590260400000;2.601;2.612;2.579;2.602;31649.163
1590264000000;2.602;2.622;2.6;2.615;14094.459
1590267600000;2.615;2.619;2.608;2.618;17626.377
1590271200000;2.617;2.619;2.607;2.614;9697.609
1590274800000;2.615;2.615;2.588;2.592;15307.825
1590278400000;2.592;2.605;2.581;2.599;15568.376
1590282000000;2.601;2.613;2.595;2.607;9945.199
1590285600000;2.607;2.637;2.607;2.623;19655.41
1590289200000;2.626;2.633;2.615;2.619;24251.514
1590292800000;2.619;2.637;2.619;2.626;10683.265
1590296400000;2.626;2.64;2.614;2.629;25604.108
1590300000000;2.634;2.648;2.634;2.647;26505.192
1590303600000;2.647;2.651;2.627;2.634;28846.577
1590307200000;2.638;2.64;2.63;2.638;5996.079
1590310800000;2.638;2.649;2.638;2.645;15834.135
1590314400000;2.646;2.65;2.641;2.643;13315.362
1590318000000;2.643;2.643;2.605;2.608;53587.389
1590321600000;2.61;2.623;2.604;2.62;23811.262
1590325200000;2.616;2.619;2.578;2.594;47599.678
1590328800000;2.591;2.591;2.564;2.574;34863.603
1590332400000;2.572;2.59;2.564;2.573;23523.428
1590336000000;2.57;2.57;2.533;2.562;54326.629
1590339600000;2.562;2.57;2.555;2.563;21630.449
1590343200000;2.559;2.567;2.549;2.558;15507.73
1590346800000;2.558;2.594;2.556;2.586;21321.078
1590350400000;2.59;2.598;2.58;2.58;14151.18
1590354000000;2.584;2.598;2.581;2.591;19632.241
1590357600000;2.591;2.591;2.577;2.583;9708.186
1590361200000;2.583;2.589;2.49;2.495;91980.541
1590364800000;2.492;2.519;2.458;2.507;107134.471
1590368400000;2.504;2.511;2.48;2.503;58978.217
1590372000000;2.506;2.515;2.496;2.512;27026.482
1590375600000;2.51;2.51;2.494;2.508;14714.491
1590379200000;2.508;2.521;2.505;2.517;23230.103
1590382800000;2.517;2.521;2.498;2.506;17050.594
1590386400000;2.507;2.532;2.502;2.521;26005.337
1590390000000;2.521;2.55;2.518;2.534;44893.242
1590393600000;2.537;2.54;2.517;2.532;18578.426
1590397200000;2.533;2.557;2.511;2.518;42796.353
1590400800000;2.518;2.545;2.515;2.516;26095.411
1590404400000;2.516;2.527;2.51;2.523;20564.618
1590408000000;2.528;2.557;2.525;2.543;29686.819
1590411600000;2.544;2.558;2.52;2.552;33523.702
1590415200000;2.554;2.589;2.549;2.564;83155.918
1590418800000;2.564;2.64;2.559;2.588;124181.163
1590422400000;2.591;2.621;2.579;2.584;83171.735
1590426000000;2.589;2.609;2.587;2.596;45458.156
1590429600000;2.596;2.607;2.588;2.6;42505.458
1590433200000;2.6;2.619;2.599;2.6;31693.014
1590436800000;2.601;2.613;2.598;2.609;20396.867
1590440400000;2.61;2.622;2.607;2.611;22494.346
1590444000000;2.613;2.622;2.602;2.605;15645.609
1590447600000;2.61;2.628;2.607;2.612;30516.711
1590451200000;2.612;2.628;2.578;2.594;49878.424
1590454800000;2.594;2.612;2.593;2.609;30369.428
1590458400000;2.612;2.622;2.604;2.607;29853.674
1590462000000;2.606;2.626;2.601;2.62;27962.82
1590465600000;2.62;2.622;2.596;2.614;51858.714
1590469200000;2.614;2.626;2.604;2.625;24457.825
1590472800000;2.625;2.629;2.591;2.604;43948.355
1590476400000;2.603;2.615;2.59;2.606;37580.157
1590480000000;2.606;2.626;2.601;2.623;71932.245
1590483600000;2.623;2.623;2.586;2.591;52032.239
1590487200000;2.591;2.61;2.558;2.591;74564.332
1590490800000;2.591;2.599;2.581;2.592;46112.51
1590494400000;2.593;2.615;2.573;2.583;88792.716
1590498000000;2.585;2.597;2.574;2.582;25563.695
1590501600000;2.58;2.598;2.578;2.588;34159.172
1590505200000;2.59;2.594;2.537;2.544;86320.898
1590508800000;2.544;2.583;2.537;2.571;60788.713
1590512400000;2.571;2.58;2.554;2.564;50993.417
1590516000000;2.563;2.564;2.547;2.555;45643.973
1590519600000;2.555;2.555;2.538;2.55;34115.372
1590523200000;2.55;2.578;2.55;2.569;48180.258
1590526800000;2.574;2.577;2.566;2.574;7028.763
1590530400000;2.573;2.58;2.564;2.573;28645.179
1590534000000;2.577;2.588;2.563;2.583;33464.697
1590537600000;2.583;2.607;2.581;2.603;42980.517
1590541200000;2.606;2.607;2.58;2.582;21302.574
1590544800000;2.587;2.601;2.574;2.578;37919.915
1590548400000;2.578;2.587;2.574;2.579;8482.453
1590552000000;2.583;2.587;2.573;2.587;14074.062
1590555600000;2.588;2.607;2.583;2.604;45130.318
1590559200000;2.607;2.614;2.595;2.607;44533.304
1590562800000;2.609;2.643;2.607;2.64;94855.835
1590566400000;2.64;2.655;2.633;2.649;82660.936
1590570000000;2.652;2.654;2.643;2.651;33865.74
1590573600000;2.654;2.705;2.653;2.658;118954.955
1590577200000;2.661;2.669;2.638;2.652;90977.353
1590580800000;2.652;2.657;2.622;2.632;90842.283
1590584400000;2.632;2.637;2.611;2.62;91087.432
1590588000000;2.617;2.632;2.606;2.622;43007.58
1590591600000;2.621;2.63;2.596;2.614;51860.543
1590595200000;2.615;2.632;2.609;2.62;51656.614
1590598800000;2.62;2.63;2.62;2.622;25953.171
1590602400000;2.621;2.622;2.61;2.612;16434.129
1590606000000;2.612;2.616;2.597;2.612;60902.525
1590609600000;2.611;2.62;2.6;2.605;40307.718
1590613200000;2.604;2.604;2.578;2.588;78641.024
1590616800000;2.588;2.609;2.588;2.599;25303.699
1590620400000;2.6;2.615;2.595;2.601;24960.408
1590624000000;2.606;2.608;2.574;2.595;84853.009
1590627600000;2.596;2.6;2.581;2.581;46079.591
1590631200000;2.582;2.59;2.578;2.586;36323.484
1590634800000;2.586;2.587;2.576;2.581;28059.097
1590638400000;2.577;2.582;2.57;2.577;26634.741
1590642000000;2.574;2.599;2.571;2.597;37455.885
1590645600000;2.597;2.597;2.577;2.583;70169.57
1590649200000;2.585;2.586;2.57;2.577;31031.56
1590652800000;2.578;2.582;2.568;2.581;19798.304
1590656400000;2.58;2.593;2.58;2.593;29899.027
1590660000000;2.592;2.608;2.588;2.603;40586.521
1590663600000;2.606;2.617;2.6;2.605;40823.255
1590667200000;2.607;2.619;2.599;2.611;85883.755
1590670800000;2.617;2.623;2.608;2.616;44601.089
1590674400000;2.616;2.633;2.611;2.628;34496.861
1590678000000;2.63;2.646;2.624;2.636;46134.026
1590681600000;2.644;2.645;2.629;2.631;37789.74
1590685200000;2.629;2.637;2.627;2.633;17487.535
1590688800000;2.633;2.64;2.625;2.625;14321.814
1590692400000;2.625;2.639;2.62;2.636;20336.751
1590696000000;2.637;2.638;2.63;2.637;7520.113
1590699600000;2.635;2.642;2.629;2.633;21358.558
1590703200000;2.633;2.656;2.633;2.65;26844.175
1590706800000;2.652;2.678;2.65;2.671;59057.96
1590710400000;2.671;2.689;2.659;2.671;70686.166
1590714000000;2.67;2.675;2.657;2.67;27420.88
1590717600000;2.674;2.695;2.668;2.689;35096.564
1590721200000;2.688;2.7;2.675;2.68;46311.833
1590724800000;2.676;2.687;2.663;2.665;56243.69
1590728400000;2.667;2.674;2.654;2.673;22151.219
1590732000000;2.673;2.68;2.655;2.659;33564.852
1590735600000;2.659;2.669;2.655;2.658;16252.491
1590739200000;2.661;2.684;2.624;2.639;73533.34
1590742800000;2.639;2.663;2.638;2.658;46560.463
1590746400000;2.658;2.671;2.635;2.639;60853.162
1590750000000;2.638;2.66;2.633;2.66;24317.619
1590753600000;2.661;2.676;2.653;2.664;38963.65
1590757200000;2.664;2.675;2.659;2.672;23201.751
1590760800000;2.675;2.68;2.665;2.671;27669.833
1590764400000;2.671;2.678;2.656;2.676;45013.477
1590768000000;2.677;2.693;2.674;2.69;44631.971
1590771600000;2.687;2.7;2.685;2.689;79994.538
1590775200000;2.689;2.689;2.672;2.678;27514.952
1590778800000;2.678;2.681;2.673;2.679;11276.141
1590782400000;2.68;2.689;2.679;2.685;14336.953
1590786000000;2.686;2.686;2.666;2.669;18586.8
1590789600000;2.669;2.679;2.663;2.679;23477.043
1590793200000;2.679;2.683;2.677;2.677;13045.469
1590796800000;2.678;2.683;2.647;2.647;55889.731
1590800400000;2.647;2.66;2.643;2.65;40856.893
1590804000000;2.65;2.665;2.65;2.66;12609.861
1590807600000;2.657;2.678;2.647;2.678;26263.227
1590811200000;2.678;2.71;2.674;2.702;65602.698
1590814800000;2.705;2.73;2.703;2.724;48971.023
1590818400000;2.728;2.756;2.726;2.75;111528.233
1590822000000;2.753;2.754;2.727;2.727;68301.771
1590825600000;2.729;2.757;2.729;2.747;58174.658
1590829200000;2.744;2.746;2.727;2.74;29048.088
1590832800000;2.738;2.757;2.738;2.757;26474.842
1590836400000;2.757;2.79;2.757;2.79;70579.682
1590840000000;2.789;2.792;2.773;2.79;52403.497
1590843600000;2.787;2.82;2.782;2.817;60361.844
1590847200000;2.82;2.824;2.798;2.806;79934.961
1590850800000;2.807;2.807;2.765;2.783;74180.293
1590854400000;2.783;2.802;2.776;2.791;33219.797
1590858000000;2.79;2.792;2.779;2.783;16262.819
1590861600000;2.782;2.814;2.782;2.808;47008.768
1590865200000;2.809;2.812;2.803;2.812;24005.365
1590868800000;2.809;2.818;2.748;2.772;80197.779
1590872400000;2.768;2.803;2.767;2.794;18523.504
1590876000000;2.797;2.834;2.792;2.818;67247.049
1590879600000;2.82;2.826;2.801;2.817;54044.981
1590883200000;2.817;2.82;2.795;2.809;36257.465
1590886800000;2.811;2.817;2.796;2.804;19857.903
1590890400000;2.803;2.815;2.787;2.806;27651.28
1590894000000;2.804;2.805;2.748;2.753;46976.545
1590897600000;2.752;2.772;2.739;2.762;33385.568
1590901200000;2.76;2.823;2.759;2.81;129877.715
1590904800000;2.807;2.81;2.786;2.787;28763.302
1590908400000;2.786;2.834;2.78;2.831;60630.334
1590912000000;2.834;2.835;2.805;2.805;45122.012
1590915600000;2.806;2.819;2.796;2.807;25296.683
1590919200000;2.808;2.859;2.808;2.858;82112.531
1590922800000;2.858;2.884;2.848;2.878;142409.506
1590926400000;2.879;2.888;2.861;2.864;58618.613
1590930000000;2.862;2.878;2.84;2.845;74566.835
1590933600000;2.848;2.848;2.795;2.801;76514.166
1590937200000;2.795;2.827;2.759;2.789;135232.516
1590940800000;2.793;2.816;2.789;2.815;30807.572
1590944400000;2.817;2.829;2.801;2.827;42638.261
1590948000000;2.821;2.828;2.803;2.818;16770.34
1590951600000;2.816;2.856;2.813;2.845;33813.704
1590955200000;2.847;2.849;2.821;2.836;35175.68
1590958800000;2.835;2.836;2.764;2.787;83466.881
1590962400000;2.787;2.814;2.752;2.768;63832.517
1590966000000;2.765;2.767;2.7;2.728;152415.107
1590969600000;2.728;2.762;2.712;2.751;40597.414
1590973200000;2.751;2.769;2.74;2.76;48984.071
1590976800000;2.76;2.787;2.747;2.78;28933.167
1590980400000;2.783;2.798;2.764;2.774;38732.926
1590984000000;2.775;2.792;2.775;2.779;24458.055
1590987600000;2.778;2.795;2.745;2.752;50592.921
1590991200000;2.754;2.77;2.744;2.757;37215.308
1590994800000;2.757;2.776;2.749;2.761;33282.656
1590998400000;2.763;2.77;2.721;2.741;61844.204
1591002000000;2.742;2.764;2.741;2.749;29606.449
1591005600000;2.75;2.753;2.731;2.751;17901.049
1591009200000;2.751;2.761;2.729;2.729;27429.114
1591012800000;2.729;2.776;2.714;2.766;52114.476
1591016400000;2.766;2.779;2.759;2.773;43937.853
1591020000000;2.771;2.8;2.767;2.791;48077.521
1591023600000;2.79;2.791;2.739;2.773;39226.906
1591027200000;2.78;2.803;2.772;2.796;42796.612
1591030800000;2.796;2.796;2.774;2.784;27084.325
1591034400000;2.78;2.809;2.773;2.804;36293.584
1591038000000;2.804;2.81;2.792;2.8;40131.627
1591041600000;2.801;2.83;2.798;2.813;56796.537
1591045200000;2.814;2.827;2.798;2.825;44032.781
1591048800000;2.827;2.84;2.818;2.832;41206.038
1591052400000;2.84;2.865;2.8;2.862;248640.726
1591056000000;2.862;2.866;2.841;2.845;64256.206
1591059600000;2.845;2.853;2.828;2.849;41813.3
1591063200000;2.849;2.868;2.84;2.86;63119.914
1591066800000;2.862;2.873;2.853;2.864;47038.713
1591070400000;2.864;2.868;2.851;2.863;47589.008
1591074000000;2.861;2.879;2.856;2.876;61730.986
1591077600000;2.875;2.888;2.871;2.877;42001.155
1591081200000;2.879;2.891;2.869;2.889;65191.633
1591084800000;2.889;2.908;2.881;2.894;94706.842
1591088400000;2.895;2.941;2.895;2.921;118751.414
1591092000000;2.921;2.956;2.92;2.951;93711.622
1591095600000;2.951;2.955;2.937;2.943;84193.267
1591099200000;2.943;2.963;2.918;2.922;103169.158
1591102800000;2.925;2.929;2.899;2.903;125964.457
1591106400000;2.906;2.921;2.641;2.71;334172.459
1591110000000;2.71;2.736;2.64;2.699;224117.384
1591113600000;2.699;2.714;2.688;2.705;90755.912
1591117200000;2.707;2.732;2.7;2.73;79183.047
1591120800000;2.729;2.729;2.716;2.725;35068.364
1591124400000;2.72;2.74;2.714;2.728;48165.584
1591128000000;2.727;2.728;2.707;2.725;46489.07
1591131600000;2.726;2.748;2.723;2.745;29819.393
1591135200000;2.749;2.775;2.74;2.757;54767.889
1591138800000;2.756;2.762;2.736;2.761;20132.289
1591142400000;2.758;2.777;2.755;2.773;30147.042
1591146000000;2.776;2.78;2.753;2.758;10751.722
1591149600000;2.757;2.764;2.738;2.754;24690.563
1591153200000;2.754;2.764;2.749;2.757;13539.112
1591156800000;2.757;2.781;2.747;2.763;35768.116
1591160400000;2.765;2.77;2.733;2.76;35738.751
1591164000000;2.757;2.768;2.757;2.767;12417.622
1591167600000;2.766;2.786;2.761;2.78;63769.224
1591171200000;2.782;2.802;2.781;2.8;50262.875
1591174800000;2.8;2.824;2.797;2.821;47217.528
1591178400000;2.824;2.837;2.807;2.815;90947.843
1591182000000;2.819;2.833;2.806;2.828;33548.916
1591185600000;2.832;2.85;2.825;2.846;63542.692
1591189200000;2.845;2.85;2.819;2.834;37281.172
1591192800000;2.834;2.839;2.792;2.83;74986.413
1591196400000;2.83;2.847;2.82;2.846;45811.121
1591200000000;2.844;2.859;2.837;2.851;40178.205
1591203600000;2.85;2.867;2.846;2.861;56317.598
1591207200000;2.862;2.888;2.857;2.884;103738.647
1591210800000;2.886;2.895;2.85;2.883;85506.489
1591214400000;2.887;2.899;2.881;2.898;49174.244
1591218000000;2.898;2.901;2.87;2.88;58263.568
1591221600000;2.88;2.908;2.878;2.905;47395.836
1591225200000;2.908;2.917;2.892;2.906;38182.028
1591228800000;2.908;2.935;2.892;2.932;61532.834
1591232400000;2.934;2.946;2.931;2.936;39432.349
1591236000000;2.936;2.963;2.929;2.963;116420.015
1591239600000;2.964;3.076;2.957;3.058;329234.945
1591243200000;3.057;3.058;3.008;3.024;80469.495
1591246800000;3.024;3.026;2.984;2.986;94255.572
1591250400000;2.989;3.016;2.974;3.002;80646.312
1591254000000;3.002;3.016;2.997;3.002;71590.667
1591257600000;3.002;3.007;2.969;2.997;55503.532
1591261200000;2.999;2.999;2.903;2.976;174196.408
1591264800000;2.973;2.974;2.934;2.949;67089.434
1591268400000;2.948;2.978;2.905;2.974;82268.717
1591272000000;2.978;3.012;2.965;3.011;59497.345
1591275600000;3.012;3.05;3.009;3.015;134051.028
1591279200000;3.017;3.033;3;3.022;92956.358
1591282800000;3.023;3.15;3.018;3.132;351115.592
1591286400000;3.134;3.159;3.104;3.117;243594.072
1591290000000;3.117;3.131;3.088;3.106;90011.018
1591293600000;3.106;3.129;3.072;3.083;84795.98
1591297200000;3.086;3.148;3.085;3.138;92912.872
1591300800000;3.138;3.138;3.102;3.135;65880.349
1591304400000;3.135;3.144;3.104;3.119;61021.505
1591308000000;3.119;3.132;3.1;3.115;78547.119
1591311600000;3.114;3.129;3.101;3.11;54527.895
1591315200000;3.109;3.118;3.08;3.11;61043.015
1591318800000;3.107;3.136;3.106;3.126;48594.988
1591322400000;3.125;3.13;3.087;3.087;59800.715
1591326000000;3.086;3.099;3.062;3.072;52684.316
1591329600000;3.068;3.088;3.037;3.048;94610.103
1591333200000;3.047;3.075;3.045;3.07;45861.358
1591336800000;3.069;3.077;3.044;3.074;43894.852
1591340400000;3.074;3.077;3.062;3.073;29351.549
1591344000000;3.072;3.125;3.041;3.124;149122.437
1591347600000;3.125;3.2;3.115;3.199;248247.597
1591351200000;3.199;3.199;3.146;3.163;235050.254
1591354800000;3.164;3.189;3.148;3.169;141563.711
1591358400000;3.169;3.173;3.13;3.147;68702.086
1591362000000;3.147;3.156;3.12;3.145;63559.502
1591365600000;3.148;3.171;3.137;3.143;91394.8
1591369200000;3.143;3.154;3.09;3.143;215616.218
1591372800000;3.141;3.182;3.135;3.16;63213.296
1591376400000;3.163;3.167;3.142;3.154;31611.656
1591380000000;3.154;3.17;3.153;3.161;25518.75
1591383600000;3.162;3.165;3.132;3.15;30561.024
1591387200000;3.148;3.155;3.095;3.138;114704.815
1591390800000;3.138;3.138;3.103;3.113;35074.952
1591394400000;3.113;3.126;3.097;3.116;28456.801
1591398000000;3.117;3.122;3.091;3.093;58548.235
1591401600000;3.092;3.105;3.062;3.098;103257.762
1591405200000;3.098;3.104;3.071;3.075;24529.177
1591408800000;3.075;3.104;3.065;3.102;44462.838
1591412400000;3.1;3.133;3.084;3.128;40162.538
1591416000000;3.129;3.145;3.109;3.114;51985.192
1591419600000;3.114;3.146;3.106;3.136;24241.51
1591423200000;3.136;3.147;3.126;3.13;25550.908
1591426800000;3.132;3.145;3.122;3.126;25421.774
1591430400000;3.127;3.134;3.1;3.126;46226.523
1591434000000;3.126;3.15;3.126;3.134;23882.777
1591437600000;3.137;3.152;3.13;3.134;25579.832
1591441200000;3.136;3.149;3.135;3.143;12171.033
1591444800000;3.144;3.155;3.113;3.12;31501.232
1591448400000;3.122;3.131;3.114;3.12;25286.055
1591452000000;3.122;3.127;3.103;3.111;22156.95
1591455600000;3.111;3.125;3.099;3.112;24120.473
1591459200000;3.111;3.118;3.039;3.065;150494.397
1591462800000;3.066;3.092;3.06;3.09;66455.726
1591466400000;3.09;3.095;3.083;3.09;16389.792
1591470000000;3.09;3.104;3.084;3.092;22423.532
1591473600000;3.093;3.108;3.089;3.1;24568.623
1591477200000;3.1;3.106;3.091;3.091;15337.627
1591480800000;3.093;3.093;3.056;3.072;52846.424
1591484400000;3.069;3.082;3.054;3.056;24419.091
1591488000000;3.056;3.072;3.043;3.072;29033.632
1591491600000;3.072;3.104;3.062;3.088;45329.502
1591495200000;3.085;3.106;3.084;3.101;21832.36
1591498800000;3.099;3.104;3.093;3.101;9055.161
1591502400000;3.101;3.111;3.091;3.099;18269.244
1591506000000;3.098;3.098;3.079;3.083;24483.304
1591509600000;3.084;3.098;3.064;3.083;29873.478
1591513200000;3.085;3.092;3.071;3.08;20600.425
1591516800000;3.079;3.088;3.04;3.073;48793.644
1591520400000;3.072;3.079;3.064;3.069;14709.125
1591524000000;3.067;3.076;3.059;3.069;32305.918
1591527600000;3.069;3.069;3.001;3.02;69763.457
1591531200000;3.021;3.03;2.985;2.996;111797.117
1591534800000;2.994;3.008;2.908;2.918;272455.733
1591538400000;2.917;2.959;2.865;2.942;176710.172
1591542000000;2.942;2.97;2.935;2.967;54063.554
1591545600000;2.965;2.965;2.937;2.951;27241.139
1591549200000;2.952;2.961;2.938;2.961;15452.238
1591552800000;2.961;2.971;2.952;2.971;34280.046
1591556400000;2.972;3.016;2.966;3.001;89875.437
1591560000000;3.002;3.026;2.995;3.012;44996.917
1591563600000;3.012;3.014;2.991;3.002;14978.414
1591567200000;3.006;3.027;3.001;3.021;14768.234
1591570800000;3.022;3.035;3.006;3.02;57994.894
1591574400000;3.022;3.028;3.012;3.027;34487.013
1591578000000;3.028;3.03;3.007;3.021;19654.037
1591581600000;3.021;3.037;2.994;2.998;32333.94
1591585200000;3.001;3.009;2.994;3.008;12601.929
1591588800000;3.01;3.024;3.01;3.02;8754.272
1591592400000;3.019;3.03;3.015;3.026;32702.236
1591596000000;3.028;3.068;3.028;3.061;58450.157
1591599600000;3.061;3.087;3.055;3.068;62384.39
1591603200000;3.068;3.084;3.031;3.039;68393.261
1591606800000;3.041;3.085;3.041;3.085;40416.367
1591610400000;3.086;3.09;3.068;3.069;19019.251
1591614000000;3.069;3.072;3.055;3.062;18051.097
1591617600000;3.062;3.069;3.054;3.06;19125.429
1591621200000;3.06;3.06;3.035;3.037;35602.871
1591624800000;3.036;3.049;3.028;3.042;17393.213
1591628400000;3.04;3.052;3.035;3.052;19819.534
1591632000000;3.052;3.053;3.029;3.046;17953.861
1591635600000;3.045;3.069;3.041;3.068;42000.029
1591639200000;3.067;3.08;3.062;3.069;46806.403
1591642800000;3.07;3.082;3.067;3.075;20521.964
1591646400000;3.075;3.118;3.075;3.114;91642.125
1591650000000;3.112;3.149;3.107;3.145;87245.616
1591653600000;3.147;3.149;3.122;3.123;45377.482
1591657200000;3.122;3.163;3.118;3.155;39330.967
1591660800000;3.157;3.168;3.074;3.135;124532.394
1591664400000;3.134;3.141;3.115;3.12;27280.157
1591668000000;3.12;3.125;3.11;3.111;11482.76
1591671600000;3.11;3.123;3.084;3.11;51037.245
1591675200000;3.112;3.112;3.097;3.097;10349.039
1591678800000;3.096;3.116;3.094;3.111;27024.605
1591682400000;3.112;3.122;3.097;3.097;33393.31
1591686000000;3.1;3.155;3.1;3.142;62818.034
1591689600000;3.142;3.171;3.142;3.169;68585.28
1591693200000;3.167;3.17;3.141;3.15;49719.442
1591696800000;3.152;3.158;3.128;3.154;52480.787
1591700400000;3.152;3.182;3.151;3.178;66008.973
1591704000000;3.181;3.186;3.163;3.164;36032.296
1591707600000;3.166;3.179;3.143;3.154;30483.629
1591711200000;3.155;3.165;3.146;3.156;21925.175
1591714800000;3.155;3.166;3.128;3.137;55349.909
1591718400000;3.138;3.138;3.117;3.137;42244.34
1591722000000;3.137;3.141;3.125;3.139;11446.278
1591725600000;3.139;3.158;3.139;3.144;35976.669
1591729200000;3.144;3.145;3.108;3.127;40629.335
1591732800000;3.127;3.145;3.124;3.131;9917.373
1591736400000;3.134;3.137;3.111;3.121;35767.903
1591740000000;3.12;3.152;3.098;3.143;52895.887
1591743600000;3.142;3.144;3.11;3.117;16164.87
1591747200000;3.117;3.124;3.097;3.102;30832.807
1591750800000;3.102;3.118;3.1;3.102;25631.891
1591754400000;3.102;3.105;3.077;3.085;57171.169
1591758000000;3.085;3.107;3.081;3.088;38275.065
1591761600000;3.087;3.088;3.075;3.085;38114.021
1591765200000;3.085;3.112;3.085;3.107;37226.03
1591768800000;3.107;3.108;3.091;3.094;15983.537
1591772400000;3.092;3.093;2.955;3.067;172847.156
1591776000000;3.067;3.072;3.055;3.06;50032.807
1591779600000;3.058;3.068;3.049;3.065;46738.678
1591783200000;3.063;3.075;3.06;3.071;25885.555
1591786800000;3.073;3.073;3.051;3.055;37601.897
1591790400000;3.055;3.074;3.052;3.071;17600.974
1591794000000;3.071;3.111;3.066;3.075;87082.098
1591797600000;3.077;3.08;3.057;3.06;28733.037
1591801200000;3.06;3.071;3.05;3.062;63831.597
1591804800000;3.065;3.07;3.061;3.064;13724.794
1591808400000;3.064;3.071;3.055;3.069;17237.978
1591812000000;3.069;3.104;3.039;3.06;126929.129
1591815600000;3.064;3.084;3.054;3.074;37530.726
1591819200000;3.074;3.097;3.065;3.083;51809.095
1591822800000;3.084;3.116;3.082;3.113;57605.146
1591826400000;3.113;3.13;3.108;3.115;54709.223
1591830000000;3.115;3.123;3.1;3.114;21330.339
1591833600000;3.117;3.131;3.109;3.118;30802.568
1591837200000;3.118;3.138;3.111;3.122;33659.194
1591840800000;3.123;3.127;3.105;3.109;36684.762
1591844400000;3.108;3.116;3.083;3.098;48701.291
1591848000000;3.098;3.099;3.087;3.089;10913.854
1591851600000;3.089;3.091;3.079;3.082;23293.044
1591855200000;3.082;3.086;3.056;3.069;55841.927
1591858800000;3.067;3.071;3.056;3.061;36024.413
1591862400000;3.061;3.08;3.056;3.07;31573.491
1591866000000;3.07;3.079;3.059;3.077;58592.228
1591869600000;3.077;3.084;3.049;3.054;112314.918
1591873200000;3.051;3.073;3.034;3.045;179007.715
1591876800000;3.046;3.046;3.008;3.019;63921.526
1591880400000;3.016;3.018;2.966;2.983;118461.469
1591884000000;2.983;2.996;2.968;2.985;43425.612
1591887600000;2.983;2.983;2.926;2.943;101346.879
1591891200000;2.943;2.957;2.74;2.747;249227.178
1591894800000;2.747;2.876;2.72;2.863;176412.409
1591898400000;2.867;2.873;2.795;2.803;68712.371
1591902000000;2.803;2.846;2.8;2.815;48929.8
1591905600000;2.813;2.853;2.786;2.843;71418.926
1591909200000;2.84;2.849;2.825;2.834;38645.183
1591912800000;2.834;2.834;2.765;2.78;67374.136
1591916400000;2.781;2.782;2.752;2.763;50045.477
1591920000000;2.765;2.793;2.735;2.788;39750.327
1591923600000;2.792;2.807;2.784;2.801;9653.356
1591927200000;2.801;2.832;2.796;2.829;44147.518
1591930800000;2.829;2.831;2.82;2.822;18039.189
1591934400000;2.824;2.834;2.82;2.822;6673.705
1591938000000;2.822;2.829;2.813;2.822;10001.321
1591941600000;2.826;2.848;2.822;2.84;19136.494
1591945200000;2.843;2.864;2.84;2.863;58005.947
1591948800000;2.863;2.873;2.848;2.86;46675.304
1591952400000;2.86;2.862;2.853;2.858;22592.207
1591956000000;2.862;2.864;2.849;2.855;24235.254
1591959600000;2.859;2.891;2.857;2.883;36842.512
1591963200000;2.884;2.908;2.865;2.905;46787.091
1591966800000;2.905;2.921;2.898;2.921;24185.96
1591970400000;2.922;2.925;2.881;2.882;30074.703
1591974000000;2.879;2.901;2.849;2.876;86178.777
1591977600000;2.87;2.891;2.852;2.856;28572.234
1591981200000;2.857;2.87;2.823;2.834;34893.893
1591984800000;2.829;2.854;2.829;2.847;26779.419
1591988400000;2.847;2.863;2.839;2.857;25444.608
1591992000000;2.859;2.867;2.843;2.855;26270.298
1591995600000;2.86;2.862;2.851;2.855;11075.002
1591999200000;2.855;2.866;2.838;2.855;52853.169
1592002800000;2.855;2.867;2.845;2.862;17823.932
1592006400000;2.862;2.869;2.834;2.848;27873.135
1592010000000;2.845;2.869;2.842;2.862;22202.585
1592013600000;2.862;2.865;2.855;2.859;15490.587
1592017200000;2.859;2.86;2.84;2.841;17648.78
1592020800000;2.842;2.842;2.816;2.829;25864.59
1592024400000;2.831;2.836;2.824;2.835;10702.788
1592028000000;2.835;2.839;2.82;2.835;33187.684
1592031600000;2.835;2.841;2.832;2.836;16994.153
1592035200000;2.837;2.839;2.828;2.838;15654.579
1592038800000;2.838;2.852;2.835;2.836;46340.366
1592042400000;2.84;2.861;2.836;2.838;52415.712
1592046000000;2.835;2.863;2.826;2.856;38469.843
1592049600000;2.855;2.876;2.842;2.872;52794.676
1592053200000;2.872;2.872;2.852;2.859;25635.644
1592056800000;2.854;2.881;2.854;2.865;20557.995
1592060400000;2.863;2.887;2.861;2.873;62920.881
1592064000000;2.87;2.897;2.868;2.891;39363.19
1592067600000;2.891;2.895;2.877;2.886;16982.486
1592071200000;2.886;2.89;2.882;2.883;8026.661
1592074800000;2.887;2.901;2.865;2.871;36253.23
1592078400000;2.872;2.879;2.847;2.866;30202.47
1592082000000;2.864;2.871;2.858;2.861;12544.147
1592085600000;2.864;2.868;2.858;2.863;16115.234
1592089200000;2.865;2.877;2.862;2.873;12094.726
1592092800000;2.874;2.878;2.862;2.865;19532.828
1592096400000;2.866;2.874;2.865;2.866;7677.238
1592100000000;2.865;2.874;2.859;2.859;21480.475
1592103600000;2.863;2.863;2.844;2.848;17777.176
1592107200000;2.848;2.851;2.836;2.836;11798.704
1592110800000;2.84;2.842;2.832;2.835;25955.533
1592114400000;2.837;2.843;2.823;2.828;24086.119
1592118000000;2.827;2.831;2.823;2.825;16337.93
1592121600000;2.824;2.842;2.822;2.838;24994.883
1592125200000;2.838;2.878;2.831;2.831;43726.78
1592128800000;2.836;2.857;2.831;2.831;31710.021
1592132400000;2.833;2.844;2.831;2.837;8918.359
1592136000000;2.838;2.841;2.82;2.826;27285.523
1592139600000;2.827;2.828;2.784;2.805;95710.634
1592143200000;2.805;2.811;2.764;2.782;29093.911
1592146800000;2.782;2.804;2.769;2.8;31389.027
1592150400000;2.8;2.802;2.788;2.794;16611.51
1592154000000;2.794;2.827;2.79;2.808;77076.474
1592157600000;2.808;2.813;2.796;2.799;8057.01
1592161200000;2.8;2.805;2.797;2.804;9379.789
1592164800000;2.804;2.806;2.788;2.791;18385.926
1592168400000;2.791;2.791;2.77;2.773;24176.887
1592172000000;2.77;2.774;2.718;2.767;81098.691
1592175600000;2.764;2.771;2.752;2.756;22088.832
1592179200000;2.756;2.781;2.736;2.76;22852.427
1592182800000;2.76;2.768;2.677;2.685;90440.614
1592186400000;2.685;2.708;2.676;2.695;23553.841
1592190000000;2.695;2.695;2.623;2.645;116100.2
1592193600000;2.645;2.676;2.627;2.651;45068.654
1592197200000;2.65;2.652;2.547;2.588;134160.982
1592200800000;2.585;2.607;2.54;2.587;62370.836
1592204400000;2.586;2.632;2.58;2.623;82572.454
1592208000000;2.621;2.64;2.605;2.624;41558.63
1592211600000;2.621;2.623;2.609;2.617;34589.707
1592215200000;2.619;2.622;2.586;2.587;22740.369
1592218800000;2.588;2.676;2.584;2.647;102295.95
1592222400000;2.645;2.692;2.615;2.621;76582.055
1592226000000;2.618;2.643;2.589;2.643;35469.461
1592229600000;2.64;2.666;2.639;2.652;24551.336
1592233200000;2.653;2.683;2.65;2.673;18722.784
1592236800000;2.673;2.709;2.665;2.683;54520.43
1592240400000;2.687;2.698;2.681;2.685;19757.908
1592244000000;2.685;2.731;2.685;2.722;67864.736
1592247600000;2.725;2.735;2.703;2.722;31316.179
1592251200000;2.726;2.756;2.716;2.753;18728.654
1592254800000;2.755;2.757;2.72;2.723;41275.488
1592258400000;2.723;2.742;2.71;2.712;31473.188
1592262000000;2.716;2.729;2.702;2.705;12798.115
1592265600000;2.705;2.723;2.694;2.711;63032.626
1592269200000;2.714;2.75;2.714;2.738;46738.252
1592272800000;2.738;2.738;2.708;2.728;12895.298
1592276400000;2.729;2.765;2.728;2.757;32307.29
1592280000000;2.757;2.76;2.729;2.742;53220.583
1592283600000;2.743;2.754;2.734;2.737;32150.715
1592287200000;2.739;2.748;2.711;2.723;54593.564
1592290800000;2.721;2.742;2.721;2.73;14427.445
1592294400000;2.73;2.736;2.712;2.73;19537.6
1592298000000;2.732;2.75;2.732;2.747;27170.421
1592301600000;2.751;2.752;2.737;2.738;35572.024
1592305200000;2.739;2.753;2.733;2.742;36873.933
1592308800000;2.74;2.747;2.708;2.734;28910.04
1592312400000;2.737;2.746;2.714;2.734;23837.618
1592316000000;2.734;2.738;2.684;2.691;34265.18
1592319600000;2.69;2.703;2.674;2.688;42010.538
1592323200000;2.691;2.709;2.687;2.704;19434.933
1592326800000;2.704;2.706;2.683;2.686;16373.265
1592330400000;2.69;2.704;2.686;2.7;13677.432
1592334000000;2.698;2.703;2.688;2.697;22421.451
1592337600000;2.697;2.722;2.692;2.719;49851.243
1592341200000;2.719;2.736;2.718;2.723;16277.669
1592344800000;2.718;2.73;2.708;2.729;13610.361
1592348400000;2.727;2.733;2.717;2.729;22747.394
1592352000000;2.729;2.734;2.708;2.709;15358.262
1592355600000;2.711;2.717;2.696;2.696;13015.734
1592359200000;2.7;2.713;2.686;2.687;19680.923
1592362800000;2.69;2.703;2.678;2.694;28036.854
1592366400000;2.691;2.712;2.689;2.695;25717.726
1592370000000;2.695;2.7;2.683;2.687;14670.351
1592373600000;2.684;2.725;2.677;2.718;39874.407
1592377200000;2.713;2.739;2.713;2.732;30905.657
1592380800000;2.733;2.743;2.702;2.712;101296.092
1592384400000;2.712;2.72;2.702;2.71;44495.914
1592388000000;2.711;2.714;2.702;2.706;8082.84
1592391600000;2.706;2.713;2.702;2.709;9666.546
1592395200000;2.709;2.715;2.704;2.705;25366.842
1592398800000;2.708;2.728;2.685;2.694;41716.404
1592402400000;2.692;2.698;2.663;2.681;37846.904
1592406000000;2.681;2.698;2.678;2.683;36479.949
1592409600000;2.679;2.694;2.648;2.658;64682.685
1592413200000;2.659;2.684;2.658;2.673;14038.094
1592416800000;2.672;2.712;2.667;2.709;41545.806
1592420400000;2.708;2.714;2.674;2.674;24377.915
1592424000000;2.672;2.707;2.657;2.699;32129.466
1592427600000;2.696;2.719;2.695;2.702;17429.046
1592431200000;2.702;2.71;2.695;2.706;23991.639
1592434800000;2.706;2.715;2.7;2.703;20459.828
1592438400000;2.703;2.703;2.687;2.692;34303.009
1592442000000;2.692;2.7;2.682;2.686;36308.035
1592445600000;2.686;2.686;2.664;2.666;40673.582
1592449200000;2.666;2.679;2.664;2.673;15635.678
1592452800000;2.676;2.677;2.663;2.671;27878.565
1592456400000;2.668;2.68;2.665;2.674;19398.41
1592460000000;2.675;2.681;2.666;2.677;13878.846
1592463600000;2.677;2.685;2.67;2.681;38781.544
1592467200000;2.681;2.689;2.68;2.683;14901.74
1592470800000;2.686;2.694;2.671;2.675;37724.609
1592474400000;2.671;2.7;2.664;2.693;42976.008
1592478000000;2.693;2.696;2.683;2.684;7380.881
1592481600000;2.684;2.689;2.678;2.683;7841.955
1592485200000;2.678;2.69;2.665;2.671;31312.959
1592488800000;2.671;2.692;2.666;2.689;39279.288
1592492400000;2.692;2.692;2.662;2.662;34545.831
1592496000000;2.667;2.668;2.658;2.661;25385.779
1592499600000;2.661;2.666;2.657;2.663;10945.306
1592503200000;2.66;2.664;2.651;2.656;15487.965
1592506800000;2.654;2.655;2.63;2.643;41892.846
1592510400000;2.643;2.657;2.623;2.641;64567.682
1592514000000;2.638;2.643;2.611;2.638;33994.537
1592517600000;2.636;2.65;2.632;2.646;14133.447
1592521200000;2.644;2.657;2.637;2.643;11640.62
1592524800000;2.642;2.651;2.638;2.649;16819.156
1592528400000;2.647;2.653;2.633;2.633;22224.094
1592532000000;2.633;2.65;2.595;2.599;73771.19
1592535600000;2.6;2.609;2.58;2.592;56700.562
1592539200000;2.59;2.611;2.574;2.607;43056.255
1592542800000;2.602;2.61;2.592;2.609;18917.291
1592546400000;2.61;2.62;2.609;2.613;28973.096
1592550000000;2.612;2.612;2.593;2.603;18652.843
1592553600000;2.603;2.619;2.598;2.614;16633.602
1592557200000;2.615;2.636;2.615;2.624;47366.474
1592560800000;2.628;2.64;2.625;2.638;20478.765
1592564400000;2.638;2.647;2.635;2.64;22740.024
1592568000000;2.639;2.649;2.635;2.638;22794.682
1592571600000;2.638;2.649;2.633;2.64;26039.243
1592575200000;2.641;2.643;2.63;2.634;9956.309
1592578800000;2.636;2.64;2.629;2.636;9008.246
1592582400000;2.636;2.639;2.609;2.615;36333.858
1592586000000;2.619;2.622;2.602;2.604;17908.27
1592589600000;2.606;2.618;2.603;2.609;16319.727
1592593200000;2.61;2.619;2.606;2.611;10541.463
1592596800000;2.611;2.618;2.603;2.615;13845.573
1592600400000;2.618;2.634;2.615;2.627;23575.725
1592604000000;2.627;2.634;2.613;2.615;12960.828
1592607600000;2.615;2.622;2.591;2.597;47799.531
1592611200000;2.6;2.611;2.596;2.602;11015.984
1592614800000;2.601;2.609;2.597;2.605;8269.018
1592618400000;2.605;2.607;2.599;2.604;18393.332
1592622000000;2.604;2.609;2.595;2.596;26374.253
1592625600000;2.598;2.605;2.591;2.597;20329.316
1592629200000;2.595;2.603;2.595;2.598;9836.743
1592632800000;2.598;2.601;2.585;2.595;50275.704
1592636400000;2.595;2.599;2.587;2.591;22749.287
1592640000000;2.591;2.592;2.584;2.587;11785.798
1592643600000;2.584;2.588;2.578;2.579;10716.616
1592647200000;2.579;2.586;2.576;2.579;23191.419
1592650800000;2.579;2.592;2.542;2.589;97099.563
1592654400000;2.586;2.605;2.586;2.595;46324.629
1592658000000;2.598;2.6;2.586;2.59;20727.505
1592661600000;2.59;2.611;2.589;2.6;64207.754
1592665200000;2.595;2.595;2.577;2.591;19009.1
1592668800000;2.59;2.605;2.587;2.591;15468.308
1592672400000;2.593;2.602;2.589;2.591;11239.322
1592676000000;2.593;2.609;2.589;2.609;17798.627
1592679600000;2.609;2.611;2.591;2.594;15722.865
1592683200000;2.595;2.607;2.593;2.601;15199.698
1592686800000;2.601;2.61;2.597;2.607;6222.765
1592690400000;2.607;2.626;2.607;2.622;46754.783
1592694000000;2.624;2.626;2.617;2.62;21322.297
1592697600000;2.623;2.629;2.611;2.618;25823.823
1592701200000;2.62;2.622;2.611;2.614;5045.964
1592704800000;2.615;2.625;2.607;2.611;47688.476
1592708400000;2.612;2.615;2.607;2.609;10372.705
1592712000000;2.613;2.614;2.605;2.609;20400.685
1592715600000;2.609;2.623;2.609;2.618;6749.196
1592719200000;2.622;2.627;2.608;2.614;20818.012
1592722800000;2.614;2.616;2.597;2.598;23234.043
1592726400000;2.601;2.604;2.596;2.597;13039.873
1592730000000;2.599;2.613;2.594;2.608;32849.738
1592733600000;2.606;2.609;2.595;2.603;17417.631
1592737200000;2.603;2.606;2.598;2.603;27500.219
1592740800000;2.601;2.602;2.59;2.592;31088.169
1592744400000;2.591;2.596;2.578;2.596;83181.482
1592748000000;2.595;2.602;2.591;2.598;13386.591
1592751600000;2.597;2.636;2.59;2.615;75837.253
1592755200000;2.616;2.628;2.605;2.609;25424.327
1592758800000;2.61;2.622;2.604;2.606;40182.451
1592762400000;2.608;2.609;2.59;2.601;37223.536
1592766000000;2.602;2.628;2.595;2.623;31235.278
1592769600000;2.626;2.628;2.607;2.618;15212.123
1592773200000;2.619;2.623;2.614;2.622;8315.607
1592776800000;2.622;2.622;2.599;2.605;27163.49
1592780400000;2.605;2.609;2.599;2.599;18127.843
1592784000000;2.599;2.616;2.599;2.612;10403.475
1592787600000;2.61;2.645;2.606;2.641;30353.721
1592791200000;2.643;2.649;2.631;2.636;35871.195
1592794800000;2.639;2.662;2.635;2.662;54900.334
1592798400000;2.662;2.668;2.647;2.66;29415.082
1592802000000;2.661;2.682;2.661;2.673;49183.534
1592805600000;2.672;2.675;2.664;2.669;40524.175
1592809200000;2.667;2.669;2.653;2.655;37466.791
1592812800000;2.655;2.67;2.65;2.662;34005.478
1592816400000;2.662;2.666;2.658;2.661;12325.951
1592820000000;2.659;2.689;2.659;2.687;68100.004
1592823600000;2.687;2.711;2.685;2.71;83092.835
1592827200000;2.71;2.72;2.7;2.702;91786.128
1592830800000;2.702;2.711;2.687;2.7;36058.832
1592834400000;2.699;2.7;2.687;2.688;25186.515
1592838000000;2.689;2.702;2.681;2.696;48027.104
1592841600000;2.698;2.71;2.689;2.695;76469.367
1592845200000;2.695;2.699;2.685;2.688;39922.231
1592848800000;2.688;2.694;2.684;2.688;14712.091
1592852400000;2.688;2.692;2.674;2.678;17320.753
1592856000000;2.679;2.691;2.675;2.678;14745.393
1592859600000;2.68;2.694;2.671;2.68;74776.494
1592863200000;2.679;2.679;2.662;2.674;68096.358
1592866800000;2.675;2.693;2.671;2.688;15699.376
1592870400000;2.688;2.708;2.688;2.696;54799.782
1592874000000;2.694;2.7;2.672;2.678;42212.874
1592877600000;2.679;2.68;2.664;2.668;42910.043
1592881200000;2.667;2.677;2.661;2.666;57426.33
1592884800000;2.667;2.67;2.657;2.664;20235.45
1592888400000;2.658;2.67;2.656;2.66;17947.929
1592892000000;2.66;2.667;2.66;2.664;29673.772
1592895600000;2.666;2.702;2.664;2.695;89202.666
1592899200000;2.695;2.698;2.667;2.679;61816.264
1592902800000;2.679;2.683;2.672;2.678;35660.065
1592906400000;2.676;2.68;2.668;2.672;47096.994
1592910000000;2.671;2.683;2.671;2.682;33341.545
1592913600000;2.682;2.686;2.673;2.678;35154.248
1592917200000;2.676;2.803;2.671;2.799;344773.794
1592920800000;2.798;2.83;2.774;2.824;302655.218
1592924400000;2.826;2.828;2.801;2.817;163794.317
1592928000000;2.814;2.843;2.805;2.807;235180.698
1592931600000;2.807;2.829;2.805;2.816;54392.037
1592935200000;2.816;2.824;2.788;2.796;78029.205
1592938800000;2.796;2.818;2.783;2.783;67609.482
1592942400000;2.784;2.789;2.749;2.756;85691.645
1592946000000;2.756;2.785;2.75;2.785;49691.017
1592949600000;2.782;2.795;2.771;2.773;53633.522
1592953200000;2.773;2.778;2.754;2.774;30736.159
1592956800000;2.776;2.807;2.769;2.805;32404.418
1592960400000;2.804;2.81;2.784;2.796;34236.449
1592964000000;2.795;2.797;2.781;2.788;58393.733
1592967600000;2.788;2.788;2.775;2.777;21779.988
1592971200000;2.777;2.834;2.769;2.826;124659.458
1592974800000;2.822;2.833;2.799;2.814;96299.352
1592978400000;2.814;2.845;2.814;2.836;95382.913
1592982000000;2.835;2.881;2.762;2.769;428784.896
1592985600000;2.765;2.81;2.752;2.81;141143.919
1592989200000;2.806;2.813;2.772;2.789;100821.609
1592992800000;2.789;2.789;2.73;2.734;141345.263
1592996400000;2.732;2.811;2.724;2.757;449176.932
1593000000000;2.759;2.789;2.75;2.773;83699.187
1593003600000;2.776;2.8;2.755;2.755;61671.454
1593007200000;2.759;2.76;2.704;2.704;137833.971
1593010800000;2.703;2.711;2.64;2.663;204667.071
1593014400000;2.663;2.696;2.652;2.693;82228.179
1593018000000;2.696;2.7;2.68;2.699;28622.887
1593021600000;2.699;2.709;2.689;2.691;62662.538
1593025200000;2.693;2.7;2.672;2.675;21464.066
1593028800000;2.674;2.694;2.667;2.681;49026.808
1593032400000;2.681;2.685;2.664;2.669;11964.851
1593036000000;2.67;2.68;2.663;2.677;14910.707
1593039600000;2.679;2.7;2.675;2.685;57703.663
1593043200000;2.684;2.684;2.651;2.654;28402.063
1593046800000;2.654;2.694;2.654;2.669;48373.07
1593050400000;2.672;2.672;2.643;2.648;25672.196
1593054000000;2.648;2.649;2.55;2.592;226886.759
1593057600000;2.59;2.604;2.586;2.595;36953.01
1593061200000;2.593;2.623;2.586;2.622;43701.827
1593064800000;2.623;2.629;2.609;2.625;25514.108
1593068400000;2.623;2.625;2.598;2.61;55713.225
1593072000000;2.61;2.656;2.61;2.646;57686.976
1593075600000;2.646;2.665;2.637;2.645;39606.335
1593079200000;2.645;2.671;2.642;2.659;43171.849
1593082800000;2.657;2.692;2.651;2.687;79798.82
1593086400000;2.686;2.69;2.63;2.639;40691.093
1593090000000;2.642;2.663;2.636;2.646;20959.458
1593093600000;2.649;2.666;2.644;2.663;32908.529
1593097200000;2.66;2.667;2.649;2.654;34253.601
1593100800000;2.654;2.668;2.649;2.652;26611.861
1593104400000;2.654;2.656;2.645;2.651;21495.649
1593108000000;2.651;2.653;2.632;2.636;14831.942
1593111600000;2.632;2.65;2.626;2.636;23344.237
1593115200000;2.638;2.642;2.632;2.637;12555.962
1593118800000;2.635;2.652;2.635;2.647;39399.863
1593122400000;2.646;2.647;2.615;2.633;44564.849
1593126000000;2.629;2.63;2.617;2.624;11487.86
1593129600000;2.624;2.634;2.604;2.634;22836.156
1593133200000;2.638;2.642;2.63;2.63;12773.554
1593136800000;2.631;2.632;2.601;2.606;59834.98
1593140400000;2.606;2.608;2.596;2.6;37883.257
1593144000000;2.599;2.616;2.59;2.61;50859.77
1593147600000;2.611;2.617;2.588;2.59;43122.182
1593151200000;2.592;2.595;2.52;2.566;209670.447
1593154800000;2.565;2.566;2.518;2.529;192213.722
1593158400000;2.529;2.552;2.525;2.543;62013.726
1593162000000;2.538;2.559;2.515;2.549;73340.764
1593165600000;2.555;2.569;2.552;2.558;41791.909
1593169200000;2.562;2.585;2.549;2.585;60173.657
1593172800000;2.583;2.598;2.567;2.593;49923.791
1593176400000;2.594;2.604;2.585;2.585;36192.929
1593180000000;2.584;2.584;2.533;2.556;90265.381
1593183600000;2.559;2.592;2.559;2.561;20327.693
1593187200000;2.561;2.602;2.56;2.597;121733.562
1593190800000;2.597;2.63;2.595;2.63;45829.607
1593194400000;2.628;2.643;2.622;2.631;54951.095
1593198000000;2.635;2.654;2.63;2.65;52957.402
1593201600000;2.65;2.655;2.638;2.638;45058.169
1593205200000;2.639;2.645;2.635;2.642;12628.832
1593208800000;2.64;2.645;2.629;2.629;25056.519
1593212400000;2.629;2.631;2.619;2.622;25409.824
1593216000000;2.623;2.625;2.608;2.608;17885.537
1593219600000;2.611;2.614;2.593;2.61;12705.704
1593223200000;2.61;2.611;2.584;2.591;12417.617
1593226800000;2.594;2.605;2.579;2.6;53434.334
1593230400000;2.6;2.602;2.592;2.598;5706.78
1593234000000;2.602;2.603;2.592;2.595;24928.383
1593237600000;2.597;2.612;2.594;2.61;11855.957
1593241200000;2.61;2.622;2.596;2.616;72155.75
1593244800000;2.616;2.637;2.614;2.632;49438.514
1593248400000;2.633;2.635;2.616;2.616;29735.094
1593252000000;2.616;2.633;2.607;2.621;101480.852
1593255600000;2.623;2.632;2.602;2.627;64041.226
1593259200000;2.627;2.64;2.625;2.632;47355.984
1593262800000;2.633;2.668;2.632;2.665;83990.794
1593266400000;2.667;2.681;2.643;2.668;132141.094
1593270000000;2.668;2.718;2.668;2.679;179511.21
1593273600000;2.683;2.688;2.607;2.633;151674.171
1593277200000;2.63;2.655;2.586;2.593;81811.511
1593280800000;2.592;2.592;2.557;2.576;83462.027
1593284400000;2.574;2.58;2.35;2.446;265019.619
1593288000000;2.443;2.483;2.398;2.418;484292.658
1593291600000;2.42;2.446;2.288;2.404;985825.204
1593295200000;2.404;2.414;2.39;2.395;267243.176
1593298800000;2.399;2.437;2.385;2.429;77896.734
1593302400000;2.429;2.429;2.391;2.406;133063.717
1593306000000;2.407;2.422;2.396;2.401;50320.209
1593320400000;2.406;2.444;2.406;2.429;33542.461
1593324000000;2.428;2.465;2.426;2.465;34357.006
1593327600000;2.466;2.479;2.461;2.475;42879.051
1593331200000;2.477;2.491;2.458;2.484;74330.088
1593334800000;2.485;2.523;2.483;2.52;27601.465
1593338400000;2.519;2.522;2.5;2.508;67230.715
1593342000000;2.509;2.525;2.498;2.499;19608.214
1593345600000;2.503;2.507;2.454;2.485;49434.29
1593349200000;2.487;2.488;2.477;2.48;11511.478
1593352800000;2.48;2.529;2.48;2.519;63955.099
1593356400000;2.522;2.54;2.511;2.539;61350.225
1593360000000;2.539;2.557;2.529;2.537;65663.914
1593363600000;2.533;2.533;2.51;2.525;28574.62
1593367200000;2.524;2.541;2.522;2.53;15920.069
1593370800000;2.53;2.534;2.475;2.479;61318.492
1593374400000;2.479;2.52;2.472;2.498;49843.742
1593378000000;2.501;2.506;2.489;2.498;19207.729
1593381600000;2.498;2.5;2.484;2.496;33586.727
1593385200000;2.5;2.513;2.5;2.504;23363.305
1593388800000;2.507;2.511;2.495;2.501;19031.797
1593392400000;2.503;2.518;2.499;2.513;24352.64
1593396000000;2.514;2.517;2.488;2.49;30029.13
1593399600000;2.49;2.49;2.476;2.481;11305.877
1593403200000;2.479;2.484;2.472;2.479;24638.082
1593406800000;2.477;2.59;2.477;2.57;453862.735
1593410400000;2.571;2.572;2.492;2.52;103935.659
1593414000000;2.52;2.541;2.502;2.527;57713.459
1593417600000;2.526;2.604;2.516;2.575;431566.116
1593421200000;2.576;2.595;2.555;2.582;55444.619
1593424800000;2.582;2.582;2.57;2.57;13517.077
1593428400000;2.57;2.621;2.531;2.599;540391.839
1593432000000;2.598;2.635;2.587;2.605;136719.226
1593435600000;2.609;2.612;2.564;2.572;82210.347
1593439200000;2.576;2.602;2.575;2.581;63863.4
1593442800000;2.579;2.626;2.576;2.612;50448.177
1593446400000;2.61;2.625;2.594;2.617;57833.482
1593450000000;2.618;2.631;2.608;2.631;47038.2
1593453600000;2.632;2.634;2.596;2.603;50903.426
1593457200000;2.608;2.624;2.605;2.622;38581.253
1593460800000;2.623;2.681;2.623;2.668;129688.609
1593464400000;2.668;2.676;2.653;2.658;24526.775
1593468000000;2.662;2.678;2.63;2.643;62796.575
1593471600000;2.649;2.649;2.637;2.646;13550.05
1593475200000;2.644;2.675;2.644;2.659;47481.453
1593478800000;2.659;2.659;2.639;2.655;26994.183
1593482400000;2.654;2.654;2.627;2.627;22642.767
1593486000000;2.631;2.632;2.601;2.612;74178.569
1593489600000;2.611;2.634;2.61;2.61;50370.768
1593493200000;2.609;2.66;2.602;2.632;75576.998
1593496800000;2.63;2.65;2.63;2.649;22483.959
1593500400000;2.649;2.65;2.641;2.646;6559.691
1593504000000;2.646;2.647;2.63;2.635;28418.222
1593507600000;2.635;2.656;2.634;2.649;21493.516
1593511200000;2.646;2.658;2.627;2.655;48977.439
1593514800000;2.655;2.655;2.637;2.648;7601.372
1593518400000;2.645;2.647;2.593;2.61;57945.428
1593522000000;2.609;2.612;2.573;2.607;101513.658
1593525600000;2.604;2.614;2.603;2.611;9146.089
1593529200000;2.611;2.623;2.601;2.607;32961.202
1593532800000;2.607;2.611;2.602;2.608;15633.464
1593536400000;2.607;2.607;2.576;2.586;44246.952
1593540000000;2.584;2.587;2.578;2.579;15078.316
1593543600000;2.579;2.594;2.576;2.588;13166.028
1593547200000;2.588;2.601;2.588;2.596;13457.385
1593550800000;2.596;2.606;2.595;2.599;21310.959
1593554400000;2.596;2.597;2.592;2.595;12066.578
1593558000000;2.596;2.604;2.595;2.595;21704.637
1593561600000;2.592;2.592;2.573;2.587;25221.096
1593565200000;2.585;2.587;2.579;2.587;6798.595
1593568800000;2.587;2.596;2.582;2.586;7493.015
1593572400000;2.586;2.65;2.579;2.645;108108.752
1593576000000;2.649;2.663;2.637;2.639;45860.105
1593579600000;2.638;2.639;2.62;2.622;23884.337
1593583200000;2.621;2.623;2.591;2.605;74948.481
1593586800000;2.605;2.613;2.597;2.6;14503.014
1593590400000;2.6;2.631;2.596;2.618;42600.434
1593594000000;2.621;2.627;2.616;2.621;10293.466
1593597600000;2.618;2.626;2.616;2.617;12231.584
1593601200000;2.617;2.617;2.6;2.607;20498.797
1593604800000;2.61;2.615;2.601;2.61;19440.947
1593608400000;2.61;2.634;2.597;2.625;84892.738
1593612000000;2.63;2.639;2.619;2.62;65912.607
1593615600000;2.623;2.636;2.621;2.636;21998.446
1593619200000;2.636;2.659;2.631;2.659;44481.744
1593622800000;2.659;2.68;2.656;2.677;51860.261
1593626400000;2.679;2.679;2.665;2.667;28855.2
1593630000000;2.665;2.678;2.63;2.637;59387.138
1593633600000;2.637;2.665;2.637;2.665;42614.162
1593637200000;2.663;2.68;2.663;2.666;12132.15
1593640800000;2.665;2.674;2.651;2.665;34874.156
1593644400000;2.668;2.668;2.653;2.659;10172.517
1593648000000;2.659;2.673;2.645;2.652;18000.495
1593651600000;2.65;2.661;2.643;2.659;14854.251
1593655200000;2.659;2.693;2.659;2.688;61569.054
1593658800000;2.687;2.719;2.682;2.692;70774.488
1593662400000;2.692;2.712;2.683;2.687;26985.804
1593666000000;2.691;2.708;2.657;2.658;47276.562
1593669600000;2.656;2.663;2.641;2.653;38227.199
1593673200000;2.654;2.697;2.653;2.693;69510.561
1593676800000;2.693;2.696;2.658;2.684;66285.343
1593680400000;2.686;2.711;2.682;2.703;44571.487
1593684000000;2.707;2.717;2.681;2.715;139716.948
1593687600000;2.716;2.739;2.687;2.739;189150.185
1593691200000;2.736;2.777;2.736;2.768;162172.764
1593694800000;2.769;2.79;2.765;2.771;92495.561
1593698400000;2.77;2.77;2.726;2.726;55846.065
1593702000000;2.726;2.728;2.649;2.657;259020.485
1593705600000;2.657;2.675;2.6;2.643;161251.491
1593709200000;2.641;2.654;2.624;2.651;59726.716
1593712800000;2.648;2.656;2.61;2.649;51900.006
1593716400000;2.65;2.669;2.625;2.64;64073.189
1593720000000;2.64;2.662;2.627;2.653;24304.487
1593723600000;2.654;2.686;2.647;2.66;19432.145
1593727200000;2.66;2.675;2.647;2.661;47606.937
1593730800000;2.66;2.674;2.647;2.659;47108.91
1593734400000;2.661;2.679;2.642;2.668;46489.282
1593738000000;2.67;2.7;2.67;2.7;29224.32
1593741600000;2.7;2.749;2.694;2.695;194910.791
1593745200000;2.695;2.698;2.678;2.683;61922.643
1593748800000;2.683;2.71;2.681;2.706;28241.337
1593752400000;2.708;2.745;2.683;2.745;89929.852
1593756000000;2.741;2.77;2.728;2.74;75877.626
1593759600000;2.74;2.763;2.725;2.754;33380.649
1593763200000;2.754;2.778;2.736;2.739;97584.402
1593766800000;2.739;2.749;2.692;2.719;70511.887
1593770400000;2.717;2.729;2.691;2.7;46479.036
1593774000000;2.698;2.769;2.693;2.755;188950.979
1593777600000;2.753;2.782;2.753;2.782;111009.446
1593781200000;2.782;2.809;2.761;2.769;172998.213
1593784800000;2.77;2.784;2.729;2.742;181552.119
1593788400000;2.745;2.762;2.729;2.748;158517.053
1593792000000;2.744;2.761;2.689;2.711;170042.433
1593795600000;2.711;2.728;2.711;2.711;17182.799
1593799200000;2.711;2.713;2.7;2.701;39456.612
1593802800000;2.702;2.708;2.689;2.704;26848.379
1593806400000;2.704;2.708;2.698;2.708;20287.717
1593810000000;2.709;2.726;2.708;2.723;23668.576
1593813600000;2.725;2.732;2.704;2.718;32594.395
1593817200000;2.719;2.719;2.669;2.69;85917.499
1593820800000;2.688;2.715;2.68;2.708;72941.949
1593824400000;2.709;2.727;2.704;2.722;29892.764
1593828000000;2.722;2.77;2.72;2.756;61135.457
1593831600000;2.757;2.766;2.717;2.732;77837.477
1593835200000;2.733;2.74;2.724;2.734;24120.328
1593838800000;2.733;2.752;2.724;2.747;43494.98
1593842400000;2.746;2.77;2.743;2.751;66711.311
1593846000000;2.748;2.772;2.742;2.748;30468.927
1593849600000;2.746;2.763;2.74;2.759;61124.793
1593853200000;2.757;2.766;2.746;2.752;47959.091
1593856800000;2.754;2.755;2.724;2.734;50001.61
1593860400000;2.734;2.747;2.723;2.727;63328.902
1593864000000;2.723;2.754;2.711;2.737;74207.293
1593867600000;2.738;2.758;2.722;2.744;65752.694
1593871200000;2.744;2.75;2.739;2.744;15027.595
1593874800000;2.746;2.748;2.71;2.729;48187.757
1593878400000;2.728;2.75;2.704;2.723;121175.253
1593882000000;2.724;2.76;2.713;2.746;104217.898
1593885600000;2.749;2.753;2.73;2.746;29015.789
1593889200000;2.745;2.754;2.729;2.749;14204.807
1593892800000;2.752;2.762;2.745;2.749;25687.445
1593896400000;2.751;2.759;2.731;2.74;36224.374
1593900000000;2.742;2.755;2.733;2.743;37699.405
1593903600000;2.743;2.789;2.734;2.779;106963.296
1593907200000;2.781;2.805;2.775;2.781;81150.517
1593910800000;2.78;2.781;2.764;2.781;13936.876
1593914400000;2.777;2.783;2.746;2.758;64610.62
1593918000000;2.758;2.795;2.752;2.788;36887.075
1593921600000;2.785;2.867;2.781;2.866;329450.091
1593925200000;2.865;2.87;2.796;2.813;154377.424
1593928800000;2.811;2.855;2.806;2.827;119756.421
1593932400000;2.825;2.833;2.804;2.828;37218.826
1593936000000;2.827;2.84;2.814;2.832;44553.58
1593939600000;2.832;2.834;2.768;2.779;111771.195
1593943200000;2.779;2.8;2.765;2.793;86264.923
1593946800000;2.793;2.84;2.791;2.805;109218.466
1593950400000;2.807;2.823;2.774;2.816;81606.684
1593954000000;2.818;2.819;2.775;2.78;107339.776
1593957600000;2.775;2.812;2.765;2.804;117547.125
1593961200000;2.806;2.835;2.805;2.828;102868.716
1593964800000;2.828;2.921;2.826;2.906;471181.723
1593968400000;2.905;2.947;2.89;2.93;286023.811
1593972000000;2.93;2.988;2.912;2.954;218086.62
1593975600000;2.954;2.97;2.925;2.935;87895.332
1593979200000;2.936;2.941;2.888;2.892;119955.805
1593982800000;2.892;2.925;2.807;2.886;266462.844
1593986400000;2.886;2.913;2.868;2.905;109515.635
1593990000000;2.907;2.944;2.904;2.93;61831.186
1593993600000;2.933;2.98;2.921;2.973;90949.805
1593997200000;2.976;2.999;2.961;2.992;169989.802
1594000800000;2.989;3.029;2.986;2.986;173437.602
1594004400000;2.989;3;2.955;2.997;150654.753
1594008000000;2.998;3.033;2.994;3.03;108485.88
1594011600000;3.031;3.075;3.012;3.072;228072.639
1594015200000;3.073;3.089;3.036;3.062;148689.616
1594018800000;3.063;3.106;3.028;3.104;145133.015
1594022400000;3.1;3.13;3.06;3.101;214490.781
1594026000000;3.101;3.104;3.071;3.093;62869.288
1594029600000;3.094;3.098;3.03;3.041;98462.838
1594033200000;3.044;3.059;3.032;3.049;76658.873
1594036800000;3.052;3.067;3.01;3.021;165719.768
1594040400000;3.025;3.028;2.994;3.012;133207.456
1594044000000;3.012;3.053;2.997;3.043;134480.803
1594047600000;3.043;3.089;3.036;3.065;133570.017
1594051200000;3.068;3.078;3.018;3.025;103396.748
1594054800000;3.026;3.031;3.004;3.012;65859.924
1594058400000;3.011;3.026;3.002;3.008;60625.684
1594062000000;3.008;3.011;2.992;3.007;34865.201
1594065600000;3.005;3.025;2.951;2.976;152537.338
1594069200000;2.98;2.995;2.955;2.968;75133.267
1594072800000;2.97;2.997;2.952;2.995;128537.314
1594076400000;2.995;3.033;2.989;3.021;67209.687
1594080000000;3.018;3.068;3.012;3.061;126659.757
1594083600000;3.058;3.06;3.008;3.029;73394.688
1594087200000;3.026;3.026;2.993;3.012;113425.121
1594090800000;3.012;3.021;2.975;2.979;50641.029
1594094400000;2.978;2.992;2.963;2.987;32612.725
1594098000000;2.984;3.045;2.979;3.038;131949.491
1594101600000;3.041;3.047;2.979;3.037;53360.321
1594105200000;3.035;3.045;3.018;3.025;79755.141
1594108800000;3.024;3.099;3.014;3.07;169721.086
1594112400000;3.07;3.071;3.039;3.06;109558.949
1594116000000;3.058;3.105;3.058;3.088;112076.561
1594119600000;3.086;3.086;3.06;3.076;53714.238
1594123200000;3.077;3.089;3.048;3.058;39659.853
1594126800000;3.06;3.207;3.049;3.164;718081.976
1594130400000;3.164;3.25;3.164;3.184;458206.551
1594134000000;3.184;3.217;3.173;3.212;160348.656
1594137600000;3.214;3.237;3.193;3.218;115351.816
1594141200000;3.218;3.28;3.217;3.26;154391.012
1594144800000;3.259;3.266;3.207;3.224;98393.971
1594148400000;3.224;3.225;3.144;3.154;97873.732
1594152000000;3.156;3.208;3.127;3.186;156324.509
1594155600000;3.186;3.208;3.159;3.166;63625.281
1594159200000;3.166;3.207;3.165;3.191;59940.502
1594162800000;3.191;3.252;3.18;3.249;80395.041
1594166400000;3.244;3.251;3.157;3.184;84591.497
1594170000000;3.188;3.32;3.184;3.314;402557.904
1594173600000;3.314;3.36;3.301;3.354;208344.456
1594177200000;3.354;3.43;3.338;3.424;250232.984
1594180800000;3.425;3.441;3.32;3.341;574830.927
1594184400000;3.341;3.38;3.335;3.366;165308.11
1594188000000;3.368;3.384;3.364;3.372;78766.673
1594191600000;3.372;3.474;3.358;3.43;255744.159
1594195200000;3.425;3.5;3.423;3.485;181481.642
1594198800000;3.481;3.537;3.454;3.533;252546.545
1594202400000;3.533;3.55;3.467;3.491;175962.194
1594206000000;3.491;3.511;3.454;3.507;111064.006
1594209600000;3.511;3.513;3.389;3.406;191051.135
1594213200000;3.404;3.479;3.396;3.42;147957.565
1594216800000;3.419;3.428;3.326;3.409;516030.663
1594220400000;3.413;3.466;3.391;3.401;106979.885
1594224000000;3.405;3.426;3.382;3.392;99563.387
1594227600000;3.396;3.448;3.39;3.448;92223.867
1594231200000;3.447;3.454;3.419;3.439;46901.011
1594234800000;3.437;3.485;3.437;3.479;97332.38
1594238400000;3.484;3.523;3.454;3.486;240896.831
1594242000000;3.481;3.504;3.451;3.486;160853.738
1594245600000;3.487;3.578;3.467;3.575;187877.942
1594249200000;3.573;3.573;3.523;3.554;75871.118
1594252800000;3.549;3.553;3.494;3.523;76702.558
1594256400000;3.523;3.525;3.447;3.48;147609.122
1594260000000;3.48;3.51;3.399;3.443;149908.148
1594263600000;3.443;3.48;3.439;3.466;92427.614
1594267200000;3.463;3.497;3.456;3.467;57075.137
1594270800000;3.463;3.497;3.457;3.47;61989.316
1594274400000;3.468;3.54;3.464;3.533;72247.594
1594278000000;3.533;3.543;3.506;3.518;58123.267
1594281600000;3.518;3.534;3.5;3.52;67562.274
1594285200000;3.516;3.516;3.466;3.502;247898.79
1594288800000;3.497;3.52;3.465;3.512;47636.967
1594292400000;3.515;3.665;3.514;3.642;373520.471
1594296000000;3.644;3.67;3.627;3.655;59928.644
1594299600000;3.654;3.664;3.564;3.612;87913.979
1594303200000;3.612;3.612;3.522;3.534;96607.21
1594306800000;3.529;3.539;3.46;3.484;458128.336
1594310400000;3.482;3.631;3.376;3.609;614403.197
1594314000000;3.612;3.72;3.609;3.664;425333.823
1594317600000;3.664;3.713;3.623;3.653;164902.446
1594321200000;3.655;3.657;3.582;3.614;89487.836
1594324800000;3.615;3.713;3.599;3.706;108094.014
1594328400000;3.706;3.767;3.674;3.762;121465.216
1594332000000;3.768;3.8;3.731;3.745;277264.332
1594335600000;3.744;3.8;3.699;3.788;127348.932
1594339200000;3.792;3.793;3.689;3.696;91127.17
1594342800000;3.691;3.719;3.663;3.695;59126.933
1594346400000;3.691;3.72;3.639;3.658;222036.085
1594350000000;3.66;3.663;3.617;3.64;67263.242
1594353600000;3.641;3.66;3.555;3.628;141514.317
1594357200000;3.629;3.731;3.601;3.686;295731.151
1594360800000;3.68;3.734;3.642;3.647;116294.254
1594364400000;3.647;3.703;3.616;3.643;125955.158
1594368000000;3.64;3.726;3.635;3.691;111757.608
1594371600000;3.691;3.835;3.661;3.826;188141.698
1594375200000;3.83;3.868;3.767;3.807;295754.764
1594378800000;3.807;3.926;3.802;3.82;380586.505
1594382400000;3.819;3.866;3.761;3.77;176445.247
1594386000000;3.774;3.811;3.734;3.789;145509.934
1594389600000;3.789;3.904;3.752;3.868;211236.594
1594393200000;3.868;3.954;3.84;3.945;259392.902
1594396800000;3.954;4.037;3.908;3.988;364083.191
1594400400000;3.987;3.99;3.93;3.973;142212.399
1594404000000;3.97;4.002;3.931;3.988;113238.742
1594407600000;3.993;4.038;3.95;3.97;193816.432
1594411200000;3.98;4.001;3.921;3.947;199955.93
1594414800000;3.948;3.972;3.927;3.937;94379.591
1594418400000;3.935;4.03;3.93;4.014;115323.832
1594422000000;4.015;4.182;4.005;4.053;433894.438
1594425600000;4.053;4.158;4.042;4.114;222302.037
1594429200000;4.116;4.25;4.092;4.241;317929.817
1594432800000;4.243;4.295;4.18;4.218;323092.2
1594436400000;4.224;4.338;4.224;4.305;312395.358
1594440000000;4.306;4.386;4.28;4.344;344524.882
1594443600000;4.344;4.466;4.342;4.443;428859.686
1594447200000;4.44;4.446;4.256;4.31;514588.414
1594450800000;4.309;4.335;4.203;4.24;291175.296
1594454400000;4.241;4.28;4.163;4.249;372015.1
1594458000000;4.246;4.27;4.129;4.212;329194.418
1594461600000;4.211;4.265;4.197;4.261;120082.356
1594465200000;4.253;4.282;4.218;4.227;106559.077
1594468800000;4.225;4.331;4.222;4.3;178576.395
1594472400000;4.296;4.301;4.236;4.236;139041.972
1594476000000;4.236;4.236;4.081;4.209;684926.255
1594479600000;4.208;4.208;4.117;4.136;240069.004
1594483200000;4.135;4.165;4.023;4.112;384436.3
1594486800000;4.108;4.128;4.045;4.047;148892.165
1594490400000;4.05;4.054;3.959;4.051;299654.535
1594494000000;4.051;4.054;3.991;4.017;145602.543
1594497600000;4.017;4.07;4.009;4.049;107711.774
1594501200000;4.049;4.049;3.93;4;153174.036
1594504800000;4;4;3.88;3.915;237883.581
1594508400000;3.918;3.962;3.915;3.921;115633.457
1594512000000;3.921;4.007;3.918;3.973;160286.012
1594515600000;3.979;4.092;3.968;4.018;243385.472
1594519200000;4.02;4.162;4.018;4.148;281482.028
1594522800000;4.147;4.197;4.095;4.106;246361.614
1594526400000;4.109;4.136;4.051;4.061;74176.809
1594530000000;4.067;4.087;4.032;4.041;78990.817
1594533600000;4.042;4.061;3.989;4.023;86391.582
1594537200000;4.025;4.057;4.015;4.054;59457.908
1594540800000;4.053;4.106;4.051;4.065;95724.97
1594544400000;4.071;4.08;4.033;4.073;44696.838
1594548000000;4.074;4.162;4.071;4.122;147143.607
1594551600000;4.122;4.141;4.07;4.091;83955.976
1594555200000;4.095;4.15;4.087;4.102;96960.224
1594558800000;4.102;4.133;3.915;3.997;384088.146
1594562400000;3.994;4.007;3.967;3.99;70413.693
1594566000000;3.99;4.004;3.93;3.977;106812.23
1594569600000;3.971;3.983;3.943;3.945;85549.328
1594573200000;3.945;3.956;3.92;3.934;55673.61
1594576800000;3.939;3.968;3.936;3.966;41077.248
1594580400000;3.966;3.966;3.9;3.926;97909.262
1594584000000;3.931;3.968;3.93;3.936;38726.704
1594587600000;3.935;3.951;3.909;3.933;55051.239
1594591200000;3.936;4.096;3.936;4.08;287492.053
1594594800000;4.084;4.088;4.008;4.023;137331.101
1594598400000;4.028;4.158;4.013;4.136;313811.245
1594602000000;4.133;4.336;4.087;4.273;527740.213
1594605600000;4.278;4.282;4.135;4.225;400730.041
1594609200000;4.219;4.261;4.155;4.177;203388.36
1594612800000;4.182;4.202;4.15;4.185;89417.791
1594616400000;4.186;4.265;4.18;4.243;152660.938
1594620000000;4.243;4.262;4.209;4.211;111454.032
1594623600000;4.211;4.243;4.157;4.188;94203.188
1594627200000;4.188;4.22;4.174;4.213;102699.314
1594630800000;4.214;4.32;4.213;4.287;132827.248
1594634400000;4.291;4.338;4.287;4.318;113078.835
1594638000000;4.322;4.339;4.271;4.283;113276.315
1594641600000;4.284;4.321;4.209;4.213;124217.84
1594645200000;4.216;4.224;3.997;4.013;589653.537
1594648800000;4.015;4.064;3.967;3.97;328706.126
1594652400000;3.976;4.088;3.976;4.079;367343.68
1594656000000;4.073;4.16;4.059;4.094;123155.321
1594659600000;4.102;4.119;4.042;4.066;60004.8
1594663200000;4.06;4.06;3.952;3.983;132700.041
1594666800000;3.985;3.985;3.715;3.862;373811.438
1594670400000;3.865;3.889;3.798;3.832;304259.335
1594674000000;3.828;3.867;3.814;3.842;80629.484
1594677600000;3.842;3.842;3.745;3.8;159249.557
1594681200000;3.797;3.896;3.768;3.872;165274.949
1594684800000;3.873;3.897;3.821;3.836;96872.831
1594688400000;3.836;4.04;3.801;3.965;295144.172
1594692000000;3.969;3.976;3.896;3.905;104379.787
1594695600000;3.906;3.909;3.828;3.83;104268.563
1594699200000;3.83;4.01;3.82;3.904;671375.126
1594702800000;3.904;3.937;3.862;3.917;75929.146
1594706400000;3.912;3.919;3.852;3.858;136380.404
1594710000000;3.861;3.923;3.837;3.856;211677.081
1594713600000;3.856;3.914;3.842;3.888;74489.98
1594717200000;3.886;3.913;3.849;3.862;66197.133
1594720800000;3.863;3.866;3.811;3.831;104369.417
1594724400000;3.831;3.901;3.811;3.883;175616.475
1594728000000;3.892;3.998;3.873;3.895;208568.648
1594731600000;3.895;3.95;3.879;3.915;99257.678
1594735200000;3.915;3.92;3.867;3.92;100383.903
1594738800000;3.921;3.93;3.893;3.897;88052.047
1594742400000;3.892;3.955;3.892;3.925;120902.327
1594746000000;3.927;4.02;3.921;4.006;146508.014
1594749600000;4.008;4.036;3.984;4.026;73306.395
1594753200000;4.027;4.03;4;4.026;89049.565
1594756800000;4.028;4.029;3.961;3.972;101112.898
1594760400000;3.976;3.99;3.908;3.93;72395.245
1594764000000;3.934;3.999;3.934;3.982;119280.432
1594767600000;3.981;4.025;3.953;3.959;108090.549
1594771200000;3.954;3.98;3.862;3.868;211424.87
1594774800000;3.866;4.001;3.865;3.974;326062.846
1594778400000;3.971;4.007;3.924;3.987;102588.612
1594782000000;3.987;4.1;3.942;3.943;168347.018
1594785600000;3.943;3.986;3.935;3.975;67411.644
1594789200000;3.975;3.991;3.945;3.972;56754.619
1594792800000;3.967;3.981;3.897;3.928;158229.099
1594796400000;3.928;3.969;3.902;3.959;136433.789
1594800000000;3.959;3.964;3.897;3.94;94006.017
1594803600000;3.945;3.957;3.9;3.919;41102
1594807200000;3.923;3.973;3.917;3.967;51067.642
1594810800000;3.969;3.991;3.95;3.983;48893.059
1594814400000;3.983;4.013;3.953;4.013;63643.966
1594818000000;4.007;4.099;3.978;4.078;154391.244
1594821600000;4.078;4.148;4.048;4.067;237880.12
1594825200000;4.061;4.068;3.947;3.96;151655.559
1594828800000;3.96;3.999;3.94;3.994;87973.894
1594832400000;3.994;4.006;3.963;3.981;61048.933
1594836000000;3.982;4.013;3.939;3.957;67438.074
1594839600000;3.954;3.986;3.93;3.944;62878.642
1594843200000;3.944;4.021;3.944;4.015;49994.335
1594846800000;4.015;4.033;3.992;4.027;32785.703
1594850400000;4.027;4.035;4;4.015;41032.841
1594854000000;4.021;4.059;3.983;4.047;91597.118
1594857600000;4.052;4.087;3.994;4.078;77627.245
1594861200000;4.084;4.238;4.048;4.195;408584.057
1594864800000;4.192;4.227;4.152;4.165;127671.542
1594868400000;4.163;4.242;4.121;4.242;162898.671
1594872000000;4.24;4.3;4.199;4.199;222597.617
1594875600000;4.202;4.225;4.12;4.13;142305.15
1594879200000;4.126;4.166;4.002;4.057;302562.658
1594882800000;4.055;4.055;3.78;3.934;613522.397
1594886400000;3.932;3.963;3.857;3.9;231626.877
1594890000000;3.899;3.9;3.804;3.824;241573.225
1594893600000;3.823;3.85;3.75;3.845;371253.385
1594897200000;3.844;3.86;3.789;3.798;153230.298
1594900800000;3.798;3.849;3.786;3.814;150694.7
1594904400000;3.816;3.836;3.795;3.809;65528.359
1594908000000;3.811;3.888;3.791;3.875;121703.449
1594911600000;3.876;4.013;3.848;3.958;348710.868
1594915200000;3.957;4.02;3.956;3.975;153346.769
1594918800000;3.975;4.007;3.97;3.994;69328.471
1594922400000;3.997;4.026;3.973;3.979;83106.951
1594926000000;3.978;3.986;3.922;3.949;103941.044
1594929600000;3.95;3.959;3.833;3.872;164058.947
1594933200000;3.876;3.941;3.87;3.917;54247.207
1594936800000;3.916;3.96;3.913;3.953;57164.535
1594940400000;3.952;4.119;3.925;4.077;375562.096
1594944000000;4.081;4.15;4.01;4.01;239805.264
1594947600000;4.01;4.047;4.003;4.019;68273.567
1594951200000;4.017;4.066;4.009;4.044;53381.057
1594954800000;4.046;4.079;4.011;4.038;79499.336
1594958400000;4.041;4.052;3.965;3.999;106129.021
1594962000000;4.006;4.035;3.947;3.979;117974.378
1594965600000;3.983;4.01;3.943;3.986;193367.57
1594969200000;3.99;4.012;3.971;3.992;61487.045
1594972800000;3.992;3.993;3.95;3.965;47507.411
1594976400000;3.965;4.013;3.961;3.998;59346.917
1594980000000;3.998;4.062;3.99;4.039;149451.627
1594983600000;4.044;4.199;4.032;4.146;517193.278
1594987200000;4.147;4.169;4.1;4.126;178865.108
1594990800000;4.13;4.15;4.106;4.145;83299.501
1594994400000;4.144;4.207;4.131;4.166;270541.917
1594998000000;4.167;4.26;4.161;4.227;312075.241
1595001600000;4.225;4.25;4.141;4.151;174574.737
1595005200000;4.151;4.165;4.106;4.124;150128.073
1595008800000;4.123;4.139;4.113;4.124;50546.857
1595012400000;4.127;4.13;4.071;4.122;101413.081
1595016000000;4.123;4.148;4.085;4.085;54353.734
1595019600000;4.085;4.117;4.042;4.077;96834.171
1595023200000;4.078;4.185;4.07;4.184;107841.236
1595026800000;4.18;4.19;4.124;4.145;55752.457
1595030400000;4.14;4.204;4.111;4.131;159254.476
1595034000000;4.13;4.203;4.13;4.14;112404.048
1595037600000;4.136;4.16;4.108;4.119;104332.229
1595041200000;4.116;4.172;4.11;4.136;93786.385
1595044800000;4.134;4.245;4.134;4.222;202177.715
1595048400000;4.221;4.245;4.173;4.235;128512.727
1595052000000;4.232;4.341;4.232;4.309;378626.672
1595055600000;4.309;4.363;4.278;4.282;219775.788
1595059200000;4.282;4.282;4.184;4.242;197880.476
1595062800000;4.246;4.289;4.19;4.28;153295.689
1595066400000;4.278;4.34;4.255;4.283;158192.069
1595070000000;4.289;4.42;4.277;4.403;248905.873
1595073600000;4.398;4.449;4.343;4.371;312891.05
1595077200000;4.366;4.384;4.313;4.323;151140.73
1595080800000;4.322;4.444;4.322;4.432;213417.541
1595084400000;4.439;4.514;4.366;4.411;442984.884
1595088000000;4.416;4.477;4.385;4.449;173269.089
1595091600000;4.448;4.504;4.413;4.497;142355.691
1595095200000;4.496;4.516;4.45;4.491;142001.506
1595098800000;4.485;4.511;4.43;4.435;105245.414
1595102400000;4.434;4.475;4.393;4.41;132760.299
1595106000000;4.41;4.433;4.367;4.405;96636.633
1595109600000;4.413;4.454;4.381;4.396;105700.766
1595113200000;4.397;4.449;4.356;4.36;121705.411
1595116800000;4.362;4.445;4.331;4.426;144150.971
1595120400000;4.421;4.445;4.373;4.443;90116.112
1595124000000;4.445;4.52;4.434;4.486;210811.802
1595127600000;4.486;4.497;4.424;4.437;97526.458
1595131200000;4.44;4.443;4.397;4.434;73958.918
1595134800000;4.439;4.501;4.433;4.466;124891.248
1595138400000;4.47;4.513;4.454;4.507;75311.168
1595142000000;4.505;4.505;4.434;4.44;105050.421
1595145600000;4.442;4.51;4.437;4.501;132026.67
1595149200000;4.505;4.507;4.467;4.489;94355.7
1595152800000;4.492;4.499;4.378;4.412;265024.502
1595156400000;4.412;4.436;4.358;4.365;154523.877
1595160000000;4.361;4.362;4.228;4.315;418054.293
1595163600000;4.314;4.314;4.212;4.257;136102.123
1595167200000;4.257;4.308;4.248;4.297;121433.965
1595170800000;4.3;4.307;3.971;4.069;2026972.206
1595174400000;4.069;4.131;4.033;4.126;600900.84
1595178000000;4.126;4.166;4.117;4.162;90972.362
1595181600000;4.158;4.16;4.102;4.126;115108.79
1595185200000;4.13;4.133;4.092;4.119;103552.975
1595188800000;4.123;4.164;4.11;4.162;65528.208
1595192400000;4.163;4.19;4.161;4.186;98873.272
1595196000000;4.182;4.228;4.173;4.201;93071.28
1595199600000;4.205;4.216;4.165;4.202;77380.913
1595203200000;4.202;4.207;4.174;4.199;41322.145
1595206800000;4.193;4.195;4.13;4.134;65293.127
1595210400000;4.133;4.17;4.133;4.168;65422.066
1595214000000;4.167;4.209;4.161;4.209;43770.148
1595217600000;4.203;4.243;4.197;4.238;132039.093
1595221200000;4.239;4.259;4.216;4.234;88050.891
1595224800000;4.234;4.234;4.172;4.184;84557.382
1595228400000;4.185;4.208;4.181;4.193;81485.501
1595232000000;4.194;4.226;4.167;4.22;91027.638
1595235600000;4.22;4.232;4.182;4.186;59388.202
1595239200000;4.186;4.188;4.096;4.11;167316.652
1595242800000;4.103;4.137;4.096;4.115;66161.115
1595246400000;4.113;4.139;4.106;4.123;28662.312
1595250000000;4.117;4.119;4.002;4.035;247510.181
1595253600000;4.033;4.09;4.027;4.08;52663.254
1595257200000;4.08;4.087;4.06;4.065;50591.926
1595260800000;4.072;4.072;3.936;4.037;454840.806
1595264400000;4.037;4.051;4.009;4.009;45327.336
1595268000000;4.012;4.014;3.933;3.965;95205.644
1595271600000;3.964;3.98;3.861;3.932;181455.969
1595275200000;3.929;3.974;3.908;3.953;84999.604
1595278800000;3.952;3.952;3.916;3.95;29039.067
1595282400000;3.95;3.951;3.896;3.906;26334.02
1595286000000;3.907;3.921;3.874;3.881;65725.443
1595289600000;3.881;3.947;3.836;3.94;133520.483
1595293200000;3.941;3.966;3.774;3.858;801348.345
1595296800000;3.858;3.935;3.858;3.914;150597.402
1595300400000;3.912;3.918;3.886;3.904;60072.307
1595304000000;3.904;3.923;3.902;3.912;25385.539
1595307600000;3.913;3.953;3.913;3.937;78612.388
1595311200000;3.943;3.951;3.9;3.912;92649.052
1595314800000;3.912;3.958;3.912;3.936;121921.895
1595318400000;3.936;3.942;3.891;3.926;208169.399
1595322000000;3.929;4.05;3.929;4.031;191741.917
1595325600000;4.03;4.054;3.992;4.048;135704.97
1595329200000;4.05;4.06;3.998;4.02;98293.86
1595332800000;4.019;4.023;3.993;4;77245.916
1595336400000;4.003;4.008;3.907;3.932;140059.165
1595340000000;3.932;3.979;3.918;3.97;62788.672
1595343600000;3.971;3.995;3.945;3.975;51908.157
1595347200000;3.975;3.975;3.923;3.95;81984.746
1595350800000;3.95;3.963;3.938;3.956;31495.282
1595354400000;3.955;3.962;3.938;3.945;26415.38
1595358000000;3.949;3.949;3.877;3.891;158046.733
1595361600000;3.893;3.916;3.871;3.874;109427.537
1595365200000;3.877;3.927;3.868;3.927;58166.154
1595368800000;3.927;4.014;3.913;3.963;88246.38
1595372400000;3.961;4.013;3.943;4.01;70666.517
1595376000000;4.004;4.011;3.961;3.988;43921.695
1595379600000;3.989;3.989;3.946;3.95;23920.391
1595383200000;3.948;3.96;3.924;3.935;26496.933
1595386800000;3.934;3.944;3.922;3.931;23017.636
1595390400000;3.927;3.927;3.9;3.903;35893.446
1595394000000;3.903;3.933;3.899;3.927;47569.272
1595397600000;3.929;3.961;3.929;3.942;28650.487
1595401200000;3.942;3.953;3.892;3.912;45381.882
1595404800000;3.913;3.979;3.91;3.95;76170.681
1595408400000;3.955;3.974;3.945;3.957;28678.174
1595412000000;3.958;3.965;3.948;3.961;22716.562
1595415600000;3.964;3.999;3.95;3.98;72866.348
1595419200000;3.981;4.049;3.975;3.985;150382.474
1595422800000;3.985;3.994;3.964;3.989;24405.593
1595426400000;3.99;4.002;3.961;3.996;56927.807
1595430000000;3.994;3.998;3.956;3.973;44383.392
1595433600000;3.972;3.978;3.921;3.933;61852.054
1595437200000;3.935;3.958;3.933;3.949;28965.637
1595440800000;3.949;3.959;3.936;3.946;17315.484
1595444400000;3.944;3.976;3.944;3.966;28819.616
1595448000000;3.971;3.994;3.95;3.979;23838.779
1595451600000;3.98;3.989;3.938;3.942;72586.499
1595455200000;3.948;4.088;3.898;4.019;221468.076
1595458800000;4.014;4.031;4.001;4.012;45148.861
1595462400000;4.008;4.1;4.008;4.1;178717.397
1595466000000;4.1;4.1;4.006;4.021;164732.376
1595469600000;4.026;4.035;3.994;4.014;44059.61
1595473200000;4.018;4.055;3.994;4.03;73311.136
1595476800000;4.029;4.057;4.026;4.056;24724.35
1595480400000;4.055;4.055;4.012;4.034;38282.352
1595484000000;4.032;4.071;4.03;4.065;31319.213
1595487600000;4.066;4.071;4.03;4.036;19941.032
1595491200000;4.036;4.049;4.028;4.044;31161.788
1595494800000;4.044;4.047;4.023;4.029;40940.544
1595498400000;4.03;4.05;4.027;4.036;37002.094
1595502000000;4.036;4.077;4.036;4.064;34786.062
1595505600000;4.057;4.098;4.055;4.066;74246.64
1595509200000;4.065;4.077;4.059;4.077;20137.002
1595512800000;4.072;4.075;4.003;4.033;121881.349
1595516400000;4.033;4.062;4.02;4.054;46913.939
1595520000000;4.053;4.061;4.001;4.001;72994.67
1595523600000;4.007;4.02;3.981;3.995;89759.209
1595527200000;3.995;4;3.962;3.98;57092.66
1595530800000;3.98;4.005;3.976;4;28916.858
1595534400000;4;4.005;3.971;3.981;29539.756
1595538000000;3.977;4.001;3.977;3.998;21792.905
1595541600000;4;4.029;3.988;4.004;78216.509
1595545200000;4.003;4.004;3.918;3.963;139997.828
1595548800000;3.967;3.969;3.902;3.911;75179.21
1595552400000;3.911;3.92;3.897;3.903;83434.926
1595556000000;3.901;3.963;3.898;3.959;91191.552
1595559600000;3.956;3.957;3.918;3.919;57707.867
1595563200000;3.919;3.924;3.893;3.902;112892.514
1595566800000;3.9;3.915;3.863;3.9;225973.12
1595570400000;3.9;3.902;3.861;3.892;97126.152
1595574000000;3.891;3.917;3.883;3.914;59378.221
1595577600000;3.917;3.918;3.897;3.913;29837.311
1595581200000;3.913;3.932;3.911;3.928;44966.218
1595584800000;3.931;3.935;3.912;3.934;22562.722
1595588400000;3.933;3.936;3.904;3.93;78760.217
1595592000000;3.933;3.938;3.907;3.916;29231.784
1595595600000;3.916;3.916;3.884;3.893;56866.369
1595599200000;3.893;3.932;3.891;3.932;25659.263
1595602800000;3.932;3.967;3.93;3.94;74686.359
1595606400000;3.94;3.945;3.903;3.923;39532.38
1595610000000;3.925;3.948;3.906;3.946;37582.238
1595613600000;3.948;3.952;3.915;3.938;34387.693
1595617200000;3.935;3.935;3.919;3.925;19244.398
1595620800000;3.923;3.932;3.904;3.904;28958.008
1595624400000;3.912;3.918;3.878;3.898;91085.492
1595628000000;3.898;3.901;3.838;3.84;100944.851
1595631600000;3.843;3.847;3.786;3.825;302491.945
1595635200000;3.824;3.843;3.813;3.829;77500.515
1595638800000;3.828;3.853;3.806;3.837;108866.941
1595642400000;3.836;3.905;3.83;3.885;88947.737
1595646000000;3.889;3.905;3.858;3.897;80195.071
1595649600000;3.901;3.955;3.869;3.944;111611.683
1595653200000;3.944;3.96;3.899;3.912;64542.81
1595656800000;3.916;3.916;3.883;3.894;59098.477
1595660400000;3.892;3.896;3.874;3.879;16633.377
1595664000000;3.88;3.909;3.861;3.892;51745.437
1595667600000;3.892;3.914;3.873;3.875;51532.132
1595671200000;3.875;3.909;3.872;3.886;47288.079
1595674800000;3.889;3.89;3.86;3.869;47795.436
1595678400000;3.873;3.873;3.774;3.834;1077393.569
1595682000000;3.833;3.854;3.816;3.833;122429.041
1595685600000;3.829;3.855;3.829;3.846;48823.474
1595689200000;3.846;3.854;3.816;3.818;75521.032
1595692800000;3.822;3.848;3.813;3.836;105174.892
1595696400000;3.836;3.869;3.833;3.861;93599.988
1595700000000;3.862;3.875;3.848;3.872;55131.323
1595703600000;3.872;3.891;3.872;3.879;39953.675
1595707200000;3.881;3.892;3.857;3.869;67686.223
1595710800000;3.869;3.871;3.825;3.847;64549.354
1595714400000;3.846;3.893;3.841;3.887;89466.162
1595718000000;3.886;3.931;3.847;3.917;146539.698
1595721600000;3.92;3.92;3.847;3.855;57467.151
1595725200000;3.856;3.869;3.832;3.859;36606.136
1595728800000;3.854;3.855;3.826;3.83;50178.435
1595732400000;3.834;3.86;3.824;3.856;38673.78
1595736000000;3.859;3.89;3.84;3.876;38159.582
1595739600000;3.876;3.881;3.856;3.881;42158.837
1595743200000;3.882;3.907;3.878;3.899;44567.562
1595746800000;3.899;3.92;3.884;3.903;58792.011
1595750400000;3.905;3.917;3.884;3.884;101536.456
1595754000000;3.883;3.9;3.864;3.88;136390.635
1595757600000;3.88;3.886;3.689;3.773;458064.901
1595761200000;3.771;3.818;3.762;3.808;123086.392
1595764800000;3.806;3.821;3.754;3.805;221007.516
1595768400000;3.803;3.843;3.791;3.801;74522.449
1595772000000;3.803;3.831;3.789;3.8;92008.69
1595775600000;3.796;3.797;3.746;3.748;67579.354
1595779200000;3.749;3.785;3.742;3.769;67935.941
1595782800000;3.769;3.78;3.765;3.774;14802.233
1595786400000;3.77;3.82;3.759;3.81;65498.811
1595790000000;3.81;3.84;3.793;3.837;48081.816
1595793600000;3.836;3.868;3.832;3.853;38973.446
1595797200000;3.852;3.861;3.843;3.843;35269.714
1595800800000;3.841;3.859;3.833;3.833;25803.718
1595804400000;3.836;3.836;3.796;3.81;65817.173
1595808000000;3.811;3.836;3.776;3.804;55849.471
1595811600000;3.806;3.845;3.781;3.82;72913.304
1595815200000;3.817;3.838;3.794;3.805;25401.189
1595818800000;3.806;3.81;3.7;3.742;120420.179
1595822400000;3.745;3.776;3.675;3.708;156786.747
1595826000000;3.708;3.73;3.622;3.656;115595.505
1595829600000;3.656;3.743;3.652;3.737;108578.437
1595833200000;3.738;3.837;3.662;3.769;428426.678
1595836800000;3.769;3.92;3.769;3.87;863601.585
1595840400000;3.87;3.916;3.832;3.89;192433.835
1595844000000;3.89;3.901;3.849;3.857;104121.222
1595847600000;3.861;3.874;3.82;3.866;71483.685
1595851200000;3.867;3.889;3.824;3.862;99130.122
1595854800000;3.862;3.872;3.786;3.793;81631.091
1595858400000;3.786;3.787;3.597;3.602;253679.469
1595862000000;3.602;3.606;3.288;3.537;1579910.258
1595865600000;3.534;3.559;3.455;3.465;279558.692
1595869200000;3.465;3.59;3.454;3.574;216723.172
1595872800000;3.57;3.636;3.543;3.621;113946.197
1595876400000;3.619;3.677;3.618;3.649;67041.314
1595880000000;3.65;3.679;3.622;3.642;69946.363
1595883600000;3.639;3.644;3.56;3.586;93010.803
1595887200000;3.589;3.668;3.564;3.637;158200.885
1595890800000;3.631;3.649;3.53;3.593;108022.393
1595894400000;3.593;3.611;3.552;3.603;79708.996
1595898000000;3.607;3.646;3.593;3.625;78491.743
1595901600000;3.627;3.663;3.616;3.651;50362.755
1595905200000;3.652;3.672;3.6;3.611;72100.449
1595908800000;3.614;3.636;3.593;3.625;56590.706
1595912400000;3.625;3.669;3.625;3.639;60660.411
1595916000000;3.642;3.664;3.639;3.659;82946.196
1595919600000;3.657;3.738;3.646;3.684;134852.324
1595923200000;3.684;3.717;3.66;3.675;109332.208
1595926800000;3.671;3.714;3.614;3.657;185204.31
1595930400000;3.655;3.679;3.607;3.658;93577.787
1595934000000;3.657;3.699;3.629;3.683;89404.011
1595937600000;3.683;3.705;3.634;3.645;184593.235
1595941200000;3.643;3.667;3.634;3.642;41939.516
1595944800000;3.642;3.668;3.612;3.663;40963.362
1595948400000;3.666;3.725;3.664;3.723;85777.682
1595952000000;3.721;3.742;3.652;3.697;154062.026
1595955600000;3.698;3.717;3.657;3.679;77936.83
1595959200000;3.68;3.711;3.666;3.682;31006.673
1595962800000;3.682;3.695;3.666;3.679;22426.313
1595966400000;3.675;3.714;3.67;3.711;49974.152
1595970000000;3.708;3.711;3.688;3.707;34793.852
1595973600000;3.707;3.75;3.699;3.74;80642.707
1595977200000;3.743;3.792;3.736;3.751;114464.244
1595980800000;3.748;3.786;3.73;3.784;89529.031
1595984400000;3.785;3.86;3.785;3.823;170193.765
1595988000000;3.826;3.843;3.789;3.804;132595.649
1595991600000;3.8;3.82;3.778;3.795;66281.711
1595995200000;3.797;3.82;3.79;3.808;35942.109
1595998800000;3.808;3.818;3.786;3.806;40725.779
1596002400000;3.802;3.814;3.798;3.81;71126.522
1596006000000;3.813;3.83;3.794;3.819;125545.871
1596009600000;3.823;3.845;3.755;3.758;98497.941
1596013200000;3.761;3.809;3.747;3.794;135118.318
1596016800000;3.79;3.808;3.78;3.797;33981.982
1596020400000;3.794;3.807;3.776;3.795;42464.82
1596024000000;3.792;3.824;3.783;3.792;70056.804
1596027600000;3.791;3.797;3.759;3.779;59475.891
1596031200000;3.783;3.797;3.7;3.733;95909.41
1596034800000;3.731;3.777;3.73;3.74;64811.357
1596038400000;3.736;3.755;3.671;3.678;114590.984
1596042000000;3.677;3.703;3.665;3.697;124018.135
1596045600000;3.697;3.722;3.67;3.705;64299.613
1596049200000;3.704;3.725;3.699;3.702;32561.133
1596052800000;3.706;3.722;3.694;3.703;25045.175
1596056400000;3.703;3.712;3.652;3.686;93519.89
1596060000000;3.683;3.687;3.64;3.647;44239.435
1596063600000;3.646;3.663;3.609;3.634;51751.568
1596067200000;3.634;3.736;3.58;3.68;114539.618
1596070800000;3.677;3.695;3.65;3.65;98423.643
1596074400000;3.652;3.68;3.648;3.654;23956.358
1596078000000;3.647;3.672;3.643;3.665;16885.747
1596081600000;3.667;3.724;3.667;3.697;55497.517
1596085200000;3.701;3.702;3.67;3.681;10096.199
1596088800000;3.679;3.736;3.652;3.726;57293.517
1596092400000;3.726;3.726;3.681;3.683;18996.452
1596096000000;3.684;3.702;3.679;3.684;35718.308
1596099600000;3.687;3.687;3.637;3.667;75221.513
1596103200000;3.667;3.675;3.647;3.658;26537.696
1596106800000;3.663;3.675;3.639;3.654;37656.769
1596110400000;3.657;3.694;3.654;3.674;44372.975
1596114000000;3.668;3.697;3.632;3.679;55410.307
1596117600000;3.679;3.719;3.666;3.714;53296.667
1596121200000;3.714;3.731;3.705;3.713;52527.498
1596124800000;3.715;3.76;3.699;3.746;120508.457
1596128400000;3.749;3.755;3.731;3.739;55166.439
1596132000000;3.739;3.747;3.709;3.734;45858.183
1596135600000;3.737;3.746;3.705;3.728;88956.875
1596139200000;3.729;3.763;3.711;3.733;80271.608
1596142800000;3.733;3.743;3.707;3.712;45951.34
1596146400000;3.713;3.737;3.704;3.716;138517.608
1596150000000;3.715;3.739;3.703;3.703;33766.651
1596153600000;3.711;3.743;3.705;3.741;21291.636
1596157200000;3.741;3.753;3.696;3.73;38301.475
1596160800000;3.734;3.743;3.705;3.727;86352.648
1596164400000;3.729;3.79;3.726;3.785;67773.152
1596168000000;3.78;3.8;3.75;3.767;53390.86
1596171600000;3.771;3.818;3.765;3.808;82870.444
1596175200000;3.808;3.83;3.77;3.786;84120.957
1596178800000;3.787;3.806;3.773;3.802;31310.036
1596182400000;3.797;3.808;3.778;3.78;23089.268
1596186000000;3.781;3.811;3.779;3.809;40363.642
1596189600000;3.807;3.84;3.805;3.807;76384.115
1596193200000;3.807;3.811;3.764;3.766;52514.326
1596196800000;3.769;3.806;3.755;3.803;45352.296
1596200400000;3.807;3.81;3.75;3.769;60677.858
1596204000000;3.77;3.799;3.757;3.798;44066.72
1596207600000;3.799;3.799;3.738;3.751;77174.743
1596211200000;3.748;3.787;3.722;3.787;122138.826
1596214800000;3.786;3.799;3.773;3.786;65589.762
1596218400000;3.79;3.795;3.767;3.768;16688.815
1596222000000;3.772;3.809;3.772;3.784;40320.406
1596225600000;3.784;3.823;3.784;3.819;49667.696
1596229200000;3.819;3.83;3.766;3.773;37798.086
1596232800000;3.78;3.799;3.775;3.787;18597.17
1596236400000;3.788;3.81;3.781;3.793;50489.07
1596240000000;3.795;3.847;3.791;3.833;75936.459
1596243600000;3.831;3.862;3.826;3.857;49241.625
1596247200000;3.859;4.136;3.847;4.098;1113176.748
1596250800000;4.098;4.137;3.99;4.025;508917.373
1596254400000;4.023;4.077;4.02;4.065;195499.251
1596258000000;4.065;4.086;4.002;4.022;108837.485
1596261600000;4.023;4.078;4.006;4.061;132204.194
1596265200000;4.061;4.069;4.007;4.018;101597.516
1596268800000;4.017;4.03;3.992;4.001;99176.495
1596272400000;4.005;4.058;4.002;4.026;107237.13
1596276000000;4.028;4.051;3.987;4.005;113497.276
1596279600000;4.005;4.022;3.973;4.017;84289.683
1596283200000;4.02;4.06;3.998;4.057;95420.779
1596286800000;4.055;4.064;3.975;3.997;115822.887
1596290400000;3.996;4.036;3.992;4.018;45928.578
1596294000000;4.016;4.054;4.008;4.053;63520.836
1596297600000;4.054;4.108;4.017;4.019;223759.71
1596301200000;4.025;4.067;4.023;4.043;96427.054
1596304800000;4.043;4.079;4.025;4.065;72481.16
1596308400000;4.066;4.087;4.01;4.038;86911.723
1596312000000;4.035;4.107;4.035;4.096;106923.765
1596315600000;4.096;4.11;4.07;4.074;89973.073
1596319200000;4.074;4.098;4.023;4.084;50300.927
1596322800000;4.084;4.089;4.044;4.084;50752.936
1596326400000;4.084;4.158;4.063;4.146;139185.654
1596330000000;4.146;4.174;4.122;4.142;105113.83
1596333600000;4.142;4.188;4.121;4.171;111523.983
1596337200000;4.171;4.235;4.16;4.177;110610.98
1596340800000;4.18;4.199;3.4;3.737;607332.562
1596344400000;3.734;3.85;3.718;3.802;253971.861
1596348000000;3.802;3.882;3.783;3.879;118551.657
1596351600000;3.881;4.04;3.858;3.965;217493.845
1596355200000;3.965;4.035;3.903;3.982;156475.178
1596358800000;3.982;4.026;3.9;3.985;247973.269
1596362400000;3.99;3.994;3.863;3.909;89262.862
1596366000000;3.912;3.953;3.751;3.851;215384.31
1596369600000;3.847;3.865;3.789;3.801;73128.953
1596373200000;3.8;3.868;3.794;3.863;47017.46
1596376800000;3.862;3.917;3.815;3.885;136792.161
1596380400000;3.885;3.906;3.841;3.851;71335.018
1596384000000;3.846;3.938;3.844;3.907;106624.668
1596387600000;3.913;3.913;3.847;3.893;44686.689
1596391200000;3.889;3.959;3.883;3.928;67682.276
1596394800000;3.929;3.947;3.85;3.929;86871.053
1596398400000;3.929;3.934;3.858;3.859;32183.442
1596402000000;3.859;3.893;3.829;3.854;68183.602
1596405600000;3.859;3.878;3.836;3.84;24722.262
1596409200000;3.842;3.919;3.839;3.912;59532.659
1596412800000;3.906;3.92;3.826;3.898;53170.598
1596416400000;3.908;3.977;3.907;3.959;87122.226
1596420000000;3.96;4.011;3.932;3.965;238254.063
1596423600000;3.962;3.979;3.945;3.957;73833.653
1596427200000;3.973;4.029;3.97;4.005;77084.801
1596430800000;4.005;4.025;3.961;3.998;95465.567
1596434400000;3.999;4.008;3.941;3.974;97764.132
1596438000000;3.977;3.997;3.948;3.962;163992.455
1596441600000;3.962;3.971;3.916;3.949;66869.031
1596445200000;3.948;3.994;3.913;3.913;74523.643
1596448800000;3.919;3.968;3.908;3.952;82306.311
1596452400000;3.954;4.013;3.925;4;127022.533
1596456000000;4;4.042;3.982;4.025;125296.616
1596459600000;4.025;4.053;4.014;4.032;85768.802
1596463200000;4.028;4.078;4.013;4.04;241814.175
1596466800000;4.042;4.05;3.965;4.011;103090.587
1596470400000;4.011;4.05;3.956;3.973;91844.568
1596474000000;3.973;4.037;3.964;4.006;53471.937
1596477600000;4.011;4.037;3.991;4;85032.005
1596481200000;4;4.004;3.959;3.974;51762.065
1596484800000;3.981;3.993;3.942;3.952;88906.368
1596488400000;3.96;3.983;3.891;3.92;92860.855
1596492000000;3.916;3.948;3.846;3.869;599873.65
1596495600000;3.867;3.88;3.792;3.82;763286.27
1596499200000;3.82;3.934;3.817;3.929;419886.624
1596502800000;3.923;3.944;3.901;3.917;106551.29
1596506400000;3.916;3.948;3.882;3.888;101242.545
1596510000000;3.892;3.91;3.858;3.895;57537.473
1596513600000;3.895;3.934;3.893;3.93;53826.375
1596517200000;3.93;3.945;3.906;3.924;69996.669
1596520800000;3.92;3.928;3.895;3.921;70484.697
1596524400000;3.921;3.96;3.92;3.949;56357.941
1596528000000;3.951;3.992;3.946;3.979;78681.254
1596531600000;3.976;3.984;3.94;3.954;74212.104
1596535200000;3.953;4.005;3.942;3.942;142408.783
1596538800000;3.942;3.982;3.86;3.9;145333.382
1596542400000;3.903;3.919;3.889;3.911;78294.566
1596546000000;3.909;3.92;3.862;3.915;94710.881
1596549600000;3.915;3.953;3.912;3.932;103851.679
1596553200000;3.933;3.96;3.908;3.957;51575.65
1596556800000;3.953;3.957;3.896;3.908;40749.932
1596560400000;3.909;3.939;3.906;3.938;22443.273
1596564000000;3.937;3.95;3.91;3.943;30240.016
1596567600000;3.941;4.033;3.936;4.005;200738.539
1596571200000;4.01;4.036;4.001;4.029;103133.786
1596574800000;4.025;4.044;4.008;4.037;54947.11
1596578400000;4.038;4.054;4.019;4.051;57223.756
1596582000000;4.051;4.055;3.998;4.021;70964.166
1596585600000;4.019;4.039;3.977;4.005;73393.407
1596589200000;4.005;4.005;3.961;3.984;47860.681
1596592800000;3.984;4.001;3.945;3.982;88739.135
1596596400000;3.987;4.034;3.982;4.018;64161.534
1596600000000;4.023;4.07;4.018;4.064;102203.253
1596603600000;4.067;4.067;4.004;4.041;60176.636
1596607200000;4.04;4.076;4.011;4.07;137206.252
1596610800000;4.07;4.081;4.044;4.057;80615.038
1596614400000;4.059;4.105;4.059;4.103;138580.886
1596618000000;4.103;4.109;4.042;4.042;169495.348
1596621600000;4.046;4.137;4.008;4.135;264462.312
1596625200000;4.135;4.199;4.095;4.167;228382.325
1596628800000;4.167;4.214;4.112;4.157;272637.667
1596632400000;4.158;4.174;4.111;4.13;152107.602
1596636000000;4.135;4.143;4.075;4.082;164939.062
1596639600000;4.084;4.099;4.054;4.087;81841.282
1596643200000;4.089;4.149;4.07;4.133;102021.53
1596646800000;4.137;4.145;4.11;4.117;57089.721
1596650400000;4.116;4.131;4.108;4.12;25346.565
1596654000000;4.122;4.171;4.12;4.153;75462.648
1596657600000;4.151;4.175;4.145;4.169;40309.264
1596661200000;4.165;4.169;4.085;4.113;48617.496
1596664800000;4.114;4.133;4.044;4.116;120450.868
1596668400000;4.114;4.177;4.114;4.144;62320.414
1596672000000;4.15;4.189;4.127;4.168;77349.36
1596675600000;4.164;4.179;4.127;4.175;56984.436
1596679200000;4.174;4.25;4.161;4.225;474546.066
1596682800000;4.225;4.228;4.172;4.19;64797.104
1596686400000;4.191;4.197;4.117;4.156;101171.2
1596690000000;4.154;4.226;4.147;4.185;144027.677
1596693600000;4.185;4.224;4.183;4.211;57573.892
1596697200000;4.211;4.218;4.165;4.167;135452.27
1596700800000;4.168;4.185;4.139;4.155;64965.291
1596704400000;4.155;4.16;4.131;4.133;52429.139
1596708000000;4.13;4.198;4.112;4.166;140075.636
1596711600000;4.163;4.182;4.155;4.177;33766.391
1596715200000;4.177;4.19;4.137;4.147;56157.909
1596718800000;4.151;4.168;4.12;4.136;50788.895
1596722400000;4.138;4.2;4.128;4.191;74162.627
1596726000000;4.186;4.216;4.171;4.192;131756.869
1596729600000;4.194;4.227;4.177;4.224;81504.099
1596733200000;4.228;4.228;4.177;4.203;61004.646
1596736800000;4.202;4.229;4.181;4.216;41298.111
1596740400000;4.213;4.236;4.2;4.224;38885.772
1596744000000;4.226;4.256;4.2;4.22;88599.906
1596747600000;4.224;4.242;4.127;4.171;90386.849
1596751200000;4.174;4.201;4.151;4.198;51974.867
1596754800000;4.196;4.2;4.142;4.172;35109.887
1596758400000;4.181;4.181;4.15;4.162;53272.596
1596762000000;4.165;4.201;4.16;4.164;50977.002
1596765600000;4.161;4.185;4.126;4.166;130445.225
1596769200000;4.169;4.174;4.146;4.15;41703.798
1596772800000;4.149;4.166;4.123;4.152;97356.967
1596776400000;4.152;4.16;4.092;4.111;74163.505
1596780000000;4.113;4.128;4.095;4.123;108287.881
1596783600000;4.123;4.152;4.11;4.135;82399.975
1596787200000;4.132;4.154;4.104;4.138;65457.346
1596790800000;4.134;4.153;4.078;4.11;330230.515
1596794400000;4.107;4.143;4.096;4.1;146007.821
1596798000000;4.096;4.1;4.012;4.059;453627.649
1596801600000;4.059;4.093;4.055;4.087;106041.149
1596805200000;4.084;4.094;4.07;4.089;48805.584
1596808800000;4.09;4.09;3.977;4.029;197895.109
1596812400000;4.027;4.065;4.022;4.054;64313.882
1596816000000;4.051;4.064;4.001;4.001;81067.211
1596819600000;4.001;4.028;3.864;3.976;266449.609
1596823200000;3.976;4.009;3.933;4.005;189141.444
1596826800000;4.007;4.038;4.002;4.018;54318.441
1596830400000;4.014;4.041;4.004;4.029;41332.879
1596834000000;4.033;4.045;4.02;4.037;24915.869
1596837600000;4.038;4.041;4.009;4.017;18682.228
1596841200000;4.017;4.04;4;4.015;19874.668
1596844800000;4.014;4.015;3.973;3.997;47743.696
1596848400000;3.995;4.032;3.993;4.024;19824.75
1596852000000;4.024;4.03;4.007;4.02;22736.334
1596855600000;4.02;4.02;3.988;4.002;28970.437
1596859200000;4.005;4.018;3.99;3.995;14957.026
1596862800000;3.992;4.107;3.992;4.097;96515.375
1596866400000;4.094;4.099;4.069;4.075;68332.79
1596870000000;4.075;4.081;4.051;4.072;43943.315
1596873600000;4.072;4.08;4.054;4.064;16673.17
1596877200000;4.061;4.097;4.061;4.087;29548.12
1596880800000;4.089;4.107;4.072;4.092;41390.009
1596884400000;4.096;4.125;4.083;4.118;77305.651
1596888000000;4.123;4.141;4.081;4.106;80548.349
1596891600000;4.106;4.107;4.069;4.078;29706.926
1596895200000;4.08;4.102;4.068;4.097;23783.149
1596898800000;4.097;4.127;4.097;4.12;49447.24
1596902400000;4.12;4.128;4.008;4.074;129405.842
1596906000000;4.074;4.166;4.051;4.155;239638.436
1596909600000;4.152;4.174;4.133;4.141;131029.268
1596913200000;4.149;4.184;4.125;4.174;81002.55
1596916800000;4.172;4.202;4.141;4.188;103961.085
1596920400000;4.188;4.277;4.183;4.273;192858.46
1596924000000;4.273;4.362;4.251;4.359;209142.991
1596927600000;4.36;4.442;4.343;4.426;260150.716
1596931200000;4.432;4.432;4.3;4.334;169068.001
1596934800000;4.334;4.499;4.326;4.458;224925.325
1596938400000;4.46;4.54;4.428;4.433;283512.873
1596942000000;4.434;4.47;4.411;4.458;125067.783
1596945600000;4.464;4.503;4.383;4.393;122879.917
1596949200000;4.393;4.435;4.393;4.401;79087.539
1596952800000;4.396;4.614;4.394;4.594;207736.071
1596956400000;4.594;4.75;4.594;4.73;492405.955
1596960000000;4.723;4.845;4.683;4.791;502597.117
1596963600000;4.793;4.85;4.666;4.711;356464.136
1596967200000;4.706;5.011;4.68;4.986;458141.467
1596970800000;4.983;4.985;4.867;4.919;272415.824
1596974400000;4.916;5.09;4.817;5.065;409276.919
1596978000000;5.063;5.098;4.922;4.989;653728.749
1596981600000;4.991;5.032;4.79;4.826;397176.722
1596985200000;4.831;4.984;4.825;4.979;294227.263
1596988800000;4.983;5.242;4.98;5.131;870155.69
1596992400000;5.131;5.218;5.02;5.092;409645.157
1596996000000;5.088;5.179;5.084;5.175;208949.548
1596999600000;5.175;5.352;5.167;5.27;496933.042
1597003200000;5.27;5.44;5.261;5.313;427900.925
1597006800000;5.314;5.38;5.229;5.305;213819.822
1597010400000;5.306;5.31;5.086;5.164;313237.106
1597014000000;5.164;5.293;5.135;5.273;214864.069
1597017600000;5.273;5.634;5.268;5.62;446903.38
1597021200000;5.62;5.874;5.351;5.472;957280.263
1597024800000;5.475;5.484;5.092;5.25;863745.827
1597028400000;5.248;5.396;5.204;5.393;290048.817
1597032000000;5.393;5.422;5.281;5.422;163050.651
1597035600000;5.421;5.682;5.397;5.619;669295.307
1597039200000;5.62;5.62;5.443;5.5;263897.787
1597042800000;5.5;5.561;5.445;5.514;169363.149
1597046400000;5.513;5.728;5.513;5.571;269785.215
1597050000000;5.574;5.691;5.498;5.553;254487.093
1597053600000;5.554;5.607;5.29;5.529;353605.512
1597057200000;5.529;5.589;5.491;5.549;127828.056
1597060800000;5.549;5.55;5.399;5.507;213016.377
1597064400000;5.507;5.507;5.345;5.398;376480.145
1597068000000;5.398;5.439;5.345;5.432;133649.648
1597071600000;5.433;5.457;5.328;5.436;199775.484
1597075200000;5.431;5.459;5.253;5.312;202439.646
1597078800000;5.319;5.323;5.175;5.28;211303.582
1597082400000;5.279;5.286;5.166;5.225;161239.691
1597086000000;5.225;5.252;5.178;5.228;104808.602
1597089600000;5.227;5.294;5.166;5.261;136746.633
1597093200000;5.257;5.269;5.185;5.229;84763.317
1597096800000;5.234;5.366;5.192;5.363;124022.418
1597100400000;5.362;5.523;5.321;5.474;285332.771
1597104000000;5.47;5.576;5.399;5.534;229091.771
1597107600000;5.531;5.532;5.257;5.316;293466.845
1597111200000;5.316;5.385;5.287;5.319;94668.217
1597114800000;5.317;5.355;5.279;5.314;102971.131
1597118400000;5.314;5.351;5.268;5.292;93912.274
1597122000000;5.292;5.411;5.282;5.382;99529.288
1597125600000;5.382;5.386;5.149;5.227;210192.756
1597129200000;5.233;5.265;5.193;5.24;84274.604
1597132800000;5.241;5.271;5.045;5.083;173661.536
1597136400000;5.083;5.143;5.048;5.06;129423.214
1597140000000;5.06;5.137;4.98;5.125;171933.875
1597143600000;5.12;5.206;5.104;5.204;152378.069
1597147200000;5.203;5.203;5.074;5.078;128125.838
1597150800000;5.078;5.099;4.952;5.082;317331.949
1597154400000;5.086;5.09;4.882;4.933;275372.207
1597158000000;4.937;4.987;4.748;4.93;440274.269
1597161600000;4.93;5.069;4.858;5.038;267778.778
1597165200000;5.034;5.072;4.971;5.063;97310.299
1597168800000;5.057;5.071;4.973;4.991;69736.52
1597172400000;4.987;4.997;4.872;4.907;128558.607
1597176000000;4.903;4.905;4.689;4.761;314679.431
1597179600000;4.761;4.83;4.694;4.786;172192.709
1597183200000;4.785;4.848;4.765;4.832;61612.344
1597186800000;4.83;4.94;4.827;4.916;107688.327
1597190400000;4.916;4.989;4.858;4.899;147793.401
1597194000000;4.907;5.08;4.9;4.977;185893.17
1597197600000;4.978;5.338;4.942;5.125;715544.804
1597201200000;5.122;5.24;5.107;5.202;168207.139
1597204800000;5.205;5.26;5.016;5.066;233322.744
1597208400000;5.066;5.123;5.008;5.011;135345.13
1597212000000;5.012;5.113;4.918;5.093;180003.42
1597215600000;5.093;5.202;5.09;5.169;157800.899
1597219200000;5.168;5.255;5.146;5.25;152712.082
1597222800000;5.25;5.29;5.222;5.255;169261.243
1597226400000;5.255;5.35;5.248;5.345;151797.022
1597230000000;5.343;5.35;5.185;5.233;194093.624
1597233600000;5.237;5.404;5.165;5.404;284505.688
1597237200000;5.403;5.503;5.309;5.458;303745.436
1597240800000;5.461;5.619;5.437;5.583;371188.316
1597244400000;5.58;5.612;5.463;5.563;272212.193
1597248000000;5.568;5.811;5.562;5.792;440732.711
1597251600000;5.793;5.854;5.692;5.79;362790.826
1597255200000;5.79;5.822;5.632;5.693;217502.287
1597258800000;5.697;5.988;5.697;5.893;410266.985
1597262400000;5.893;5.999;5.842;5.878;197241.258
1597266000000;5.884;5.889;5.672;5.722;204787.747
1597269600000;5.718;5.9;5.717;5.837;169409.889
1597273200000;5.837;6.04;5.836;5.902;280141.167
1597276800000;5.905;5.93;5.718;5.746;243987.75
1597280400000;5.749;5.869;5.727;5.816;177104.511
1597284000000;5.809;5.835;5.593;5.709;403424.19
1597287600000;5.711;5.908;5.678;5.883;219864.461
1597291200000;5.883;6.077;5.868;5.916;285328.327
1597294800000;5.916;5.923;5.817;5.89;143036.855
1597298400000;5.89;5.958;5.825;5.84;193572.2
1597302000000;5.84;5.884;5.745;5.793;177881.494
1597305600000;5.792;5.801;5.474;5.666;357203.752
1597309200000;5.665;5.762;5.458;5.744;291126.481
1597312800000;5.74;5.74;5.609;5.72;159129.778
1597316400000;5.723;5.828;5.681;5.726;199227.569
1597320000000;5.726;5.775;5.546;5.613;261862.089
1597323600000;5.614;5.69;5.574;5.629;134053.485
1597327200000;5.63;5.651;5.544;5.578;127059.1
1597330800000;5.579;6.445;5.558;6.408;1314027.717
1597334400000;6.4;6.57;6.094;6.183;789281.509
1597338000000;6.181;6.372;6.162;6.274;340640.546
1597341600000;6.272;6.494;6.25;6.473;337491.509
1597345200000;6.467;6.52;6.262;6.294;309858.721
1597348800000;6.294;6.397;6.017;6.036;335483.421
1597352400000;6.043;6.178;6.015;6.043;227600.636
1597356000000;6.041;6.172;5.8;6.117;527997.953
1597359600000;6.117;6.19;6.036;6.085;175330.427
1597363200000;6.083;6.239;5.93;6.219;222288.043
1597366800000;6.221;6.268;6.156;6.21;187956.414
1597370400000;6.207;6.344;6.161;6.29;298404.459
1597374000000;6.292;6.334;6.138;6.165;188742.484
1597377600000;6.17;6.27;6.141;6.207;124299.094
1597381200000;6.208;6.421;6.204;6.257;281033.131
1597384800000;6.263;6.54;6.259;6.485;369415.903
1597388400000;6.485;6.506;6.234;6.256;308547.468
1597392000000;6.256;6.315;6.202;6.28;152739.06
1597395600000;6.283;6.387;6.28;6.333;128347.612
1597399200000;6.332;6.486;6.319;6.478;153169.5
1597402800000;6.478;6.604;6.38;6.391;414359.916
1597406400000;6.395;6.445;6.32;6.369;221278.681
1597410000000;6.369;6.379;6.222;6.295;245141.972
1597413600000;6.295;6.338;6.184;6.284;163069.284
1597417200000;6.275;6.337;6.2;6.2;134226.648
1597420800000;6.2;6.325;6.069;6.105;290818.268
1597424400000;6.104;6.228;6.072;6.166;365415.349
1597428000000;6.17;6.229;6.02;6.061;733574.819
1597431600000;6.056;6.095;6.037;6.06;220078.825
1597435200000;6.066;6.097;6;6.02;69669.53
1597438800000;6.02;6.043;5.916;6.032;126657.234
1597442400000;6.029;6.289;6.015;6.188;315311.912
1597446000000;6.188;6.201;6.074;6.096;167292.576
1597449600000;6.101;6.162;5.895;6.041;215190.402
1597453200000;6.04;6.067;5.988;6.06;63822.675
1597456800000;6.059;6.061;5.91;6.037;135143.931
1597460400000;6.034;6.055;5.984;5.984;75510.494
1597464000000;5.985;6.087;5.955;6.047;121530.902
1597467600000;6.049;6.075;6.006;6.072;62930.109
1597471200000;6.07;6.173;6.063;6.102;92906.158
1597474800000;6.102;6.135;6.043;6.111;50770.824
1597478400000;6.114;6.177;6.049;6.074;79407.096
1597482000000;6.076;6.164;6.051;6.121;81839.523
1597485600000;6.123;6.136;6.05;6.056;58101.639
1597489200000;6.059;6.116;6.047;6.074;50816.94
1597492800000;6.075;6.281;6.062;6.255;219048.782
1597496400000;6.257;6.35;6.243;6.264;182104.892
1597500000000;6.261;6.283;6.16;6.18;233889.508
1597503600000;6.18;6.233;6.102;6.156;133549.45
1597507200000;6.156;6.209;6.05;6.153;191576.038
1597510800000;6.155;6.192;6.14;6.155;43719.95
1597514400000;6.16;6.205;6.103;6.148;62968.491
1597518000000;6.143;6.148;6.105;6.119;90794.743
1597521600000;6.118;6.139;6.05;6.055;119679.277
1597525200000;6.057;6.093;5.954;6.056;175521.213
1597528800000;6.059;6.1;6.048;6.058;37017.975
1597532400000;6.058;6.106;6.008;6.077;61488.376
1597536000000;6.077;6.083;5.98;6.009;92373.964
1597539600000;6.004;6.082;5.961;6.036;152632.434
1597543200000;6.036;6.059;5.998;6.046;51409.787
1597546800000;6.045;6.082;5.988;6.02;66450.514
1597550400000;6.02;6.047;5.976;6.017;63797.291
1597554000000;6.014;6.03;5.982;6.002;48271.632
1597557600000;6.001;6.014;5.952;5.988;91153.196
1597561200000;5.987;6.01;5.92;5.995;138838.606
1597564800000;5.995;6.074;5.973;6.02;120695.727
1597568400000;6.016;6.06;5.997;5.997;59240.119
1597572000000;6.003;6.115;5.961;5.981;179637.582
1597575600000;5.98;5.983;5.842;5.873;216759.316
1597579200000;5.873;5.991;5.781;5.956;197273.874
1597582800000;5.961;5.996;5.936;5.965;61367.794
1597586400000;5.972;6.05;5.97;5.994;72405.235
1597590000000;5.989;6.096;5.989;6;105692.929
1597593600000;6;6.133;5.995;6.09;157428.076
1597597200000;6.091;6.205;6.081;6.137;198298.775
1597600800000;6.137;6.215;6.088;6.178;143015.528
1597604400000;6.172;6.214;6.112;6.134;102568.918
1597608000000;6.131;6.391;6.126;6.222;426657.276
1597611600000;6.215;6.33;6.152;6.261;193708.307
1597615200000;6.263;6.3;6.202;6.208;112892.353
1597618800000;6.206;6.265;6.167;6.243;97307.234
1597622400000;6.246;6.273;6.182;6.237;93451.488
1597626000000;6.238;6.239;6.099;6.138;93058.35
1597629600000;6.14;6.148;6.035;6.143;102657.252
1597633200000;6.141;6.179;6.094;6.152;39411.849
1597636800000;6.151;6.28;6.135;6.248;93601.834
1597640400000;6.243;6.318;6.177;6.189;147649.293
1597644000000;6.191;6.23;6.149;6.164;64329.48
1597647600000;6.168;6.243;6.128;6.147;70821.303
1597651200000;6.148;6.234;6.119;6.173;82928.183
1597654800000;6.176;6.208;6.132;6.14;95623.677
1597658400000;6.14;6.204;6.137;6.169;56078.496
1597662000000;6.167;6.212;6.14;6.156;68832.754
1597665600000;6.162;6.19;6.09;6.114;78327.765
1597669200000;6.115;6.126;5.996;6.076;273036.672
1597672800000;6.076;6.086;5.934;6.051;197842.328
1597676400000;6.045;6.05;5.934;5.966;170677.873
1597680000000;5.969;6.183;5.937;6.152;194071.721
1597683600000;6.152;6.154;6.03;6.097;86549.753
1597687200000;6.098;6.107;5.974;6.014;223303.796
1597690800000;6.014;6.054;5.86;6.042;188607.469
1597694400000;6.048;6.115;6.023;6.08;47289.08
1597698000000;6.08;6.107;6.04;6.081;64860.423
1597701600000;6.083;6.126;6.075;6.121;51781.201
1597705200000;6.118;6.118;5.887;5.907;140626.954
1597708800000;5.901;6.039;5.872;6.013;63316.973
1597712400000;6.015;6.022;5.949;6.014;47163.9
1597716000000;6.015;6.16;6.01;6.081;209018.847
1597719600000;6.087;6.087;5.97;5.978;73525.203
1597723200000;5.972;6.009;5.932;5.948;44579.563
1597726800000;5.956;6.048;5.903;5.996;91663.403
1597730400000;5.991;5.992;5.913;5.941;67774.01
1597734000000;5.941;5.969;5.927;5.942;38636.626
1597737600000;5.942;6.01;5.891;5.944;141719.794
1597741200000;5.946;5.996;5.9;5.922;94856.627
1597744800000;5.922;5.953;5.9;5.91;37776.676
1597748400000;5.916;5.933;5.72;5.722;235402.519
1597752000000;5.736;5.856;5.72;5.846;122745.434
1597755600000;5.85;5.889;5.602;5.668;165650.156
1597759200000;5.672;5.747;5.515;5.618;340133.963
1597762800000;5.617;5.759;5.612;5.661;115924.748
1597766400000;5.659;5.826;5.641;5.787;170389.34
1597770000000;5.791;5.838;5.759;5.809;74495.626
1597773600000;5.802;5.809;5.75;5.754;29458.529
1597777200000;5.758;5.84;5.757;5.825;31247.291
1597780800000;5.826;6.009;5.778;6;218200.256
1597784400000;5.997;6.002;5.86;5.886;217333.752
1597788000000;5.886;5.938;5.838;5.857;74530.18
1597791600000;5.863;5.866;5.764;5.826;99737.315
1597795200000;5.825;5.86;5.808;5.825;42749.236
1597798800000;5.831;5.934;5.829;5.904;82623.906
1597802400000;5.91;5.92;5.819;5.85;59397.029
1597806000000;5.848;5.872;5.635;5.644;175029.019
1597809600000;5.644;5.689;5.352;5.545;263012.621
1597813200000;5.549;5.581;5.403;5.404;193795.178
1597816800000;5.408;5.473;5.3;5.444;167920.26
1597820400000;5.447;5.52;5.42;5.5;138459.189
1597824000000;5.504;5.599;5.488;5.559;156296.418
1597827600000;5.557;5.676;5.556;5.643;77344.264
1597831200000;5.639;5.663;5.475;5.533;126922.066
1597834800000;5.53;5.606;5.499;5.553;62615.388
1597838400000;5.552;5.618;5.52;5.611;58746.753
1597842000000;5.612;5.783;5.6;5.776;104718.106
1597845600000;5.782;5.856;5.677;5.679;249289.53
1597849200000;5.683;5.709;5.572;5.609;124888.251
1597852800000;5.61;5.685;5.565;5.682;106356.689
1597856400000;5.682;5.765;5.662;5.763;62731.558
1597860000000;5.763;5.811;5.65;5.666;105237.398
1597863600000;5.67;5.671;5.492;5.494;68587.651
1597867200000;5.492;5.551;5.402;5.51;116780.712
1597870800000;5.51;5.582;5.489;5.563;80588.379
1597874400000;5.567;5.733;5.553;5.687;106079.388
1597878000000;5.686;5.705;5.627;5.65;50162.343
1597881600000;5.649;5.8;5.64;5.759;81124.208
1597885200000;5.766;5.833;5.698;5.722;71427.206
1597888800000;5.729;5.751;5.659;5.67;61289.021
1597892400000;5.667;5.694;5.539;5.596;116605.655
1597896000000;5.594;5.653;5.549;5.638;73962.628
1597899600000;5.638;5.757;5.638;5.712;102112.372
1597903200000;5.715;5.821;5.643;5.769;103604.094
1597906800000;5.764;5.77;5.68;5.695;56863.224
1597910400000;5.691;5.981;5.69;5.954;243289.68
1597914000000;5.956;6.058;5.906;5.971;325254.316
1597917600000;5.974;6.117;5.939;6.098;173000.45
1597921200000;6.099;6.108;6.005;6.054;126942.722
1597924800000;6.055;6.196;6.044;6.18;234212.496
1597928400000;6.18;6.18;5.986;6.091;263524.702
1597932000000;6.093;6.099;6.004;6.075;122980.005
1597935600000;6.075;6.162;6.063;6.126;125341.478
1597939200000;6.113;6.35;6.051;6.294;250916.877
1597942800000;6.295;6.316;6.144;6.169;344324.485
1597946400000;6.171;6.269;6.16;6.266;91268.881
1597950000000;6.263;6.367;6.204;6.242;162783.38
1597953600000;6.241;6.373;6.231;6.355;118892.672
1597957200000;6.35;6.37;6.244;6.313;165636.44
1597960800000;6.314;6.32;6.165;6.195;111443.206
1597964400000;6.195;6.323;6.189;6.297;81890.861
1597968000000;6.299;6.598;6.278;6.59;254428.086
1597971600000;6.586;6.59;6.325;6.401;320042.773
1597975200000;6.402;6.6;6.267;6.289;242653.911
1597978800000;6.286;6.507;6.265;6.395;221328.377
1597982400000;6.393;6.423;6.316;6.416;117973.348
1597986000000;6.416;6.475;6.33;6.35;123517.875
1597989600000;6.358;6.359;6.244;6.247;125855.496
1597993200000;6.254;6.283;6.135;6.234;124487.073
1597996800000;6.233;6.247;6.107;6.126;130745.895
1598000400000;6.126;6.197;5.976;5.996;216984.612
1598004000000;5.997;6.08;5.953;6.08;224641.126
1598007600000;6.072;6.119;5.84;5.889;172120.423
1598011200000;5.887;6.001;5.672;5.989;444977.737
1598014800000;5.99;6.097;5.88;5.919;282458.361
1598018400000;5.925;5.999;5.892;5.98;175619.623
1598022000000;5.978;6.025;5.892;5.897;111885.233
1598025600000;5.892;5.904;5.755;5.76;138534.811
1598029200000;5.76;5.883;5.747;5.821;103982.067
1598032800000;5.823;5.823;5.7;5.79;83767.689
1598036400000;5.79;5.894;5.765;5.857;92947.001
1598040000000;5.858;5.896;5.74;5.751;69114.087
1598043600000;5.751;5.814;5.647;5.687;119104.492
1598047200000;5.686;5.828;5.681;5.763;60593.693
1598050800000;5.76;5.779;5.596;5.606;98064.194
1598054400000;5.611;5.613;5.416;5.441;245854.281
1598058000000;5.444;5.6;5.398;5.586;215307.406
1598061600000;5.586;5.625;5.511;5.53;62362.982
1598065200000;5.532;5.673;5.53;5.636;66201.114
1598068800000;5.63;5.636;5.49;5.508;80692.035
1598072400000;5.508;5.668;5.49;5.651;113362.912
1598076000000;5.65;5.735;5.62;5.728;96497.618
1598079600000;5.727;5.791;5.702;5.768;101066.853
1598083200000;5.772;5.8;5.699;5.722;104716.734
1598086800000;5.727;6.05;5.698;6.049;289167.787
1598090400000;6.045;6.24;6.001;6.204;567188.31
1598094000000;6.204;6.256;6.016;6.059;345834.479
1598097600000;6.06;6.171;6.056;6.094;177464.636
1598101200000;6.091;6.388;6.036;6.272;514641.849
1598104800000;6.274;6.379;6.21;6.251;349180.109
1598108400000;6.258;6.391;6.24;6.299;231723.099
1598112000000;6.298;6.314;6.131;6.18;229203.517
1598115600000;6.179;6.297;6.149;6.271;132032.996
1598119200000;6.278;6.29;6.184;6.231;121031.17
1598122800000;6.231;6.32;6.227;6.265;141267.838
1598126400000;6.269;6.4;6.236;6.303;266619.804
1598130000000;6.298;6.312;6.258;6.31;65775.859
1598133600000;6.308;6.314;6.229;6.307;51778.236
1598137200000;6.307;6.5;6.301;6.411;229540.894
1598140800000;6.411;6.499;6.34;6.393;194964.43
1598144400000;6.393;6.87;6.344;6.808;726225.501
1598148000000;6.808;7.287;6.75;7.054;1650720.958
1598151600000;7.058;7.184;6.905;7.055;604102.163
1598155200000;7.056;7.6;7.04;7.297;1052006.08
1598158800000;7.298;7.408;7.077;7.213;533141.72
1598162400000;7.213;7.4;7.147;7.219;417559.512
1598166000000;7.221;7.3;7.081;7.288;479814.164
1598169600000;7.288;7.35;7.142;7.218;347358.643
1598173200000;7.217;7.594;7.151;7.368;571787.537
1598176800000;7.373;7.381;6.86;7.006;794306.652
1598180400000;7.008;7.324;6.996;7.124;582702.619
1598184000000;7.122;7.382;7.05;7.328;281874.065
1598187600000;7.327;7.773;7.198;7.448;983289.669
1598191200000;7.444;7.65;7.425;7.464;574585.694
1598194800000;7.464;7.552;7.218;7.414;550280.78
1598198400000;7.407;7.888;7.399;7.721;958171.538
1598202000000;7.721;7.729;7.55;7.618;412971.09
1598205600000;7.612;7.778;7.581;7.684;334486.339
1598209200000;7.685;7.772;7.582;7.758;252419.789
1598212800000;7.763;8.192;7.701;8.16;792440.109
1598216400000;8.149;8.447;8.063;8.134;1167815.811
1598220000000;8.133;8.262;7.905;8.205;588727.314
1598223600000;8.212;8.602;8.206;8.532;835534.366
1598227200000;8.535;8.56;8.119;8.323;656555.265
1598230800000;8.324;8.328;8.104;8.153;448450.167
1598234400000;8.14;8.186;7.999;8.137;395986.721
1598238000000;8.133;8.273;8.002;8.173;442899.457
1598241600000;8.172;8.246;8.025;8.052;225134.141
1598245200000;8.057;8.15;7.851;7.918;385187.632
1598248800000;7.921;8.107;7.879;8.08;401316.153
1598252400000;8.085;8.28;8.064;8.183;339532.124
1598256000000;8.181;8.21;7.944;8.05;344663.613
1598259600000;8.05;8.078;7.965;8.06;146122.128
1598263200000;8.062;8.084;7.823;7.875;302123.835
1598266800000;7.865;7.889;7.722;7.831;391282.313
1598270400000;7.831;7.933;7.668;7.695;528085.217
1598274000000;7.696;7.893;7.679;7.826;275401.947
1598277600000;7.826;7.959;7.715;7.873;325736.459
1598281200000;7.87;8.14;7.833;7.958;572301.166
1598284800000;7.962;7.965;7.812;7.831;299797.335
1598288400000;7.832;8.192;7.713;8.084;561829.202
1598292000000;8.084;8.207;8.006;8.066;560460.014
1598295600000;8.073;8.179;7.933;8.173;237898.392
1598299200000;8.175;8.192;8.069;8.076;197511.848
1598302800000;8.076;8.25;8.059;8.15;200174.238
1598306400000;8.16;8.162;7.996;8.055;113749.519
1598310000000;8.055;8.216;8.017;8.211;122793.769
1598313600000;8.211;8.37;7.95;8.096;433694.803
1598317200000;8.089;8.314;8.082;8.213;218343.734
1598320800000;8.217;8.22;7.901;7.96;305001.804
1598324400000;7.968;7.987;7.858;7.897;250582.488
1598328000000;7.902;8.1;7.867;8.016;200524.956
1598331600000;8.016;8.125;7.987;8.066;221925.42
1598335200000;8.074;8.104;7.911;8.034;154896.96
1598338800000;8.036;8.043;7.871;7.948;149853.512
1598342400000;7.952;7.982;7.786;7.955;267666.619
1598346000000;7.957;8.35;7.95;8.276;595198.157
1598349600000;8.286;8.75;8.188;8.677;1016645.526
1598353200000;8.678;8.877;8.575;8.796;981864.714
1598356800000;8.792;8.831;8.32;8.631;988854.747
1598360400000;8.63;8.745;8.326;8.459;503155.842
1598364000000;8.459;8.459;8.216;8.216;539091.277
1598367600000;8.223;8.33;7.81;8.255;588965.11
1598371200000;8.261;8.6;8;8.053;905855.559
1598374800000;8.056;8.256;7.9;7.98;750366.07
1598378400000;7.977;8.197;7.813;8.168;549332.86
1598382000000;8.168;8.236;8.039;8.147;229911.298
1598385600000;8.154;8.185;7.98;8.021;250651.841
1598389200000;8.042;8.15;8.039;8.095;140546.914
1598392800000;8.1;8.469;8.098;8.341;369124.59
1598396400000;8.337;8.531;8.265;8.378;240849.1
1598400000000;8.377;8.653;8.313;8.353;457524.874
1598403600000;8.352;8.389;8.252;8.261;233324.834
1598407200000;8.262;8.332;8.086;8.228;290165.612
1598410800000;8.228;8.33;8.14;8.183;190243.848
1598414400000;8.183;8.29;8.088;8.11;177558.644
1598418000000;8.121;8.199;8.093;8.117;105188.562
1598421600000;8.117;8.132;7.956;7.972;293612.746
1598425200000;7.971;8.144;7.85;8.076;276910.507
1598428800000;8.082;8.24;8.053;8.125;195275.747
1598432400000;8.125;8.267;8.053;8.195;160313.686
1598436000000;8.187;8.317;8.14;8.157;202319.323
1598439600000;8.164;8.323;8.129;8.141;186428.97
1598443200000;8.142;8.221;7.86;7.911;418016.457
1598446800000;7.912;8.07;7.822;8.041;409870.155
1598450400000;8.041;8.174;8.029;8.128;292632.642
1598454000000;8.126;8.128;7.98;8.118;314377.619
1598457600000;8.117;8.276;7.893;7.907;503659.153
1598461200000;7.902;7.979;7.891;7.945;262279.728
1598464800000;7.952;7.972;7.72;7.793;393056.518
1598468400000;7.791;7.836;7.642;7.752;387177.015
1598472000000;7.752;7.832;7.665;7.781;218875.733
1598475600000;7.779;7.884;7.725;7.876;184468.294
1598479200000;7.871;7.908;7.782;7.868;150898.558
1598482800000;7.871;7.873;7.706;7.708;169608.464
1598486400000;7.707;7.825;7.683;7.801;208296.891
1598490000000;7.804;7.843;7.702;7.771;202302.991
1598493600000;7.77;7.824;7.713;7.747;116075.024
1598497200000;7.75;7.923;7.75;7.772;321028.769
1598500800000;7.772;7.8;7.57;7.638;358614.815
1598504400000;7.639;7.666;7.398;7.507;393556.679
1598508000000;7.508;7.573;7.34;7.37;334925.998
1598511600000;7.375;7.566;7.355;7.552;300116.036
1598515200000;7.55;7.55;7.414;7.47;187761.027
1598518800000;7.467;7.569;7.456;7.551;144060.85
1598522400000;7.555;7.699;7.43;7.478;270664.622
1598526000000;7.478;7.482;7.222;7.3;386368.737
1598529600000;7.299;7.366;7.2;7.316;253672.804
1598533200000;7.322;7.519;7.302;7.315;400019.761
1598536800000;7.317;7.323;7.109;7.137;301608.345
1598540400000;7.14;7.242;7.085;7.136;235634.523
1598544000000;7.136;7.327;7.012;7.025;379459.555
1598547600000;7.026;7.094;6.894;7.072;377453.67
1598551200000;7.073;7.18;6.99;7.106;240573.477
1598554800000;7.107;7.174;7.1;7.141;60618.075
1598558400000;7.143;7.23;7.096;7.198;82810.576
1598562000000;7.205;7.208;7.137;7.205;62847.844
1598565600000;7.204;7.245;7.036;7.038;133050.353
1598569200000;7.037;7.308;7.037;7.291;168222.193
1598572800000;7.291;7.306;7.123;7.293;155859.228
1598576400000;7.294;7.557;7.25;7.508;319943.886
1598580000000;7.508;7.557;7.411;7.467;195849.129
1598583600000;7.467;7.493;7.317;7.407;164267.197
1598587200000;7.406;7.497;7.311;7.487;246523.342
1598590800000;7.481;7.51;7.375;7.444;88219.429
1598594400000;7.439;7.529;7.386;7.451;123496.396
1598598000000;7.45;7.453;7.33;7.357;133618.814
1598601600000;7.357;7.38;7.287;7.331;103386.203
1598605200000;7.331;7.498;7.324;7.402;173128.222
1598608800000;7.404;7.472;7.344;7.43;111360.294
1598612400000;7.44;7.53;7.433;7.496;103162.149
1598616000000;7.499;7.526;7.418;7.461;110638.84
1598619600000;7.462;7.516;7.438;7.505;71432.099
1598623200000;7.505;7.606;7.465;7.59;125462.552
1598626800000;7.59;7.823;7.569;7.793;228234.13
1598630400000;7.793;7.844;7.628;7.633;204427.88
1598634000000;7.631;7.661;7.517;7.575;124945.737
1598637600000;7.575;7.661;7.533;7.554;64231.975
1598641200000;7.547;7.673;7.547;7.619;101094.089
1598644800000;7.611;7.74;7.607;7.693;91563.24
1598648400000;7.697;7.707;7.588;7.602;64425.671
1598652000000;7.603;7.607;7.539;7.557;75496.485
1598655600000;7.553;7.61;7.544;7.559;47135.236
1598659200000;7.563;7.584;7.461;7.51;102020.358
1598662800000;7.502;7.505;7.389;7.434;72024.289
1598666400000;7.434;7.486;7.381;7.46;51825.67
1598670000000;7.454;7.502;7.423;7.481;41065.422
1598673600000;7.485;7.547;7.42;7.514;63781.255
1598677200000;7.52;7.575;7.487;7.535;61945.019
1598680800000;7.533;7.574;7.509;7.56;39411.731
1598684400000;7.563;7.583;7.445;7.506;145124.964
1598688000000;7.508;7.619;7.462;7.565;116182.19
1598691600000;7.574;7.586;7.515;7.544;74399.353
1598695200000;7.551;7.551;7.415;7.445;96884.444
1598698800000;7.444;7.469;7.381;7.409;89149.327
1598702400000;7.411;7.493;7.392;7.441;72389.765
1598706000000;7.437;7.536;7.406;7.419;109000.452
1598709600000;7.42;7.53;7.42;7.495;61459.83
1598713200000;7.495;7.512;7.41;7.457;138581.925
1598716800000;7.457;7.477;7.395;7.446;135298.388
1598720400000;7.443;7.498;7.435;7.454;74140.518
1598724000000;7.463;7.487;7.41;7.434;46138.144
1598727600000;7.432;7.446;7.346;7.367;87946.05
1598731200000;7.37;7.438;7.37;7.418;65379.032
1598734800000;7.421;7.44;7.37;7.415;42742.519
1598738400000;7.415;7.415;7.319;7.337;90873.295
1598742000000;7.33;7.368;7.268;7.27;99971.232
1598745600000;7.27;7.37;7.264;7.326;68318.501
1598749200000;7.324;7.38;7.287;7.301;123537.687
1598752800000;7.309;7.354;7.266;7.332;73909.38
1598756400000;7.339;7.348;7.287;7.323;65323.413
1598760000000;7.324;7.34;7.281;7.293;74331.049
1598763600000;7.296;7.298;7.231;7.267;61170.901
1598767200000;7.271;7.336;7.262;7.334;38490.345
1598770800000;7.335;7.53;7.333;7.457;195293.931
1598774400000;7.455;7.83;7.437;7.8;364547.563
1598778000000;7.8;7.925;7.744;7.793;351969.411
1598781600000;7.798;7.811;7.662;7.722;178927.958
1598785200000;7.722;7.873;7.69;7.795;136730.968
1598788800000;7.801;7.894;7.753;7.793;165933.269
1598792400000;7.791;7.82;7.682;7.705;120612.514
1598796000000;7.705;7.734;7.593;7.608;118975.368
1598799600000;7.603;7.684;7.564;7.624;96710.787
1598803200000;7.623;7.7;7.526;7.67;218934.279
1598806800000;7.671;7.749;7.6;7.715;89249.114
1598810400000;7.716;7.777;7.69;7.738;75839.214
1598814000000;7.738;7.738;7.623;7.65;56795.398
1598817600000;7.65;7.685;7.569;7.612;64960.2
1598821200000;7.606;7.652;7.492;7.573;82296.557
1598824800000;7.574;7.639;7.529;7.578;95742.827
1598828400000;7.569;7.645;7.567;7.621;74807.619
1598832000000;7.622;7.819;7.617;7.693;222428.651
1598835600000;7.695;7.7;7.627;7.67;61969.595
1598839200000;7.668;7.683;7.545;7.572;47553.189
1598842800000;7.578;7.618;7.552;7.584;44388.22
1598846400000;7.581;7.643;7.559;7.562;51160.304
1598850000000;7.561;7.58;7.536;7.564;40233.911
1598853600000;7.56;7.561;7.493;7.51;72516.768
1598857200000;7.509;7.532;7.352;7.379;128253.58
1598860800000;7.37;7.426;7.333;7.387;84770.285
1598864400000;7.392;7.495;7.384;7.437;55946.415
1598868000000;7.44;7.486;7.411;7.464;51891.099
1598871600000;7.472;7.493;7.449;7.476;44535.972
1598875200000;7.483;7.529;7.442;7.465;83829.244
1598878800000;7.463;7.59;7.39;7.495;178338.637
1598882400000;7.498;7.503;7.392;7.428;74486.2
1598886000000;7.419;7.517;7.407;7.44;100018.676
1598889600000;7.443;7.542;7.422;7.496;79708.536
1598893200000;7.498;7.572;7.471;7.527;65070.586
1598896800000;7.526;7.544;7.431;7.463;83791.73
1598900400000;7.458;7.519;7.451;7.473;40559.364
1598904000000;7.468;7.481;7.387;7.425;71088.475
1598907600000;7.422;7.436;7.27;7.305;113219.051
1598911200000;7.305;7.367;7.302;7.308;70384.83
1598914800000;7.314;7.351;7.14;7.205;175331.16
1598918400000;7.205;7.26;6.978;7.226;297531.306
1598922000000;7.226;7.287;7.123;7.224;253408.595
1598925600000;7.22;7.254;7.168;7.225;79206.913
1598929200000;7.228;7.387;7.208;7.298;152948.456
1598932800000;7.3;7.399;7.279;7.387;63168.344
1598936400000;7.39;7.497;7.386;7.422;105085.222
1598940000000;7.431;7.493;7.407;7.485;87247.802
1598943600000;7.488;7.642;7.442;7.574;207882.301
1598947200000;7.569;7.58;7.427;7.467;97500.914
1598950800000;7.467;7.473;7.403;7.421;95471.729
1598954400000;7.422;7.439;7.371;7.404;118661.092
1598958000000;7.403;7.403;7.245;7.265;102426.597
1598961600000;7.269;7.345;7.214;7.295;127131.28
1598965200000;7.291;7.309;7.225;7.249;93418.061
1598968800000;7.249;7.372;7.171;7.369;153707.962
1598972400000;7.369;7.369;7.195;7.221;143275.47
1598976000000;7.224;7.355;7.191;7.257;130455.869
1598979600000;7.256;7.443;7.256;7.281;177185.768
1598983200000;7.285;7.377;7.275;7.319;65114.428
1598986800000;7.317;7.446;7.279;7.435;169276.514
1598990400000;7.43;7.46;7.214;7.222;181510.58
1598994000000;7.231;7.27;7.2;7.24;98485.59
1598997600000;7.238;7.3;7.227;7.299;75793.01
1599001200000;7.295;7.318;7.197;7.218;66999.945
1599004800000;7.224;7.31;7.158;7.164;87107.939
1599008400000;7.17;7.232;7.141;7.208;74404.922
1599012000000;7.208;7.26;7.171;7.196;33953.265
1599015600000;7.192;7.219;7.133;7.189;51424.816
1599019200000;7.191;7.268;7.188;7.225;71664.292
1599022800000;7.235;7.279;7.199;7.27;52143.944
1599026400000;7.263;7.27;7.163;7.167;89635.809
1599030000000;7.171;7.237;7.138;7.17;55224.989
1599033600000;7.17;7.189;7.072;7.148;107304.437
1599037200000;7.148;7.19;7.123;7.184;34056.421
1599040800000;7.189;7.19;7.004;7.022;102597.182
1599044400000;7.013;7.036;6.461;6.789;599891.33
1599048000000;6.788;6.86;6.726;6.84;184981.467
1599051600000;6.839;6.874;6.629;6.7;164051.938
1599055200000;6.703;6.711;6.551;6.57;158079.289
1599058800000;6.571;6.666;6.552;6.588;180168.757
1599062400000;6.58;6.58;6.407;6.513;233284.926
1599066000000;6.516;6.547;6.459;6.487;161965.758
1599069600000;6.496;6.499;6.368;6.443;261038.346
1599073200000;6.448;6.551;6.439;6.546;77327.854
1599076800000;6.551;6.551;6.46;6.53;98729.62
1599080400000;6.52;6.631;6.5;6.592;76633.71
1599084000000;6.594;6.662;6.568;6.641;77969.064
1599087600000;6.641;6.664;6.625;6.643;34698.145
1599091200000;6.642;6.74;6.58;6.723;88816.67
1599094800000;6.727;6.734;6.614;6.654;58150.792
1599098400000;6.661;6.671;6.505;6.539;70105.189
1599102000000;6.546;6.559;6.313;6.373;286015.452
1599105600000;6.375;6.42;6.175;6.179;208350.84
1599109200000;6.179;6.208;6.003;6.066;394375.698
1599112800000;6.064;6.204;6.059;6.105;218914.106
1599116400000;6.106;6.315;6.012;6.292;214880.072
1599120000000;6.29;6.392;6.252;6.358;143507.755
1599123600000;6.355;6.393;6.294;6.317;99635.83
1599127200000;6.318;6.324;6.103;6.143;141501.974
1599130800000;6.145;6.231;6.045;6.058;191440.377
1599134400000;6.056;6.098;5.437;5.826;741894.031
1599138000000;5.826;6.008;5.81;5.981;236581.219
1599141600000;5.98;5.981;5.822;5.838;142812.16
1599145200000;5.84;5.842;5.489;5.715;421300.688
1599148800000;5.715;5.809;5.614;5.614;281990.864
1599152400000;5.612;5.748;5.604;5.72;192931.481
1599156000000;5.716;5.784;5.59;5.609;152530.125
1599159600000;5.613;5.712;5.571;5.649;80223.982
1599163200000;5.646;5.694;5.617;5.643;170570.886
1599166800000;5.643;5.647;5.523;5.609;110440.288
1599170400000;5.618;5.667;5.548;5.561;66160.279
1599174000000;5.56;5.563;4.5;4.899;736569.678
1599177600000;4.901;5.195;4.789;5.178;469850.606
1599181200000;5.178;5.27;5.126;5.21;303199.61
1599184800000;5.214;5.231;5.057;5.145;236339.215
1599188400000;5.141;5.151;5.05;5.051;172134.141
1599192000000;5.056;5.183;4.979;5.125;271875.192
1599195600000;5.121;5.16;4.98;5.084;198181.214
1599199200000;5.087;5.113;4.892;4.9;283087.871
1599202800000;4.901;4.959;4.695;4.915;512289.805
1599206400000;4.914;5.258;4.909;5.228;465957.013
1599210000000;5.233;5.46;5.149;5.455;411711.768
1599213600000;5.455;5.55;5.39;5.404;428774.924
1599217200000;5.407;5.436;5.263;5.368;240913.125
1599220800000;5.371;5.434;5.272;5.379;107143.367
1599224400000;5.382;5.656;5.362;5.432;311649.789
1599228000000;5.438;5.514;4.804;5.351;632453.293
1599231600000;5.36;5.406;5.04;5.256;303393.605
1599235200000;5.26;5.355;5.123;5.34;164629.383
1599238800000;5.342;5.4;5.272;5.355;181418.76
1599242400000;5.353;5.426;5.281;5.419;147116.388
1599246000000;5.416;5.447;5.335;5.398;108660.97
1599249600000;5.398;5.46;5.33;5.433;131585.003
1599253200000;5.433;5.6;5.424;5.576;109033.786
1599256800000;5.576;5.624;5.446;5.495;183773.421
1599260400000;5.489;5.526;5.451;5.463;82632.55
1599264000000;5.468;5.675;5.437;5.591;189706.052
1599267600000;5.591;5.67;5.531;5.642;183021.759
1599271200000;5.641;5.668;5.525;5.562;181483.693
1599274800000;5.562;5.626;5.503;5.536;224861.418
1599278400000;5.536;5.67;5.476;5.573;203623.805
1599282000000;5.569;5.592;5.453;5.461;266541.405
1599285600000;5.461;5.616;5.437;5.581;249184.439
1599289200000;5.575;5.597;5.482;5.505;137323.764
1599292800000;5.5;5.51;5.266;5.275;264882.831
1599296400000;5.268;5.368;5.219;5.248;217928.349
1599300000000;5.244;5.302;5.132;5.148;162468.165
1599303600000;5.147;5.195;4.95;5.075;316811.12
1599307200000;5.071;5.177;4.761;4.807;480534.093
1599310800000;4.804;5.221;4.797;5.174;313756.697
1599314400000;5.18;5.259;5.137;5.228;162065.407
1599318000000;5.23;5.231;5.087;5.131;114239.82
1599321600000;5.131;5.165;4.825;5.027;228458.492
1599325200000;5.027;5.056;4.869;4.907;232629.935
1599328800000;4.905;4.975;4.56;4.831;398162.988
1599332400000;4.82;4.88;4.616;4.791;381294.731
1599336000000;4.799;4.886;4.719;4.852;206829.477
1599339600000;4.852;4.912;4.772;4.821;179938.25
1599343200000;4.818;4.914;4.655;4.673;188877.073
1599346800000;4.675;4.931;4.615;4.918;153517.109
1599350400000;4.91;4.978;4.859;4.929;98428.694
1599354000000;4.924;4.936;4.782;4.787;69349.393
1599357600000;4.787;4.875;4.72;4.799;102200.064
1599361200000;4.801;4.818;4.668;4.689;131220.326
1599364800000;4.691;4.788;4.55;4.58;197394.843
1599368400000;4.584;4.641;4.455;4.638;301110.304
1599372000000;4.635;4.648;4.496;4.632;110111.339
1599375600000;4.634;4.863;4.606;4.845;186504.534
1599379200000;4.845;5.081;4.788;5.043;308380.75
1599382800000;5.041;5.199;4.972;5.049;291552.62
1599386400000;5.049;5.141;4.958;5.102;209047.165
1599390000000;5.105;5.236;5.048;5.232;201439.81
1599393600000;5.232;5.35;5.172;5.193;261248.801
1599397200000;5.188;5.191;5.057;5.139;181381.809
1599400800000;5.139;5.192;5.01;5.092;157048.346
1599404400000;5.089;5.118;4.894;5.03;166599.679
1599408000000;5.028;5.2;4.934;5.168;178170.591
1599411600000;5.164;5.178;5.07;5.105;114180.415
1599415200000;5.101;5.233;5.034;5.221;143830.042
1599418800000;5.218;5.243;5.151;5.186;77403.807
1599422400000;5.191;5.204;5.125;5.132;74098.484
1599426000000;5.13;5.315;5.13;5.261;89788.692
1599429600000;5.263;5.273;5.068;5.108;101892.119
1599433200000;5.104;5.224;5.098;5.178;70631.677
1599436800000;5.177;5.258;5.171;5.204;75924.116
1599440400000;5.203;5.25;5.135;5.24;78902.214
1599444000000;5.236;5.25;5.103;5.108;88625.668
1599447600000;5.109;5.136;5.046;5.09;65175.076
1599451200000;5.09;5.116;5;5.002;66794.498
1599454800000;5.006;5.055;4.837;4.842;235402.505
1599458400000;4.836;4.959;4.831;4.869;130282.756
1599462000000;4.875;5.008;4.835;4.977;182174.912
1599465600000;4.972;5.046;4.944;4.974;162669.275
1599469200000;4.978;5.014;4.874;4.883;93323.775
1599472800000;4.882;4.927;4.793;4.799;162978.504
1599476400000;4.803;4.907;4.69;4.74;310444.443
1599480000000;4.74;4.779;4.571;4.676;261696.042
1599483600000;4.675;4.891;4.643;4.871;174625.124
1599487200000;4.873;4.896;4.739;4.764;141902.627
1599490800000;4.762;4.946;4.717;4.899;115639.814
1599494400000;4.901;4.955;4.863;4.885;93756.58
1599498000000;4.889;4.921;4.834;4.912;69991.778
1599501600000;4.911;4.953;4.836;4.854;56849.189
1599505200000;4.851;4.937;4.824;4.838;63982.22
1599508800000;4.845;4.892;4.788;4.868;44538.332
1599512400000;4.871;4.911;4.837;4.864;40103.824
1599516000000;4.863;5.112;4.863;5.075;403260.686
1599519600000;5.076;5.085;5.03;5.053;120357.443
1599523200000;5.054;5.085;4.957;4.959;107955.189
1599526800000;4.957;5.005;4.95;4.979;94976.527
1599530400000;4.975;5.139;4.965;5.123;116910.861
1599534000000;5.12;5.162;5.02;5.033;108577.938
1599537600000;5.037;5.124;4.958;4.989;118055.141
1599541200000;4.994;5.022;4.963;4.97;51657.594
1599544800000;4.973;5.097;4.936;5.089;102898.174
1599548400000;5.094;5.141;5.025;5.059;140044.192
1599552000000;5.063;5.145;4.97;4.995;129533.816
1599555600000;4.992;5.135;4.873;4.879;152145.273
1599559200000;4.872;4.92;4.817;4.879;110767.202
1599562800000;4.877;4.916;4.745;4.791;152829.705
1599566400000;4.787;4.858;4.755;4.841;91669.906
1599570000000;4.843;4.886;4.747;4.834;108977.188
1599573600000;4.833;5.01;4.822;4.952;124949.959
1599577200000;4.947;5.1;4.907;5.084;169441.469
1599580800000;5.086;5.115;4.997;5.04;165087.968
1599584400000;5.04;5.099;5.013;5.079;73693.702
1599588000000;5.081;5.113;4.881;4.942;144674.339
1599591600000;4.937;5.003;4.899;4.899;62522.186
1599595200000;4.9;5.035;4.899;4.979;58698.494
1599598800000;4.984;4.992;4.89;4.957;47812.674
1599602400000;4.958;5.04;4.755;5.012;221220.69
1599606000000;5.004;5.038;4.904;4.952;76461.626
1599609600000;4.954;5.054;4.9;5.015;111952.372
1599613200000;5.021;5.099;5;5.084;87790.135
1599616800000;5.084;5.089;4.897;4.9;80317.164
1599620400000;4.9;4.942;4.888;4.93;36481.959
1599624000000;4.933;5.047;4.896;5.01;56295.856
1599627600000;5.018;5.054;4.986;4.991;36882.183
1599631200000;4.993;5.016;4.954;4.999;17258.67
1599634800000;5.002;5.08;4.977;5.054;130087.43
1599638400000;5.054;5.109;5.014;5.099;79545.138
1599642000000;5.097;5.252;5.079;5.191;174658.361
1599645600000;5.203;5.221;5.078;5.153;138824.943
1599649200000;5.157;5.244;5.153;5.166;94795.432
1599652800000;5.164;5.219;5.119;5.14;59689.598
1599656400000;5.147;5.274;5.14;5.214;141603.355
1599660000000;5.213;5.349;5.188;5.297;127729.679
1599663600000;5.302;5.427;5.301;5.392;171378.812
1599667200000;5.391;5.425;5.288;5.39;110474.473
1599670800000;5.395;5.408;5.315;5.392;41669.194
1599674400000;5.402;5.466;5.388;5.44;60700.486
1599678000000;5.447;5.479;5.405;5.46;68177.684
1599681600000;5.46;5.493;5.374;5.375;62014.088
1599685200000;5.378;5.418;5.355;5.387;38896.645
1599688800000;5.388;5.456;5.354;5.407;48240.056
1599692400000;5.409;5.442;5.287;5.32;99961.61
1599696000000;5.317;5.511;5.314;5.454;126800.425
1599699600000;5.446;5.556;5.411;5.502;107730.355
1599703200000;5.497;5.564;5.439;5.441;124637.862
1599706800000;5.445;5.517;5.35;5.37;350197.315
1599710400000;5.367;5.428;5.351;5.377;117176.208
1599714000000;5.38;5.405;5.325;5.337;122496.331
1599717600000;5.334;5.364;5.261;5.305;104894.507
1599721200000;5.303;5.33;5.197;5.24;125092.742
1599724800000;5.241;5.273;5.172;5.236;94329.163
1599728400000;5.235;5.318;5.223;5.286;87464.054
1599732000000;5.29;5.344;5.224;5.239;71490.817
1599735600000;5.236;5.334;5.229;5.311;54172.912
1599739200000;5.317;5.401;5.306;5.365;156000.234
1599742800000;5.363;5.445;5.351;5.423;94788.238
1599746400000;5.429;5.465;5.315;5.338;133088.892
1599750000000;5.333;5.379;5.325;5.367;45006.069
1599753600000;5.368;5.415;5.282;5.309;92590.393
1599757200000;5.315;5.422;5.315;5.39;67430.736
1599760800000;5.386;5.407;5.259;5.291;60037.784
1599764400000;5.29;5.306;5.254;5.292;39090.577
1599768000000;5.288;5.332;5.288;5.315;19266.64
1599771600000;5.319;5.37;5.291;5.335;23910.282
1599775200000;5.334;5.353;5.287;5.315;48569.155
1599778800000;5.318;5.336;5.286;5.324;28444.021
1599782400000;5.325;5.394;5.308;5.308;56972.262
1599786000000;5.308;5.332;5.237;5.257;66463.995
1599789600000;5.253;5.266;5.139;5.193;76879.979
1599793200000;5.192;5.221;5.048;5.09;81686.164
1599796800000;5.094;5.188;5.061;5.131;63814.79
1599800400000;5.129;5.216;5.127;5.195;30294.358
1599804000000;5.199;5.235;5.114;5.201;77860.849
1599807600000;5.2;5.241;5.149;5.241;55322.673
1599811200000;5.241;5.3;5.186;5.247;99344.419
1599814800000;5.254;5.35;5.251;5.284;92793.767
1599818400000;5.288;5.535;5.214;5.379;219420.614
1599822000000;5.379;5.397;5.197;5.213;105133.526
1599825600000;5.214;5.3;5.21;5.285;37310.904
1599829200000;5.291;5.369;5.255;5.274;77577.089
1599832800000;5.277;5.352;5.24;5.341;99904.74
1599836400000;5.34;5.362;5.291;5.298;80138.591
1599840000000;5.299;5.353;5.263;5.277;76441.92
1599843600000;5.28;5.31;5.2;5.228;78538.59
1599847200000;5.228;5.253;5.201;5.209;92891.196
1599850800000;5.211;5.219;5.165;5.196;113868.833
1599854400000;5.196;5.237;5.125;5.173;126925.38
1599858000000;5.171;5.199;5.168;5.195;31297.194
1599861600000;5.197;5.371;5.167;5.308;460372.779
1599865200000;5.31;5.368;5.215;5.342;284120.142
1599868800000;5.345;5.358;5.247;5.289;57772.784
1599872400000;5.292;5.393;5.29;5.377;96858.4
1599876000000;5.376;5.441;5.287;5.317;171470.845
1599879600000;5.314;5.387;5.269;5.324;82150.403
1599883200000;5.324;5.368;5.317;5.348;57051.156
1599886800000;5.343;5.363;5.314;5.321;35118.472
1599890400000;5.314;5.327;5.226;5.251;151001.825
1599894000000;5.248;5.309;5.223;5.299;71835.19
1599897600000;5.295;5.3;5.233;5.254;122461.705
1599901200000;5.254;5.318;5.247;5.311;84712.028
1599904800000;5.316;5.326;5.278;5.296;52602.474
1599908400000;5.292;5.323;5.28;5.307;50299.538
1599912000000;5.306;5.315;5.233;5.261;52159.01
1599915600000;5.268;5.285;5.18;5.233;103144.859
1599919200000;5.232;5.331;5.215;5.307;83183.973
1599922800000;5.315;5.339;5.287;5.309;62337.471
1599926400000;5.32;5.32;5.267;5.286;28263.123
1599930000000;5.288;5.588;5.268;5.547;447204.401
1599933600000;5.551;5.719;5.543;5.636;368238.839
1599937200000;5.634;5.67;5.564;5.62;143711.325
1599940800000;5.622;5.668;5.545;5.581;104699.651
1599944400000;5.585;5.624;5.55;5.615;78164.772
1599948000000;5.615;5.626;5.536;5.591;70729.318
1599951600000;5.592;5.646;5.573;5.603;55299.655
1599955200000;5.603;5.634;5.529;5.593;86595.406
1599958800000;5.594;5.744;5.594;5.666;251634.189
1599962400000;5.663;5.7;5.604;5.646;83768.713
1599966000000;5.645;5.747;5.633;5.715;97931.59
1599969600000;5.724;5.731;5.645;5.652;84155.799
1599973200000;5.648;5.669;5.617;5.627;52728.925
1599976800000;5.628;5.74;5.626;5.736;67282.327
1599980400000;5.734;5.757;5.68;5.749;91271.336
1599984000000;5.755;5.857;5.697;5.738;158362.605
1599987600000;5.73;5.774;5.504;5.618;178505.652
1599991200000;5.622;5.629;5.465;5.555;178212.139
1599994800000;5.549;5.623;5.354;5.404;205697.147
1599998400000;5.408;5.488;5.338;5.339;194095.362
1600002000000;5.35;5.44;5.25;5.418;147655.94
1600005600000;5.416;5.441;5.32;5.375;136049.616
1600009200000;5.374;5.41;5.211;5.222;167848.889
1600012800000;5.227;5.248;5.139;5.157;223383.291
1600016400000;5.156;5.229;5.105;5.206;103148.026
1600020000000;5.2;5.215;5.148;5.167;48523.435
1600023600000;5.166;5.255;5.143;5.211;156585.306
1600027200000;5.213;5.256;5.153;5.161;98777.285
1600030800000;5.161;5.232;5.128;5.174;82098.359
1600034400000;5.176;5.221;5.162;5.19;28137.507
1600038000000;5.191;5.32;5.172;5.32;69815.067
1600041600000;5.317;5.32;5.12;5.145;99688.404
1600045200000;5.146;5.228;5.146;5.218;59654.566
1600048800000;5.229;5.327;5.229;5.286;90468.989
1600052400000;5.284;5.327;5.18;5.242;181661.244
1600056000000;5.242;5.26;5.186;5.236;64079.349
1600059600000;5.237;5.249;5.135;5.196;107701.057
1600063200000;5.198;5.251;5.177;5.214;53475.546
1600066800000;5.214;5.302;5.189;5.299;54700
1600070400000;5.298;5.36;5.215;5.232;70304.816
1600074000000;5.241;5.287;5.184;5.271;45827.736
1600077600000;5.271;5.337;5.265;5.31;41740.271
1600081200000;5.306;5.432;5.287;5.385;94757.119
1600084800000;5.383;5.416;5.316;5.371;81089.649
1600088400000;5.376;5.518;5.374;5.465;132782.216
1600092000000;5.476;5.5;5.401;5.413;112496.24
1600095600000;5.419;5.468;5.413;5.438;64765.291
1600099200000;5.438;5.539;5.399;5.519;122764.062
1600102800000;5.519;5.534;5.38;5.413;90719.535
1600106400000;5.414;5.421;5.341;5.384;49268.941
1600110000000;5.383;5.416;5.351;5.388;25598.463
1600113600000;5.383;5.452;5.375;5.419;51106.078
1600117200000;5.417;5.477;5.37;5.456;59220.002
1600120800000;5.456;5.465;5.337;5.349;38591.768
1600124400000;5.342;5.43;5.313;5.381;101829.909
1600128000000;5.377;5.444;5.35;5.383;101223.205
1600131600000;5.384;5.388;5.302;5.344;78723.274
1600135200000;5.338;5.431;5.321;5.396;88349.553
1600138800000;5.392;5.425;5.309;5.328;64471.853
1600142400000;5.33;5.343;5.245;5.287;85163.668
1600146000000;5.271;5.317;5.258;5.299;68779.346
1600149600000;5.295;5.332;5.225;5.323;76543.291
1600153200000;5.322;5.368;5.267;5.316;70808.913
1600156800000;5.315;5.349;5.182;5.219;98028.267
1600160400000;5.225;5.295;5.205;5.276;45115.213
1600164000000;5.278;5.377;5.25;5.368;81549.9
1600167600000;5.368;5.377;5.308;5.314;50433.425
1600171200000;5.311;5.453;5.294;5.41;143395.884
1600174800000;5.411;5.419;5.233;5.233;95318.184
1600178400000;5.239;5.241;5.104;5.126;130535.195
1600182000000;5.128;5.172;4.776;5.015;1511326.649
1600185600000;5.015;5.038;4.946;5.026;136137.486
1600189200000;5.027;5.052;4.976;5.041;99549.759
1600192800000;5.041;5.051;4.959;4.98;89572.183
1600196400000;4.98;4.98;4.891;4.898;113542.221
1600200000000;4.9;4.981;4.881;4.981;97956.386
1600203600000;4.978;4.993;4.864;4.915;205971.416
1600207200000;4.912;4.934;4.852;4.876;52434.634
1600210800000;4.875;4.882;4.797;4.866;100006.537
1600214400000;4.864;4.868;4.682;4.747;179621.295
1600218000000;4.754;4.844;4.75;4.843;62319.852
1600221600000;4.838;4.879;4.793;4.855;40341.977
1600225200000;4.856;4.88;4.808;4.866;43151.281
1600228800000;4.861;4.914;4.837;4.908;69515.042
1600232400000;4.905;4.989;4.89;4.919;60629.532
1600236000000;4.924;4.964;4.852;4.951;85083.678
1600239600000;4.951;4.979;4.912;4.965;62738.615
1600243200000;4.975;5.035;4.961;4.984;47702.351
1600246800000;4.989;5.041;4.955;5.025;32266.391
1600250400000;5.023;5.064;4.932;4.94;54202.213
1600254000000;4.943;5.002;4.923;4.995;40908.239
1600257600000;5;5.06;4.953;5.008;78205.552
1600261200000;5.005;5.036;4.984;5.025;29136.395
1600264800000;5.027;5.033;4.937;4.959;31420.461
1600268400000;4.953;5.028;4.946;5.001;35704.814
1600272000000;4.996;5.022;4.933;4.938;30376.687
1600275600000;4.938;4.966;4.894;4.906;30889.536
1600279200000;4.912;4.928;4.867;4.87;43796.734
1600282800000;4.878;4.885;4.836;4.863;30834.544
1600286400000;4.87;4.891;4.837;4.882;12642.526
1600290000000;4.879;4.908;4.84;4.908;51468.482
1600293600000;4.906;5.039;4.875;5.035;90910.788
1600297200000;5.033;5.189;4.977;5.122;182343.056
1600300800000;5.119;5.224;5.064;5.168;120828.586
1600304400000;5.167;5.204;5.049;5.064;131369.235
1600308000000;5.062;5.068;4.996;5.008;67921.785
1600311600000;5.003;5.069;4.95;5.062;110166.276
1600315200000;5.062;5.1;5.05;5.087;59098.333
1600318800000;5.084;5.156;5.07;5.144;59790.005
1600322400000;5.141;5.141;5.034;5.057;50879.241
1600326000000;5.064;5.072;5;5.056;57126.511
1600329600000;5.056;5.088;5.006;5.025;46454.09
1600333200000;5.022;5.06;4.99;5.041;92411.999
1600336800000;5.041;5.06;4.868;4.95;171618.773
1600340400000;4.949;4.999;4.917;4.992;57951.053
1600344000000;4.993;5.004;4.892;4.894;74433.346
1600347600000;4.899;5;4.899;4.999;94436.121
1600351200000;5;5.037;4.946;4.999;80346.648
1600354800000;5.005;5.061;4.991;5.024;78420.015
1600358400000;5.027;5.085;5.027;5.08;70560.246
1600362000000;5.085;5.123;5.08;5.089;46499.013
1600365600000;5.089;5.14;5.089;5.117;61024.844
1600369200000;5.112;5.123;5.027;5.06;79274.91
1600372800000;5.062;5.076;5.036;5.055;26861.499
1600376400000;5.058;5.083;5.041;5.064;16397.111
1600380000000;5.069;5.07;4.998;5.03;41940.911
1600383600000;5.035;5.093;5.035;5.062;37211.134
1600387200000;5.067;5.125;5.05;5.091;52851.757
1600390800000;5.09;5.154;5.06;5.106;91124.625
1600394400000;5.109;5.214;5.107;5.167;104490.696
1600398000000;5.173;5.182;5.14;5.166;53938.482
1600401600000;5.162;5.167;5.089;5.11;66098.103
1600405200000;5.115;5.162;5.067;5.162;67479.863
1600408800000;5.163;5.171;5.088;5.149;79895.421
1600412400000;5.146;5.179;5.127;5.161;41654.479
1600416000000;5.165;5.166;5.109;5.14;29721.065
1600419600000;5.14;5.172;5.127;5.152;32748.14
1600423200000;5.157;5.163;5.116;5.118;53376.83
1600426800000;5.118;5.142;5.065;5.076;61756.606
1600430400000;5.076;5.09;5.021;5.079;58219.106
1600434000000;5.076;5.082;4.972;4.999;88500.851
1600437600000;4.996;5.038;4.991;4.999;94801.41
1600441200000;4.999;4.999;4.886;4.942;112421.213
1600444800000;4.937;4.964;4.887;4.936;54481.621
1600448400000;4.932;4.976;4.773;4.809;254989.094
1600452000000;4.807;4.879;4.799;4.86;66838.76
1600455600000;4.855;4.898;4.826;4.896;37651.238
1600459200000;4.896;5;4.846;4.884;127030.739
1600462800000;4.887;4.948;4.887;4.93;48928.015
1600466400000;4.93;5.01;4.902;5;55984.363
1600470000000;5.003;5.01;4.865;4.966;64608.433
1600473600000;4.961;5.004;4.912;4.938;47061.586
1600477200000;4.94;4.995;4.921;4.965;40350.981
1600480800000;4.964;5;4.945;4.968;24759.822
1600484400000;4.968;4.976;4.901;4.955;41162.568
1600488000000;4.956;4.981;4.871;4.93;226338.909
1600491600000;4.932;4.953;4.859;4.893;33765.374
1600495200000;4.894;4.973;4.869;4.953;78341.378
1600498800000;4.955;4.964;4.859;4.859;37915.285
1600502400000;4.864;4.97;4.861;4.95;92877.714
1600506000000;4.951;4.973;4.927;4.947;47681.933
1600509600000;4.944;4.967;4.91;4.959;28132.143
1600513200000;4.962;5.02;4.948;4.999;62715.618
1600516800000;5;5.039;4.969;5.03;65872.147
1600520400000;5.03;5.04;5.003;5.011;45733.909
1600524000000;5.011;5.024;4.922;4.946;122500.417
1600527600000;4.947;4.973;4.94;4.955;27769.173
1600531200000;4.959;4.977;4.934;4.948;29832.125
1600534800000;4.945;5.001;4.937;5.001;22169.675
1600538400000;4.999;5.001;4.884;4.92;66662.225
1600542000000;4.924;4.926;4.873;4.893;32648.116
1600545600000;4.89;4.927;4.882;4.911;27086.163
1600549200000;4.91;4.927;4.9;4.92;22963.224
1600552800000;4.921;4.939;4.887;4.927;24654.202
1600556400000;4.926;4.944;4.904;4.943;21248.861
1600560000000;4.942;5.006;4.92;4.961;65670.28
1600563600000;4.965;4.975;4.871;4.949;71723.013
1600567200000;4.946;4.957;4.897;4.9;40576.84
1600570800000;4.896;4.945;4.887;4.907;22887.574
1600574400000;4.907;4.956;4.903;4.956;27376.458
1600578000000;4.956;4.961;4.902;4.961;44132.289
1600581600000;4.956;5.018;4.937;4.994;41327.489
1600585200000;4.994;5.094;4.985;5.003;81857.368
1600588800000;5;5.071;4.996;5.029;51887.996
1600592400000;5.033;5.039;4.975;4.989;34022.222
1600596000000;4.988;5.056;4.984;5.037;29597.91
1600599600000;5.041;5.045;5.005;5.019;28218.182
1600603200000;5.014;5.032;4.876;4.898;111203.779
1600606800000;4.886;4.898;4.723;4.829;151182.745
1600610400000;4.816;4.832;4.777;4.783;40469.353
1600614000000;4.784;4.825;4.76;4.783;37353.684
1600617600000;4.78;4.78;4.631;4.746;145284.178
1600621200000;4.737;4.772;4.715;4.766;70453.584
1600624800000;4.766;4.773;4.696;4.766;34423.2
1600628400000;4.765;4.79;4.729;4.741;9630.455
1600632000000;4.74;4.748;4.587;4.587;67225.35
1600635600000;4.594;4.688;4.582;4.627;43890.836
1600639200000;4.623;4.654;4.535;4.637;79986.297
1600642800000;4.636;4.683;4.576;4.664;60654.292
1600646400000;4.663;4.729;4.607;4.705;37845.528
1600650000000;4.707;4.734;4.675;4.686;38243.703
1600653600000;4.687;4.711;4.666;4.681;20123.105
1600657200000;4.682;4.7;4.652;4.682;33294.691
1600660800000;4.682;4.7;4.656;4.659;23738.128
1600664400000;4.659;4.665;4.607;4.652;84417.831
1600668000000;4.653;4.669;4.609;4.647;59272.55
1600671600000;4.646;4.651;4.553;4.562;43646.308
1600675200000;4.564;4.584;4.452;4.514;156342.036
1600678800000;4.513;4.52;4.244;4.255;284498.9
1600682400000;4.25;4.289;4.138;4.282;322633.085
1600686000000;4.276;4.277;4.141;4.228;225541.817
1600689600000;4.229;4.229;4.052;4.153;272738.844
1600693200000;4.152;4.242;4.14;4.145;169392.923
1600696800000;4.14;4.149;3.951;4.062;365523.881
1600700400000;4.06;4.137;4.059;4.098;107601.086
1600704000000;4.093;4.163;4.03;4.092;122706.64
1600707600000;4.091;4.12;4.074;4.09;58275.061
1600711200000;4.088;4.113;4.052;4.109;60554.714
1600714800000;4.106;4.156;4.102;4.155;70672.003
1600718400000;4.152;4.182;4.126;4.15;79536.678
1600722000000;4.148;4.274;4.131;4.203;110621.681
1600725600000;4.202;4.232;4.145;4.159;70409.129
1600729200000;4.154;4.165;4.068;4.081;68914.909
1600732800000;4.084;4.186;4.046;4.147;124759.475
1600736400000;4.147;4.151;4.06;4.108;69323.103
1600740000000;4.113;4.208;4.099;4.201;69025.023
1600743600000;4.198;4.25;4.165;4.234;102937.925
1600747200000;4.234;4.275;4.21;4.217;67442.835
1600750800000;4.222;4.226;4.166;4.209;106244.249
1600754400000;4.208;4.24;4.1;4.113;112234.047
1600758000000;4.113;4.151;4.033;4.036;133499.791
1600761600000;4.032;4.151;4.022;4.128;73579.854
1600765200000;4.123;4.144;4.095;4.133;42874.522
1600768800000;4.133;4.217;4.131;4.195;79933.312
1600772400000;4.195;4.224;4.155;4.167;56086.289
1600776000000;4.165;4.212;4.124;4.195;64238.955
1600779600000;4.195;4.233;4.155;4.164;69627.347
1600783200000;4.167;4.206;4.151;4.163;41715.035
1600786800000;4.157;4.204;4.147;4.182;54691.156
1600790400000;4.183;4.217;4.167;4.174;59406.039
1600794000000;4.179;4.257;4.156;4.235;125578.884
1600797600000;4.24;4.262;4.221;4.254;87180.068
1600801200000;4.255;4.255;4.194;4.22;40137.97
1600804800000;4.213;4.223;4.172;4.189;62766.198
1600808400000;4.189;4.222;4.144;4.215;59593.285
1600812000000;4.211;4.211;4.17;4.197;46639.975
1600815600000;4.192;4.218;4.168;4.21;41585.75
1600819200000;4.205;4.244;4.189;4.216;49510.194
1600822800000;4.215;4.304;4.21;4.251;119486.537
1600826400000;4.248;4.267;4.207;4.222;54220.574
1600830000000;4.225;4.227;4.156;4.162;53072.248
1600833600000;4.162;4.172;4.123;4.145;66289.508
1600837200000;4.145;4.202;4.123;4.167;56461.692
1600840800000;4.166;4.173;4.086;4.138;63434.995
1600844400000;4.133;4.154;4.059;4.128;98849.675
1600848000000;4.127;4.153;4.09;4.121;97937.692
1600851600000;4.121;4.186;4.119;4.177;74133.799
1600855200000;4.172;4.198;4.134;4.186;52563.084
1600858800000;4.189;4.213;4.164;4.17;46190.378
1600862400000;4.167;4.232;4.146;4.217;82979.522
1600866000000;4.219;4.258;4.218;4.231;72299.522
1600869600000;4.232;4.242;4.15;4.153;47920.852
1600873200000;4.158;4.185;4.092;4.107;181547.253
1600876800000;4.105;4.155;4.092;4.123;86784.418
1600880400000;4.119;4.137;4.087;4.09;47823.974
1600884000000;4.089;4.098;4.002;4.003;102039.961
1600887600000;4.018;4.027;3.928;3.943;170282.34
1600891200000;3.942;3.97;3.79;3.904;227794.181
1600894800000;3.909;3.95;3.844;3.886;74440.337
1600898400000;3.885;3.911;3.859;3.899;52219.926
1600902000000;3.899;3.904;3.813;3.839;56838.172
1600905600000;3.844;3.898;3.78;3.874;90541.75
1600909200000;3.877;3.92;3.856;3.887;48964.061
1600912800000;3.887;3.937;3.87;3.884;47434.516
1600916400000;3.892;3.927;3.887;3.906;45253.84
1600920000000;3.907;3.933;3.855;3.865;73655.59
1600923600000;3.863;3.936;3.857;3.892;92488.594
1600927200000;3.898;3.952;3.896;3.935;77170.435
1600930800000;3.933;4.129;3.929;4.113;169850.087
1600934400000;4.114;4.135;4.03;4.053;176486.649
1600938000000;4.05;4.14;4.034;4.14;119284.459
1600941600000;4.14;4.221;4.113;4.205;154018.787
1600945200000;4.202;4.249;4.17;4.2;158934.139
1600948800000;4.2;4.3;4.16;4.19;184408.424
1600952400000;4.191;4.207;4.094;4.155;126688.8
1600956000000;4.156;4.194;4.15;4.178;51836.717
1600959600000;4.178;4.268;4.152;4.248;104086.326
1600963200000;4.248;4.373;4.248;4.373;183405.544
1600966800000;4.37;4.399;4.315;4.328;130668.849
1600970400000;4.326;4.373;4.324;4.367;57202.204
1600974000000;4.363;4.461;4.363;4.458;131425.241
1600977600000;4.458;4.55;4.419;4.484;177188.136
1600981200000;4.484;4.488;4.419;4.45;90724.257
1600984800000;4.45;4.519;4.429;4.511;98168.803
1600988400000;4.505;4.528;4.448;4.483;63099.725
1600992000000;4.483;4.507;4.43;4.465;65020.509
1600995600000;4.467;4.545;4.46;4.532;106189.835
1600999200000;4.534;4.592;4.509;4.559;121590.192
1601002800000;4.558;4.565;4.472;4.485;56367.469
1601006400000;4.486;4.572;4.484;4.522;80680.968
1601010000000;4.522;4.525;4.42;4.426;90126.335
1601013600000;4.429;4.549;4.422;4.547;121378.6
1601017200000;4.544;4.56;4.507;4.516;48271.587
1601020800000;4.514;4.523;4.366;4.377;102995.395
1601024400000;4.377;4.43;4.353;4.39;83973.155
1601028000000;4.385;4.444;4.38;4.416;42896.128
1601031600000;4.416;4.508;4.368;4.483;89106.807
1601035200000;4.484;4.569;4.441;4.454;150506.858
1601038800000;4.455;4.484;4.416;4.428;77249.518
1601042400000;4.433;4.46;4.384;4.458;71119.23
1601046000000;4.454;4.521;4.404;4.521;118904.968
1601049600000;4.521;4.537;4.434;4.46;56824.766
1601053200000;4.459;4.537;4.437;4.526;69816.825
1601056800000;4.523;4.72;4.504;4.71;283555.032
1601060400000;4.711;4.725;4.622;4.633;114542.404
1601064000000;4.627;4.69;4.618;4.666;126872.229
1601067600000;4.666;4.8;4.633;4.783;122849.527
1601071200000;4.784;4.784;4.664;4.668;78174.452
1601074800000;4.674;4.802;4.674;4.791;105374.715
1601078400000;4.791;4.817;4.717;4.724;65419.708
1601082000000;4.724;4.786;4.703;4.759;51707.713
1601085600000;4.762;4.774;4.704;4.729;22961.018
1601089200000;4.728;4.749;4.697;4.708;36884.306
1601092800000;4.713;4.759;4.685;4.757;47252.218
1601096400000;4.757;4.819;4.738;4.76;54786.764
1601100000000;4.755;4.812;4.737;4.749;40241.026
1601103600000;4.749;4.749;4.681;4.703;52158.276
1601107200000;4.702;4.714;4.651;4.668;38031.123
1601110800000;4.668;4.71;4.653;4.699;43003.583
1601114400000;4.697;4.697;4.616;4.682;70659.77
1601118000000;4.681;4.681;4.641;4.656;48613.981
1601121600000;4.656;4.657;4.541;4.562;95008.239
1601125200000;4.556;4.556;4.471;4.481;83513.304
1601128800000;4.481;4.583;4.466;4.56;57171.204
1601132400000;4.563;4.61;4.558;4.602;33515.243
1601136000000;4.602;4.619;4.559;4.612;58629.957
1601139600000;4.615;4.615;4.574;4.59;28610.088
1601143200000;4.59;4.611;4.521;4.537;85036.171
1601146800000;4.54;4.568;4.503;4.55;51299.591
1601150400000;4.558;4.584;4.53;4.553;78901.431
1601154000000;4.553;4.576;4.513;4.517;38190.485
1601157600000;4.512;4.566;4.5;4.552;19390.213
1601161200000;4.556;4.61;4.54;4.607;72979.722
1601164800000;4.603;4.669;4.59;4.644;64950.691
1601168400000;4.643;4.79;4.63;4.681;291136.705
1601172000000;4.686;4.743;4.643;4.737;86004.318
1601175600000;4.737;4.748;4.691;4.711;58143.139
1601179200000;4.714;4.734;4.657;4.706;56659.673
1601182800000;4.709;4.757;4.676;4.74;49946.346
1601186400000;4.742;4.749;4.598;4.627;84841.624
1601190000000;4.623;4.644;4.615;4.644;35202.788
1601193600000;4.644;4.644;4.551;4.593;62850.205
1601197200000;4.596;4.642;4.556;4.579;50809.993
1601200800000;4.58;4.635;4.574;4.588;35666.301
1601204400000;4.585;4.611;4.55;4.555;30455.718
1601208000000;4.556;4.642;4.523;4.634;37497.043
1601211600000;4.639;4.715;4.624;4.691;53872.114
1601215200000;4.694;4.71;4.66;4.703;28609.615
1601218800000;4.703;4.75;4.648;4.75;75817.157
1601222400000;4.749;4.795;4.698;4.704;97875.81
1601226000000;4.704;4.803;4.689;4.758;177222.891
1601229600000;4.757;4.772;4.687;4.697;54899.136
1601233200000;4.697;4.731;4.688;4.706;41951.478
1601236800000;4.708;4.729;4.693;4.7;28842.261
1601240400000;4.7;4.7;4.661;4.67;38717.963
1601244000000;4.672;4.709;4.672;4.688;35180.223
1601247600000;4.696;4.739;4.657;4.727;51921.755
1601251200000;4.727;4.819;4.72;4.806;108035.332
1601254800000;4.812;4.888;4.794;4.888;118098.268
1601258400000;4.889;4.995;4.877;4.936;346033.04
1601262000000;4.94;5.033;4.921;4.989;159597.867
1601265600000;4.993;5.08;4.957;5.057;152945.073
1601269200000;5.06;5.076;4.95;4.977;153630.455
1601272800000;4.981;4.996;4.915;4.916;143700.605
1601276400000;4.922;4.942;4.865;4.917;114624.768
1601280000000;4.917;4.968;4.888;4.938;94536.605
1601283600000;4.938;4.977;4.92;4.961;60693.713
1601287200000;4.961;5.145;4.93;5.081;285041.52
1601290800000;5.085;5.201;5.052;5.114;277100.023
1601294400000;5.114;5.177;5.085;5.13;144014.472
1601298000000;5.13;5.137;5.04;5.051;130105.496
1601301600000;5.063;5.093;5.051;5.063;83740.323
1601305200000;5.062;5.075;4.83;4.969;999085.426
1601308800000;4.97;5.002;4.939;4.983;110887.245
1601312400000;4.979;5.025;4.968;5.022;57786.682
1601316000000;5.015;5.015;4.951;4.979;42278.594
1601319600000;4.977;4.993;4.929;4.95;60250.372
1601323200000;4.956;4.957;4.915;4.938;39376.355
1601326800000;4.943;4.964;4.896;4.959;38608.906
1601330400000;4.959;5.022;4.944;4.978;65222.732
1601334000000;4.977;5.005;4.798;4.826;149226.118
1601337600000;4.826;4.899;4.802;4.881;70041.829
1601341200000;4.881;4.909;4.8;4.813;98548.057
1601344800000;4.811;4.889;4.801;4.873;55679.202
1601348400000;4.873;4.942;4.858;4.921;83420.236
1601352000000;4.917;4.987;4.913;4.951;56476.152
1601355600000;4.946;4.956;4.874;4.875;65945.504
1601359200000;4.875;4.991;4.862;4.959;89037.021
1601362800000;4.96;5.041;4.939;5.007;135417.97
1601366400000;5.007;5.008;4.96;4.984;53953.74
1601370000000;4.982;5;4.878;4.895;151782.021
1601373600000;4.897;4.958;4.883;4.925;61713.726
1601377200000;4.926;4.977;4.92;4.941;63057.389
1601380800000;4.945;4.96;4.91;4.958;47371.812
1601384400000;4.954;4.955;4.85;4.923;111070.165
1601388000000;4.925;4.958;4.911;4.939;69293.436
1601391600000;4.942;5.062;4.912;4.96;150731.926
1601395200000;4.964;4.97;4.855;4.906;128133.851
1601398800000;4.902;4.935;4.855;4.909;99537.879
1601402400000;4.913;4.947;4.879;4.936;49280.916
1601406000000;4.936;5.087;4.931;5.065;83758.168
1601409600000;5.073;5.326;5.068;5.305;690381.028
1601413200000;5.305;5.363;5.255;5.363;219654.458
1601416800000;5.363;5.376;5.279;5.312;92390.021
1601420400000;5.32;5.339;5.26;5.309;70702.011
1601424000000;5.304;5.319;5.203;5.215;126521.154
1601427600000;5.217;5.27;5.192;5.206;110992.736
1601431200000;5.213;5.3;5.203;5.278;94012.687
1601434800000;5.28;5.503;5.271;5.461;527042.269
1601438400000;5.462;5.469;5.36;5.385;186776.231
1601442000000;5.385;5.476;5.313;5.338;139808.901
1601445600000;5.338;5.411;5.316;5.357;99988.445
1601449200000;5.356;5.443;5.328;5.399;135126.79
1601452800000;5.397;5.469;5.329;5.44;126992.511
1601456400000;5.437;5.438;5.353;5.391;75089.418
1601460000000;5.391;5.497;5.37;5.475;219653.417
1601463600000;5.475;5.488;5.366;5.369;117723.499
1601467200000;5.367;5.529;5.363;5.482;214136.636
1601470800000;5.479;5.53;5.44;5.473;154665.866
1601474400000;5.473;5.529;5.473;5.52;81309.688
1601478000000;5.518;5.57;5.43;5.476;270963.186
1601481600000;5.475;5.528;5.399;5.405;182923.592
1601485200000;5.407;5.427;5.381;5.407;68597.619
1601488800000;5.402;5.409;5.343;5.373;67566.335
1601492400000;5.37;5.393;5.329;5.337;56753.228
1601496000000;5.343;5.368;5.248;5.309;134795.496
1601499600000;5.313;5.348;5.282;5.298;62021.708
1601503200000;5.297;5.364;5.293;5.319;78230.73
1601506800000;5.314;5.374;5.312;5.372;42970.572
1601510400000;5.374;5.465;5.344;5.465;94187.661
1601514000000;5.465;5.516;5.428;5.454;117279.026
1601517600000;5.457;5.499;5.413;5.447;50588.709
1601521200000;5.448;5.492;5.423;5.467;57801.917
1601524800000;5.473;5.489;5.436;5.449;19835.52
1601528400000;5.45;5.596;5.443;5.557;95595.949
1601532000000;5.561;5.573;5.464;5.483;72004.192
1601535600000;5.48;5.534;5.443;5.52;149018.101
1601539200000;5.518;5.54;5.463;5.467;81820.821
1601542800000;5.465;5.492;5.444;5.481;47628.66
1601546400000;5.477;5.51;5.448;5.488;49357.864
1601550000000;5.492;5.533;5.491;5.53;46494.012
1601553600000;5.527;5.546;5.44;5.479;154849.579
1601557200000;5.472;5.475;5.391;5.424;73052.55
1601560800000;5.418;5.424;5.341;5.389;99528.579
1601564400000;5.391;5.402;5.274;5.277;121867.277
1601568000000;5.278;5.279;5.05;5.113;464433.255
1601571600000;5.11;5.128;4.97;4.993;210871.599
1601575200000;4.991;5.161;4.962;5.144;144173.889
1601578800000;5.139;5.19;5.125;5.158;80546.777
1601582400000;5.154;5.157;5.04;5.069;115232.819
1601586000000;5.068;5.077;5.02;5.036;54626.008
1601589600000;5.032;5.119;5.017;5.095;74635.973
1601593200000;5.098;5.14;5.08;5.135;33537.854
1601596800000;5.132;5.132;5.066;5.1;96386.668
1601600400000;5.103;5.166;5.1;5.138;51248.019
1601604000000;5.142;5.234;5.134;5.216;79693.022
1601607600000;5.216;5.258;5.169;5.25;189220.628
1601611200000;5.25;5.273;5.162;5.166;78920.297
1601614800000;5.161;5.169;4.864;4.914;473396.701
1601618400000;4.91;5.032;4.886;4.993;169938.286
1601622000000;4.989;4.999;4.911;4.936;86740.72
1601625600000;4.934;4.938;4.755;4.819;197286.569
1601629200000;4.811;4.826;4.685;4.759;220107.74
1601632800000;4.76;4.794;4.637;4.742;211447.672
1601636400000;4.747;4.812;4.74;4.748;133562.702
1601640000000;4.748;4.84;4.725;4.837;132285.285
1601643600000;4.841;4.904;4.726;4.831;280654.919
1601647200000;4.835;4.918;4.835;4.91;116071.069
1601650800000;4.91;4.927;4.863;4.875;68533.568
1601654400000;4.87;4.957;4.813;4.957;75158.855
1601658000000;4.957;4.974;4.928;4.972;41994.708
1601661600000;4.972;4.983;4.912;4.942;60941.081
1601665200000;4.947;4.952;4.9;4.9;24644.856
1601668800000;4.9;4.949;4.896;4.938;28847.746
1601672400000;4.939;4.942;4.82;4.84;44596.275
1601676000000;4.841;4.913;4.831;4.878;53606.385
1601679600000;4.876;4.908;4.868;4.906;23980.363
1601683200000;4.907;4.918;4.867;4.912;31810.508
1601686800000;4.911;4.99;4.903;4.973;117458.536
1601690400000;4.973;4.99;4.949;4.975;29061.868
1601694000000;4.978;5.049;4.965;5.049;86189.749
1601697600000;5.044;5.065;5.024;5.047;28929.27
1601701200000;5.046;5.057;5.003;5.025;55729.455
1601704800000;5.025;5.035;4.983;5.019;35319.346
1601708400000;5.02;5.028;4.972;4.99;48362.497
1601712000000;4.995;5.02;4.955;5.002;59949.238
1601715600000;4.997;5.043;4.976;5.039;32255.784
1601719200000;5.04;5.097;5.027;5.091;40991.217
1601722800000;5.093;5.106;5.038;5.045;44353.624
1601726400000;5.044;5.076;5.02;5.036;32351.048
1601730000000;5.033;5.044;4.959;4.978;127354.725
1601733600000;4.978;4.999;4.971;4.992;23524.029
1601737200000;4.99;5.024;4.981;5.017;22378.226
1601740800000;5.017;5.059;5.015;5.051;28017.666
1601744400000;5.045;5.048;4.997;5.021;35056.236
1601748000000;5.02;5.077;5.012;5.077;42302.921
1601751600000;5.071;5.12;5.07;5.111;49704.118
1601755200000;5.109;5.124;5.057;5.105;50338.963
1601758800000;5.101;5.135;5.07;5.122;40903.1
1601762400000;5.117;5.118;5.042;5.064;43571.872
1601766000000;5.067;5.067;4.994;5.01;30846.159
1601769600000;5.008;5.046;4.989;5.025;30385.704
1601773200000;5.025;5.029;4.846;4.928;133267.733
1601776800000;4.931;4.944;4.869;4.934;49773.915
1601780400000;4.936;4.961;4.921;4.929;21297.35
1601784000000;4.929;4.971;4.924;4.947;13479.972
1601787600000;4.955;4.979;4.952;4.968;25019.194
1601791200000;4.971;5.062;4.962;5.038;83615.953
1601794800000;5.039;5.269;5.023;5.212;196566.383
1601798400000;5.208;5.3;5.208;5.216;164899.436
1601802000000;5.219;5.238;5.165;5.195;100341.096
1601805600000;5.193;5.233;5.168;5.203;63109.156
1601809200000;5.206;5.254;5.199;5.249;65176.703
1601812800000;5.25;5.276;5.174;5.245;76787.545
1601816400000;5.246;5.275;5.206;5.241;66112.105
1601820000000;5.245;5.265;5.206;5.229;45867.184
1601823600000;5.228;5.358;5.218;5.281;169913.902
1601827200000;5.29;5.298;5.238;5.289;46854.353
1601830800000;5.289;5.347;5.288;5.33;60891.466
1601834400000;5.333;5.38;5.321;5.333;81443.546
1601838000000;5.33;5.368;5.278;5.284;67388.947
1601841600000;5.292;5.315;5.205;5.232;98240.504
1601845200000;5.235;5.251;5.215;5.239;27831.391
1601848800000;5.233;5.311;5.223;5.306;46704.593
1601852400000;5.304;5.371;5.297;5.314;84868.01
1601856000000;5.319;5.386;5.316;5.351;90119.699
1601859600000;5.357;5.36;5.299;5.306;39943.362
1601863200000;5.3;5.337;5.268;5.319;38534.787
1601866800000;5.317;5.32;5.244;5.255;41217.656
1601870400000;5.257;5.267;5.227;5.241;25972.734
1601874000000;5.238;5.268;5.228;5.263;27505.009
1601877600000;5.257;5.258;5.173;5.228;75737.546
1601881200000;5.224;5.247;5.172;5.233;101828.414
1601884800000;5.233;5.266;5.222;5.224;29706.064
1601888400000;5.223;5.27;5.21;5.251;119670.93
1601892000000;5.25;5.266;5.214;5.255;40899.503
1601895600000;5.254;5.286;5.22;5.223;80384.68
1601899200000;5.221;5.3;5.203;5.299;93684.885
1601902800000;5.299;5.34;5.26;5.277;141139.488
1601906400000;5.28;5.308;5.26;5.277;51499.903
1601910000000;5.277;5.322;5.272;5.3;38305.817
1601913600000;5.306;5.338;5.273;5.326;74826.429
1601917200000;5.328;5.329;5.272;5.272;35779.298
1601920800000;5.272;5.296;5.239;5.273;46998.565
1601924400000;5.275;5.31;5.262;5.29;26310.302
1601928000000;5.291;5.364;5.289;5.364;59113.569
1601931600000;5.358;5.4;5.344;5.385;125610.902
1601935200000;5.385;5.393;5.345;5.365;31870.363
1601938800000;5.365;5.395;5.325;5.366;39391.798
1601942400000;5.369;5.4;5.333;5.339;55485.236
1601946000000;5.335;5.364;5.305;5.321;33332.489
1601949600000;5.328;5.351;5.3;5.313;70255.36
1601953200000;5.312;5.317;5.243;5.253;103634.69
1601956800000;5.249;5.286;5.244;5.261;36291.048
1601960400000;5.255;5.258;5.13;5.146;156819.146
1601964000000;5.146;5.207;5.123;5.203;114989.046
1601967600000;5.204;5.222;5.135;5.146;56815.515
1601971200000;5.141;5.194;5.128;5.18;38449.431
1601974800000;5.179;5.199;5.16;5.195;63466.558
1601978400000;5.19;5.2;5.103;5.103;69059.459
1601982000000;5.103;5.127;5.044;5.087;95554.918
1601985600000;5.081;5.153;5.069;5.125;76922.615
1601989200000;5.124;5.153;5.079;5.083;41743.96
1601992800000;5.088;5.15;5.072;5.093;65550.272
1601996400000;5.09;5.206;4.95;5.152;208425.142
1602000000000;5.152;5.191;5.116;5.128;55951.727
1602003600000;5.124;5.141;5.067;5.074;69238.907
1602007200000;5.077;5.215;4.952;4.962;174994.658
1602010800000;4.962;4.996;4.879;4.911;151956.866
1602014400000;4.909;4.925;4.762;4.772;118080.756
1602018000000;4.772;4.825;4.679;4.75;217155.215
1602021600000;4.752;4.813;4.71;4.77;150821.449
1602025200000;4.762;4.78;4.713;4.736;172707.53
1602028800000;4.734;4.734;4.599;4.635;212798.934
1602032400000;4.635;4.678;4.549;4.669;115751.797
1602036000000;4.673;4.743;4.67;4.718;167356.037
1602039600000;4.725;4.731;4.666;4.678;72781.603
1602043200000;4.684;4.771;4.661;4.768;62335.686
1602046800000;4.77;4.83;4.732;4.804;86062.794
1602050400000;4.805;4.848;4.771;4.829;83364.477
1602054000000;4.835;4.888;4.799;4.831;136709.345
1602057600000;4.834;4.839;4.788;4.807;61358.402
1602061200000;4.805;4.839;4.732;4.768;169970.834
1602064800000;4.767;4.802;4.728;4.787;63870.215
1602068400000;4.784;4.844;4.74;4.832;71842.067
1602072000000;4.832;4.866;4.828;4.852;51717.251
1602075600000;4.855;4.866;4.824;4.844;61146.57
1602079200000;4.844;4.852;4.796;4.852;56877.551
1602082800000;4.854;4.943;4.839;4.905;88353.353
1602086400000;4.904;4.91;4.831;4.843;69731.611
1602090000000;4.845;4.849;4.784;4.841;82837.952
1602093600000;4.844;4.913;4.837;4.896;84666.208
1602097200000;4.893;4.926;4.885;4.897;60200.543
1602100800000;4.898;4.915;4.877;4.891;45474.527
1602104400000;4.885;4.892;4.83;4.836;38066.543
1602108000000;4.833;4.855;4.816;4.852;31559.257
1602111600000;4.851;4.891;4.841;4.873;22954.987
1602115200000;4.874;4.901;4.84;4.864;66880.517
1602118800000;4.867;4.881;4.841;4.868;39019.524
1602122400000;4.871;4.879;4.821;4.856;60191.828
1602126000000;4.852;4.879;4.833;4.835;42516.047
1602129600000;4.832;4.846;4.807;4.813;77300.122
1602133200000;4.812;4.814;4.733;4.747;92191.85
1602136800000;4.747;4.764;4.718;4.743;60408.992
1602140400000;4.743;4.743;4.632;4.691;108180.637
1602144000000;4.692;4.714;4.639;4.65;74800.847
1602147600000;4.65;4.699;4.62;4.685;74638.783
1602151200000;4.683;4.757;4.662;4.744;89585.892
1602154800000;4.744;4.745;4.714;4.732;40241.724
1602158400000;4.737;4.793;4.716;4.792;54279.212
1602162000000;4.792;4.909;4.756;4.832;214922.472
1602165600000;4.835;4.97;4.813;4.934;182098.314
1602169200000;4.936;5.004;4.909;4.993;126444.624
1602172800000;4.998;5.019;4.956;4.994;76983.605
1602176400000;4.998;5.103;4.997;5.039;169683.261
1602180000000;5.042;5.077;5.004;5.072;52978.48
1602183600000;5.072;5.092;5.047;5.05;45152.584
1602187200000;5.055;5.094;5.035;5.085;34459.685
1602190800000;5.087;5.123;5.058;5.103;72381.826
1602194400000;5.108;5.124;5.092;5.101;45928.797
1602198000000;5.098;5.126;5.026;5.034;83414.443
1602201600000;5.042;5.055;4.936;4.968;105385.14
1602205200000;4.968;4.991;4.954;4.984;49563.037
1602208800000;4.983;5.007;4.969;5.003;36989.994
1602212400000;5.001;5.021;4.98;4.989;52606.339
1602216000000;4.991;5.015;4.988;5.005;34575.193
1602219600000;5.002;5.034;4.961;4.979;61842.235
1602223200000;4.973;5.066;4.928;5.066;107068.352
1602226800000;5.066;5.093;5.056;5.085;75525.574
1602230400000;5.076;5.094;5.057;5.067;44004.58
1602234000000;5.067;5.079;5.035;5.06;55323.176
1602237600000;5.057;5.2;5.033;5.163;150989.933
1602241200000;5.165;5.258;5.142;5.161;168553.333
1602244800000;5.161;5.208;5.159;5.174;58131.398
1602248400000;5.169;5.19;5.147;5.154;43259.059
1602252000000;5.156;5.178;5.132;5.158;48355.362
1602255600000;5.16;5.28;5.143;5.257;124383.846
1602259200000;5.264;5.302;5.221;5.231;96467.571
1602262800000;5.228;5.243;5.191;5.206;55709.919
1602266400000;5.206;5.208;5.111;5.146;83504.26
1602270000000;5.146;5.174;5.119;5.151;60037.975
1602273600000;5.152;5.176;5.112;5.163;103516.984
1602277200000;5.17;5.208;5.144;5.208;44176.377
1602280800000;5.209;5.22;5.07;5.155;120466.158
1602284400000;5.163;5.186;5.143;5.155;56609.813
1602288000000;5.152;5.228;5.147;5.205;87080.177
1602291600000;5.202;5.235;5.183;5.23;59998.565
1602295200000;5.231;5.349;5.216;5.319;136553.789
1602298800000;5.323;5.358;5.308;5.324;58959.506
1602302400000;5.328;5.339;5.284;5.302;51112.063
1602306000000;5.302;5.304;5.23;5.239;79628.659
1602309600000;5.239;5.264;5.234;5.235;30564.145
1602313200000;5.238;5.29;5.238;5.285;42170.812
1602316800000;5.282;5.33;5.26;5.29;64162.967
1602320400000;5.296;5.337;5.256;5.268;82793.562
1602324000000;5.265;5.281;5.22;5.25;79903.234
1602327600000;5.255;5.287;5.232;5.261;31243.244
1602331200000;5.263;5.281;5.218;5.275;57473.358
1602334800000;5.276;5.329;5.255;5.316;78640.445
1602338400000;5.319;5.327;5.263;5.29;37198.521
1602342000000;5.292;5.325;5.241;5.262;80323.997
1602345600000;5.259;5.315;5.229;5.294;93957.069
1602349200000;5.286;5.339;5.271;5.304;67613.968
1602352800000;5.304;5.473;5.283;5.441;246324.876
1602356400000;5.438;5.473;5.406;5.418;69733.062
1602360000000;5.414;5.7;5.388;5.634;303396.974
1602363600000;5.636;5.654;5.539;5.593;169231.019
1602367200000;5.593;5.663;5.561;5.648;79509.365
1602370800000;5.648;5.707;5.465;5.534;235786.136
1602374400000;5.541;5.601;5.449;5.513;196118.519
1602378000000;5.515;5.638;5.513;5.617;118829.53
1602381600000;5.615;5.623;5.512;5.528;97410.104
1602385200000;5.527;5.54;5.439;5.466;76066.238
1602388800000;5.467;5.518;5.419;5.48;93583.621
1602392400000;5.488;5.598;5.479;5.581;95564.57
1602396000000;5.58;5.761;5.577;5.668;215552.363
1602399600000;5.669;5.701;5.63;5.689;117913.234
1602403200000;5.686;5.714;5.611;5.678;180697.119
1602406800000;5.686;5.74;5.647;5.735;118565.989
1602410400000;5.733;5.814;5.716;5.746;290607.715
1602414000000;5.746;5.858;5.664;5.827;430573.344
1602417600000;5.827;5.828;5.716;5.75;145696.037
1602421200000;5.743;5.776;5.7;5.747;88948.423
1602424800000;5.743;5.839;5.72;5.76;162026.136
1602428400000;5.761;6.04;5.758;5.975;549991.227
1602432000000;5.98;6.269;5.978;6.093;817566.909
1602435600000;6.093;6.153;6.055;6.111;189429.452
1602439200000;6.109;6.161;6.071;6.115;156477.213
1602442800000;6.12;6.153;5.96;5.97;214637.868
1602446400000;5.973;6.092;5.871;5.966;349565.705
1602450000000;5.955;6.004;5.858;5.994;256527.939
1602453600000;5.995;6.049;5.925;6.032;129579.287
1602457200000;6.034;6.17;6.034;6.072;177352.479
1602460800000;6.079;6.18;6.021;6.08;167446.11
1602464400000;6.076;6.09;5.95;6.042;139526.725
1602468000000;6.039;6.109;5.994;6.087;90398.014
1602471600000;6.088;6.136;6;6.049;113515.689
1602475200000;6.05;6.139;5.986;6.055;273949.752
1602478800000;6.057;6.121;6.021;6.088;118730.996
1602482400000;6.089;6.11;5.958;5.961;146785.763
1602486000000;5.965;6.118;5.939;6.062;167410.487
1602489600000;6.062;6.073;6.007;6.029;108523.796
1602493200000;6.025;6.058;5.959;6.006;92981.604
1602496800000;6.004;6.011;5.8;5.87;258447.19
1602500400000;5.87;5.885;5.786;5.833;181491.77
1602504000000;5.836;5.97;5.8;5.95;147660.457
1602507600000;5.949;6.13;5.911;6.043;303266.172
1602511200000;6.051;6.106;5.983;6.038;289376.139
1602514800000;6.041;6.132;5.994;6.116;255358.87
1602518400000;6.122;6.24;6.08;6.091;353885.188
1602522000000;6.091;6.14;6.032;6.108;153785.668
1602525600000;6.108;6.118;6.047;6.096;91157.49
1602529200000;6.096;6.122;6.054;6.067;56412.02
1602532800000;6.061;6.119;6.059;6.07;46745.27
1602536400000;6.066;6.116;6.044;6.07;70336.823
1602540000000;6.072;6.11;6.008;6.026;92055.448
1602543600000;6.026;6.026;5.905;5.97;158727.391
1602547200000;5.971;6.029;5.91;5.978;86025.88
1602550800000;5.977;5.997;5.929;5.971;51289.749
1602554400000;5.97;5.979;5.86;5.886;131868.672
1602558000000;5.889;5.935;5.839;5.911;145249.789
1602561600000;5.911;5.965;5.892;5.952;78434.547
1602565200000;5.945;5.991;5.939;5.969;70056.354
1602568800000;5.969;5.992;5.946;5.981;143334.019
1602572400000;5.977;6.035;5.905;6.035;206990.636
1602576000000;6.033;6.091;5.994;6.061;134152.126
1602579600000;6.061;6.189;6.033;6.119;265160.077
1602583200000;6.11;6.17;5.901;6.09;334158.06
1602586800000;6.092;6.097;6.015;6.043;208125.529
1602590400000;6.045;6.2;5.98;6.025;234116.442
1602594000000;6.024;6.024;5.845;5.896;304152.517
1602597600000;5.893;5.994;5.837;5.991;152678.224
1602601200000;5.99;6.022;5.942;5.972;133583.733
1602604800000;5.973;5.994;5.91;5.988;131929.639
1602608400000;5.987;6;5.874;5.874;121159.714
1602612000000;5.874;5.936;5.813;5.851;180164.88
1602615600000;5.853;6.006;5.803;5.925;161215.812
1602619200000;5.922;6.009;5.898;5.952;120663.17
1602622800000;5.959;6.045;5.937;6.001;96150.946
1602626400000;6.003;6.037;5.973;6.025;62981.97
1602630000000;6.028;6.055;5.99;6.012;89837.144
1602633600000;6.012;6.133;5.972;6.121;137103.037
1602637200000;6.124;6.136;6.029;6.07;80150.621
1602640800000;6.07;6.091;5.959;5.961;117271.902
1602644400000;5.961;6.05;5.961;5.99;95411.965
1602648000000;5.99;5.992;5.909;5.938;118804.734
1602651600000;5.937;5.98;5.922;5.935;56306.615
1602655200000;5.937;5.952;5.885;5.93;61452.574
1602658800000;5.934;5.946;5.901;5.933;42765.114
1602662400000;5.937;5.998;5.93;5.941;68688.746
1602666000000;5.945;5.968;5.888;5.909;60979.725
1602669600000;5.904;5.912;5.831;5.849;114191.325
1602673200000;5.842;5.941;5.837;5.86;135447.282
1602676800000;5.852;5.969;5.842;5.944;76182.009
1602680400000;5.947;6.03;5.928;6.007;170760.395
1602684000000;6.009;6.037;5.843;5.912;260809.191
1602687600000;5.912;5.945;5.756;5.802;289004.597
1602691200000;5.801;5.84;5.689;5.727;385169.226
1602694800000;5.729;5.737;5.635;5.703;300127.432
1602698400000;5.704;5.71;5.63;5.695;136400.79
1602702000000;5.694;5.73;5.667;5.674;91641.375
1602705600000;5.674;5.72;5.669;5.706;135343.344
1602709200000;5.706;5.71;5.658;5.669;74538.133
1602712800000;5.668;5.71;5.642;5.675;55889.447
1602716400000;5.677;5.764;5.676;5.727;117795.895
1602720000000;5.727;5.734;5.602;5.616;210415.687
1602723600000;5.618;5.667;5.561;5.608;154448.305
1602727200000;5.612;5.636;5.581;5.6;85043.929
1602730800000;5.597;5.677;5.589;5.609;166149.873
1602734400000;5.608;5.687;5.606;5.672;66454.328
1602738000000;5.671;5.735;5.656;5.726;112263.458
1602741600000;5.723;5.781;5.693;5.716;86861.885
1602745200000;5.721;5.741;5.696;5.713;54923.193
1602748800000;5.72;5.73;5.605;5.608;97803.143
1602752400000;5.608;5.62;5.507;5.55;153845.874
1602756000000;5.546;5.608;5.524;5.598;108175.151
1602759600000;5.597;5.636;5.554;5.554;54400.015
1602763200000;5.56;5.69;5.5;5.66;230110.813
1602766800000;5.661;5.687;5.601;5.647;84842.963
1602770400000;5.644;5.657;5.588;5.613;72299.353
1602774000000;5.613;5.657;5.593;5.624;110986.713
1602777600000;5.623;5.685;5.575;5.595;121382.75
1602781200000;5.597;5.674;5.59;5.662;91898.852
1602784800000;5.662;5.687;5.641;5.666;47174.57
1602788400000;5.666;5.902;5.666;5.873;228409.8
1602792000000;5.87;5.914;5.79;5.81;124910.313
1602795600000;5.808;5.827;5.741;5.769;111144.934
1602799200000;5.769;5.773;5.715;5.732;33777.102
1602802800000;5.732;5.769;5.72;5.769;41736.612
1602806400000;5.768;5.768;5.706;5.716;54334.378
1602810000000;5.716;5.841;5.712;5.814;90962.22
1602813600000;5.816;5.824;5.779;5.785;40274.636
1602817200000;5.788;5.805;5.744;5.789;29633.858
1602820800000;5.794;5.84;5.36;5.499;564024.871
1602824400000;5.501;5.581;5.448;5.502;326091.351
1602828000000;5.499;5.549;5.405;5.482;304709.95
1602831600000;5.478;5.49;5.459;5.47;54861.686
1602835200000;5.469;5.513;5.458;5.462;76322.82
1602838800000;5.461;5.462;5.311;5.345;265475.55
1602842400000;5.347;5.448;5.347;5.401;95923.211
1602846000000;5.404;5.495;5.402;5.451;73153.033
1602849600000;5.456;5.507;5.417;5.492;97911.158
1602853200000;5.49;5.506;5.437;5.444;56347.077
1602856800000;5.447;5.497;5.407;5.414;71481.696
1602860400000;5.413;5.441;5.381;5.44;67934.358
1602864000000;5.435;5.442;5.367;5.401;68639.461
1602867600000;5.409;5.432;5.375;5.411;41498.009
1602871200000;5.413;5.499;5.413;5.462;48914.979
1602874800000;5.466;5.467;5.405;5.405;43261.163
1602878400000;5.403;5.431;5.375;5.426;58559.056
1602882000000;5.428;5.452;5.408;5.449;14597.466
1602885600000;5.447;5.475;5.444;5.452;21751.633
1602889200000;5.454;5.462;5.383;5.403;50920.729
1602892800000;5.405;5.411;5.288;5.316;126607.817
1602896400000;5.318;5.377;5.286;5.362;61544.423
1602900000000;5.367;5.39;5.333;5.381;30005.3
1602903600000;5.384;5.417;5.354;5.413;60404.443
1602907200000;5.416;5.417;5.372;5.41;32033.124
1602910800000;5.405;5.495;5.38;5.486;77104.66
1602914400000;5.488;5.523;5.436;5.453;83067.895
1602918000000;5.455;5.51;5.455;5.489;39789.147
1602921600000;5.491;5.508;5.454;5.458;41539.089
1602925200000;5.459;5.5;5.442;5.484;52563.5
1602928800000;5.485;5.489;5.437;5.47;65568.823
1602932400000;5.468;5.481;5.434;5.451;71193.87
1602936000000;5.447;5.457;5.412;5.451;32802.384
1602939600000;5.452;5.477;5.373;5.393;81149.051
1602943200000;5.391;5.448;5.345;5.442;61390.944
1602946800000;5.443;5.482;5.381;5.388;62655.466
1602950400000;5.387;5.406;5.361;5.38;24993.633
1602954000000;5.378;5.424;5.37;5.419;23628.648
1602957600000;5.418;5.42;5.379;5.42;17238.507
1602961200000;5.419;5.448;5.4;5.42;19382.563
1602964800000;5.415;5.449;5.409;5.443;16756.747
1602968400000;5.44;5.47;5.413;5.426;16132.855
1602972000000;5.429;5.443;5.396;5.405;17816.898
1602975600000;5.408;5.486;5.401;5.466;27011.578
1602979200000;5.462;5.471;5.414;5.441;48782.791
1602982800000;5.45;5.47;5.436;5.459;24963.924
1602986400000;5.46;5.498;5.449;5.49;35440.773
1602990000000;5.488;5.494;5.462;5.467;15629.2
1602993600000;5.466;5.562;5.464;5.54;81277.454
1602997200000;5.544;5.59;5.541;5.587;71977.975
1603000800000;5.589;5.63;5.57;5.609;60272.812
1603004400000;5.611;5.617;5.585;5.591;49052.177
1603008000000;5.596;5.62;5.573;5.59;66597.105
1603011600000;5.591;5.601;5.537;5.543;40635.435
1603015200000;5.543;5.564;5.536;5.554;45246.133
1603018800000;5.555;5.585;5.54;5.571;30547.452
1603022400000;5.574;5.6;5.567;5.582;41084.574
1603026000000;5.585;5.692;5.583;5.687;92246.807
1603029600000;5.692;5.747;5.676;5.687;162418.816
1603033200000;5.687;5.692;5.658;5.677;41855.342
1603036800000;5.677;5.725;5.66;5.708;58401.133
1603040400000;5.707;5.717;5.686;5.715;34367.678
1603044000000;5.715;5.729;5.696;5.708;33198.302
1603047600000;5.706;5.712;5.676;5.701;22675.651
1603051200000;5.707;5.722;5.673;5.712;35181.392
1603054800000;5.714;5.731;5.694;5.701;25614.801
1603058400000;5.704;5.779;5.693;5.762;50442.81
1603062000000;5.761;5.784;5.734;5.762;56563.61
1603065600000;5.763;5.778;5.616;5.651;118277.994
1603069200000;5.643;5.663;5.625;5.627;58274.378
1603072800000;5.63;5.648;5.585;5.615;49508.635
1603076400000;5.614;5.623;5.569;5.572;75490.258
1603080000000;5.572;5.616;5.571;5.607;28958.345
1603083600000;5.607;5.622;5.579;5.6;19083.513
1603087200000;5.6;5.623;5.576;5.606;34843.397
1603090800000;5.605;5.622;5.597;5.612;19140.873
1603094400000;5.613;5.614;5.563;5.608;57926.914
1603098000000;5.608;5.655;5.595;5.64;58493.867
1603101600000;5.64;5.654;5.616;5.625;39823.976
1603105200000;5.627;5.657;5.61;5.622;46776.765
1603108800000;5.626;5.661;5.617;5.631;41233.113
1603112400000;5.636;5.688;5.587;5.624;300052.42
1603116000000;5.627;5.742;5.624;5.672;240235.888
1603119600000;5.678;5.711;5.638;5.653;82903.111
1603123200000;5.651;5.706;5.628;5.655;137330.651
1603126800000;5.655;5.67;5.581;5.594;132643.721
1603130400000;5.595;5.615;5.516;5.517;160787.852
1603134000000;5.52;5.579;5.497;5.566;120974.004
1603137600000;5.57;5.573;5.528;5.546;53686.598
1603141200000;5.548;5.554;5.494;5.498;85958.771
1603144800000;5.498;5.502;5.453;5.502;80492.402
1603148400000;5.502;5.513;5.47;5.502;25791.928
1603152000000;5.504;5.504;5.426;5.459;82459.01
1603155600000;5.454;5.494;5.432;5.456;41698.282
1603159200000;5.451;5.508;5.449;5.492;41562.93
1603162800000;5.492;5.507;5.47;5.493;59508.646
1603166400000;5.488;5.488;5.407;5.413;62538.712
1603170000000;5.408;5.498;5.401;5.465;45661.24
1603173600000;5.467;5.498;5.443;5.484;44697.019
1603177200000;5.482;5.496;5.383;5.406;57708.793
1603180800000;5.407;5.446;5.367;5.415;74336.978
1603184400000;5.415;5.452;5.408;5.431;50056.341
1603188000000;5.435;5.444;5.386;5.399;70388.053
1603191600000;5.397;5.41;5.225;5.26;288138.965
1603195200000;5.26;5.31;5.224;5.286;191467.473
1603198800000;5.288;5.294;5.186;5.293;157198.133
1603202400000;5.292;5.314;5.279;5.291;102133.641
1603206000000;5.285;5.303;5.247;5.271;76365.032
1603209600000;5.27;5.286;5.206;5.229;98196.327
1603213200000;5.228;5.231;5.032;5.054;247111.592
1603216800000;5.054;5.15;5.035;5.129;126260.747
1603220400000;5.128;5.131;5.045;5.065;152289.694
1603224000000;5.062;5.194;5.048;5.164;103708.993
1603227600000;5.166;5.187;5.069;5.104;105388.724
1603231200000;5.104;5.138;5.049;5.113;70391.321
1603234800000;5.11;5.119;4.989;5.024;87422.099
1603238400000;5.027;5.16;4.988;5.153;132932.749
1603242000000;5.151;5.158;5.121;5.128;30544.588
1603245600000;5.129;5.156;5.103;5.116;43537.183
1603249200000;5.12;5.295;5.11;5.278;139364.554
1603252800000;5.277;5.336;5.265;5.331;104376.847
1603256400000;5.332;5.343;5.303;5.303;36974.421
1603260000000;5.308;5.326;5.29;5.314;31178.645
1603263600000;5.313;5.324;5.25;5.267;81775.773
1603267200000;5.269;5.324;5.262;5.301;36317.322
1603270800000;5.3;5.338;5.294;5.298;29189.335
1603274400000;5.296;5.334;5.277;5.316;33778.824
1603278000000;5.316;5.321;5.271;5.297;50083.519
1603281600000;5.295;5.3;5.219;5.225;68597.844
1603285200000;5.221;5.4;5.211;5.392;134287.575
1603288800000;5.39;5.448;5.373;5.422;151948.229
1603292400000;5.419;5.484;5.406;5.439;106289.176
1603296000000;5.439;5.494;5.407;5.42;119355.044
1603299600000;5.423;5.432;5.381;5.394;59603.787
1603303200000;5.397;5.416;5.346;5.352;53199.051
1603306800000;5.352;5.361;5.275;5.281;96551.568
1603310400000;5.281;5.364;5.281;5.348;46587.774
1603314000000;5.347;5.35;5.275;5.313;58939.649
1603317600000;5.318;5.348;5.267;5.311;57530.007
1603321200000;5.307;5.333;5.22;5.241;127911.797
1603324800000;5.233;5.302;5.226;5.299;56466.939
1603328400000;5.299;5.336;5.289;5.312;32514.124
1603332000000;5.314;5.325;5.262;5.279;31648.177
1603335600000;5.278;5.306;5.216;5.254;89949.257
1603339200000;5.247;5.273;5.228;5.266;38654.307
1603342800000;5.263;5.323;5.251;5.303;82410.118
1603346400000;5.304;5.357;5.304;5.344;51795.096
1603350000000;5.341;5.42;5.303;5.403;88902.741
1603353600000;5.4;5.45;5.396;5.43;91014.095
1603357200000;5.426;5.433;5.363;5.396;82739.829
1603360800000;5.391;5.458;5.368;5.451;106057.873
1603364400000;5.452;5.466;5.419;5.447;100661.961
1603368000000;5.446;5.523;5.418;5.455;141769.545
1603371600000;5.456;5.496;5.451;5.479;69485.011
1603375200000;5.478;5.48;5.407;5.46;95527.477
1603378800000;5.46;5.51;5.452;5.49;84210.519
1603382400000;5.494;5.525;5.466;5.519;93473.336
1603386000000;5.516;5.573;5.511;5.545;131813.028
1603389600000;5.549;5.561;5.512;5.523;47320.386
1603393200000;5.524;5.529;5.426;5.434;119463.108
1603396800000;5.433;5.484;5.43;5.467;36751.839
1603400400000;5.466;5.477;5.398;5.47;72273.222
1603404000000;5.468;5.505;5.432;5.432;55270.792
1603407600000;5.432;5.452;5.389;5.444;66763.346
1603411200000;5.449;5.451;5.344;5.381;94317.25
1603414800000;5.382;5.444;5.369;5.434;124486.101
1603418400000;5.435;5.449;5.408;5.44;30076.783
1603422000000;5.44;5.443;5.388;5.402;36839.844
1603425600000;5.403;5.429;5.396;5.412;24812.919
1603429200000;5.41;5.455;5.4;5.454;51707.017
1603432800000;5.453;5.456;5.379;5.385;57340.525
1603436400000;5.385;5.415;5.384;5.39;46337.595
1603440000000;5.39;5.44;5.371;5.408;50043.909
1603443600000;5.401;5.421;5.392;5.396;73769.751
1603447200000;5.4;5.456;5.39;5.424;314491.331
1603450800000;5.426;5.432;5.401;5.411;51788.874
1603454400000;5.41;5.447;5.396;5.445;90849.91
1603458000000;5.445;5.5;5.406;5.414;150157.83
1603461600000;5.415;5.42;5.319;5.357;201590.05
1603465200000;5.355;5.382;5.306;5.333;155093.301
1603468800000;5.334;5.368;5.16;5.235;294708.215
1603472400000;5.235;5.273;5.226;5.235;61596.252
1603476000000;5.234;5.266;5.234;5.245;30786.631
1603479600000;5.244;5.304;5.241;5.304;33084.347
1603483200000;5.304;5.318;5.285;5.299;29615.333
1603486800000;5.295;5.317;5.284;5.311;12151.625
1603490400000;5.313;5.331;5.299;5.313;22188.19
1603494000000;5.322;5.41;5.321;5.364;104567.577
1603497600000;5.365;5.374;5.295;5.308;33215.998
1603501200000;5.308;5.333;5.298;5.321;20991.28
1603504800000;5.323;5.341;5.315;5.331;12052.969
1603508400000;5.331;5.354;5.323;5.329;15322.346
1603512000000;5.331;5.38;5.329;5.369;28906.326
1603515600000;5.368;5.368;5.302;5.322;91642.404
1603519200000;5.326;5.339;5.278;5.278;69833.275
1603522800000;5.28;5.308;5.265;5.276;65062.18
1603526400000;5.274;5.305;5.269;5.293;32291.934
1603530000000;5.293;5.333;5.269;5.318;28238.874
1603533600000;5.315;5.352;5.314;5.342;19686.099
1603537200000;5.343;5.349;5.31;5.334;20393.384
1603540800000;5.338;5.345;5.285;5.298;22986.991
1603544400000;5.301;5.337;5.301;5.32;51989.258
1603548000000;5.319;5.341;5.253;5.308;87623.251
1603551600000;5.306;5.55;5.3;5.534;262808.647
1603555200000;5.533;5.575;5.501;5.53;153536.646
1603558800000;5.527;5.593;5.525;5.584;83016.15
1603562400000;5.585;5.585;5.531;5.534;71334.747
1603566000000;5.533;5.56;5.507;5.541;105822.862
1603569600000;5.542;5.549;5.475;5.497;84120.51
1603573200000;5.497;5.522;5.443;5.464;48652.252
1603576800000;5.461;5.511;5.451;5.49;32148.445
1603580400000;5.49;5.555;5.488;5.543;56922.827
1603584000000;5.543;5.633;5.498;5.59;159214.323
1603587600000;5.588;5.645;5.578;5.61;117938.102
1603591200000;5.611;5.642;5.598;5.615;58760.873
1603594800000;5.617;5.65;5.583;5.621;100105.201
1603598400000;5.625;5.634;5.599;5.622;42919.841
1603602000000;5.624;5.644;5.456;5.499;156395.29
1603605600000;5.496;5.559;5.483;5.523;64564.255
1603609200000;5.523;5.554;5.509;5.519;57160.838
1603612800000;5.518;5.546;5.459;5.522;103102.843
1603616400000;5.523;5.53;5.475;5.492;46963.218
1603620000000;5.492;5.497;5.412;5.431;70710.036
1603623600000;5.426;5.428;5.317;5.381;178108.934
1603627200000;5.379;5.417;5.378;5.405;31032.765
1603630800000;5.403;5.415;5.373;5.398;22336.056
1603634400000;5.398;5.402;5.365;5.372;30128.229
1603638000000;5.372;5.387;5.299;5.306;99530.593
1603641600000;5.304;5.357;5.238;5.34;93268.991
1603645200000;5.345;5.36;5.33;5.33;18641.818
1603648800000;5.335;5.338;5.3;5.33;21893.279
1603652400000;5.335;5.347;5.316;5.332;17879.135
1603656000000;5.336;5.344;5.302;5.309;32870.801
1603659600000;5.311;5.317;5.297;5.307;15829.5
1603663200000;5.31;5.312;5.259;5.29;46564.349
1603666800000;5.288;5.329;5.279;5.292;49846.812
1603670400000;5.289;5.33;5.205;5.322;165903.979
1603674000000;5.322;5.339;5.278;5.322;46348.346
1603677600000;5.329;5.344;5.31;5.338;16539.373
1603681200000;5.34;5.37;5.329;5.347;55068.175
1603684800000;5.343;5.353;5.316;5.318;30961.121
1603688400000;5.321;5.341;5.303;5.319;18283.904
1603692000000;5.32;5.324;5.28;5.289;39802.896
1603695600000;5.286;5.297;5.25;5.267;39247.263
1603699200000;5.267;5.298;5.216;5.283;57764.07
1603702800000;5.285;5.302;5.274;5.298;21602.33
1603706400000;5.298;5.299;5.261;5.281;21433.891
1603710000000;5.284;5.3;5.226;5.243;94194.562
1603713600000;5.242;5.271;5.204;5.256;76458.2
1603717200000;5.257;5.288;5.222;5.27;78904.222
1603720800000;5.272;5.286;5.222;5.246;35130.53
1603724400000;5.24;5.24;5.076;5.105;237264.778
1603728000000;5.105;5.132;4.963;5.021;246307.533
1603731600000;5.02;5.094;4.981;5.059;184521.191
1603735200000;5.059;5.144;5.03;5.097;91249.063
1603738800000;5.097;5.121;5.087;5.116;28641.526
1603742400000;5.115;5.152;5.104;5.13;31040.673
1603746000000;5.128;5.157;5.107;5.126;25474.863
1603749600000;5.125;5.152;5.112;5.139;33045.649
1603753200000;5.14;5.183;5.128;5.145;77933.293
1603756800000;5.14;5.22;5.135;5.205;40342.574
1603760400000;5.214;5.227;5.195;5.209;25159.771
1603764000000;5.209;5.226;5.17;5.186;32043.496
1603767600000;5.185;5.214;5.161;5.191;43653.652
1603771200000;5.203;5.324;5.203;5.309;193509.602
1603774800000;5.309;5.317;5.238;5.257;86979.956
1603778400000;5.257;5.271;5.224;5.267;139640.331
1603782000000;5.268;5.274;5.221;5.226;97480.87
1603785600000;5.225;5.243;5.161;5.17;69132.203
1603789200000;5.17;5.177;5.119;5.15;85103.377
1603792800000;5.154;5.213;5.129;5.185;77995.665
1603796400000;5.19;5.202;5.153;5.184;84691.235
1603800000000;5.186;5.227;5.176;5.209;34341.871
1603803600000;5.207;5.247;5.19;5.214;64918.127
1603807200000;5.215;5.228;5.172;5.204;29518.556
1603810800000;5.201;5.212;5.17;5.182;53340.147
1603814400000;5.18;5.241;5.16;5.207;84076.522
1603818000000;5.206;5.207;5.152;5.166;63153.43
1603821600000;5.163;5.179;5.097;5.145;83967.803
1603825200000;5.15;5.157;5.135;5.148;33535.194
1603828800000;5.148;5.15;5.066;5.094;90169.358
1603832400000;5.095;5.131;5.074;5.078;42682.661
1603836000000;5.077;5.126;5.066;5.109;31852.852
1603839600000;5.11;5.16;5.101;5.138;37144.8
1603843200000;5.136;5.141;5.086;5.12;53520.029
1603846800000;5.121;5.151;5.115;5.137;32199.063
1603850400000;5.136;5.137;5.09;5.116;47533.724
1603854000000;5.115;5.128;5.083;5.088;46092.665
1603857600000;5.089;5.124;5.066;5.101;72393.875
1603861200000;5.102;5.102;5.039;5.078;127577.7
1603864800000;5.08;5.095;5.035;5.04;27089.413
1603868400000;5.04;5.051;4.987;5.018;81182.373
1603872000000;5.02;5.02;4.957;5.003;105743.409
1603875600000;5.003;5.04;4.937;4.946;79487.292
1603879200000;4.943;5.018;4.91;4.987;156798.612
1603882800000;4.985;4.985;4.901;4.949;107150.553
1603886400000;4.951;5.016;4.936;5.001;91990.964
1603890000000;5.004;5.022;4.893;4.915;84219.184
1603893600000;4.915;4.938;4.8;4.838;186388.685
1603897200000;4.838;4.859;4.82;4.839;71331.675
1603900800000;4.838;4.838;4.75;4.803;127408.664
1603904400000;4.803;4.833;4.756;4.807;62214.661
1603908000000;4.808;4.85;4.807;4.834;41099.424
1603911600000;4.842;4.843;4.782;4.782;37568.039
1603915200000;4.781;4.807;4.746;4.771;32268.154
1603918800000;4.766;4.791;4.72;4.791;56344.02
1603922400000;4.789;4.843;4.781;4.803;52938.802
1603926000000;4.803;4.813;4.784;4.803;22881.994
1603929600000;4.801;4.817;4.785;4.792;33548.58
1603933200000;4.793;4.839;4.76;4.824;82409.163
1603936800000;4.825;4.839;4.785;4.802;44063.724
1603940400000;4.801;4.863;4.77;4.861;46905.947
1603944000000;4.861;4.861;4.794;4.797;35569.83
1603947600000;4.797;4.814;4.781;4.806;38397.185
1603951200000;4.804;4.828;4.785;4.818;37774.668
1603954800000;4.821;4.833;4.756;4.766;48746.247
1603958400000;4.766;4.776;4.739;4.748;36252.131
1603962000000;4.749;4.781;4.738;4.757;38916.23
1603965600000;4.756;4.757;4.649;4.664;205510.832
1603969200000;4.664;4.69;4.648;4.65;38665.718
1603972800000;4.652;4.656;4.521;4.596;186712.662
1603976400000;4.596;4.652;4.575;4.647;84404.795
1603980000000;4.649;4.745;4.64;4.718;164112.803
1603983600000;4.721;4.785;4.709;4.719;69005.081
1603987200000;4.721;4.733;4.684;4.701;53808.326
1603990800000;4.701;4.701;4.656;4.659;25845.902
1603994400000;4.66;4.696;4.638;4.688;29851.644
1603998000000;4.682;4.682;4.605;4.605;30385.963
1604001600000;4.604;4.654;4.599;4.648;35901.523
1604005200000;4.641;4.673;4.616;4.671;21039.025
1604008800000;4.674;4.679;4.572;4.575;27530.208
1604012400000;4.575;4.639;4.574;4.633;33069.129
1604016000000;4.631;4.648;4.53;4.613;88898.521
1604019600000;4.617;4.632;4.584;4.589;44957.318
1604023200000;4.589;4.593;4.465;4.473;114057.025
1604026800000;4.472;4.549;4.417;4.442;181873.359
1604030400000;4.444;4.517;4.439;4.444;61049.698
1604034000000;4.439;4.477;4.344;4.36;110536.398
1604037600000;4.358;4.437;4.355;4.435;71246.979
1604041200000;4.435;4.494;4.343;4.469;186007.621
1604044800000;4.471;4.547;4.438;4.487;150101.686
1604048400000;4.484;4.492;4.377;4.491;95616.167
1604052000000;4.487;4.518;4.424;4.466;47843.89
1604055600000;4.467;4.511;4.459;4.477;53821.426
1604059200000;4.476;4.544;4.455;4.528;74992.084
1604062800000;4.53;4.539;4.455;4.472;55867.879
1604066400000;4.476;4.515;4.434;4.441;40414.045
1604070000000;4.444;4.509;4.444;4.494;37678.341
1604073600000;4.5;4.502;4.456;4.471;32803.405
1604077200000;4.472;4.524;4.472;4.513;31091.344
1604080800000;4.51;4.549;4.509;4.546;20886.732
1604084400000;4.544;4.596;4.536;4.596;42720.191
1604088000000;4.593;4.605;4.554;4.571;46800.929
1604091600000;4.572;4.612;4.525;4.594;23660.848
1604095200000;4.596;4.71;4.592;4.696;160765.706
1604098800000;4.696;4.702;4.618;4.62;63434.947
1604102400000;4.619;4.736;4.603;4.716;58768.382
1604106000000;4.713;4.779;4.712;4.752;88723.624
1604109600000;4.752;4.792;4.713;4.749;60205.306
1604113200000;4.751;4.751;4.672;4.713;59751.795
1604116800000;4.713;4.744;4.688;4.729;57908.225
1604120400000;4.729;4.745;4.69;4.694;54425.569
1604124000000;4.694;4.748;4.66;4.738;75370.81
1604127600000;4.738;4.757;4.707;4.75;51312.77
1604131200000;4.75;4.797;4.723;4.787;95640.537
1604134800000;4.787;4.81;4.755;4.784;116610.334
1604138400000;4.787;4.811;4.694;4.75;157354.747
1604142000000;4.751;4.764;4.71;4.719;44075.388
1604145600000;4.721;4.749;4.7;4.721;43019.63
1604149200000;4.721;4.74;4.705;4.721;30536.036
1604152800000;4.718;4.729;4.688;4.689;33420.985
1604156400000;4.689;4.696;4.659;4.691;38867.416
1604160000000;4.691;4.733;4.668;4.677;47158.991
1604163600000;4.681;4.683;4.646;4.653;26133.407
1604167200000;4.653;4.669;4.621;4.636;35102.843
1604170800000;4.637;4.655;4.622;4.643;17604.438
1604174400000;4.642;4.657;4.635;4.642;9696.164
1604178000000;4.643;4.645;4.601;4.631;17259.083
1604181600000;4.634;4.658;4.629;4.642;10602.608
1604185200000;4.64;4.64;4.591;4.616;25121.181
1604188800000;4.613;4.662;4.567;4.611;75068.306
1604192400000;4.607;4.633;4.603;4.608;16462.439
1604196000000;4.613;4.619;4.589;4.592;7366.015
1604199600000;4.592;4.599;4.566;4.584;20789.29
1604203200000;4.581;4.61;4.542;4.602;196483.993
1604206800000;4.6;4.749;4.594;4.725;401233.093
1604210400000;4.725;4.735;4.69;4.709;35273.623
1604214000000;4.705;4.733;4.696;4.73;44229.997
1604217600000;4.731;4.748;4.701;4.705;85059.051
1604221200000;4.707;4.717;4.649;4.654;71406.342
1604224800000;4.655;4.699;4.655;4.685;24863.497
1604228400000;4.688;4.705;4.66;4.679;54186.166
1604232000000;4.678;4.771;4.661;4.738;137993.94
1604235600000;4.738;4.788;4.722;4.78;67419.013
1604239200000;4.78;4.798;4.76;4.793;61612.245
1604242800000;4.794;4.85;4.79;4.813;90144.174
1604246400000;4.813;4.825;4.789;4.797;43296.843
1604250000000;4.797;4.816;4.751;4.766;69615.058
1604253600000;4.766;4.773;4.742;4.77;24415.989
1604257200000;4.77;4.778;4.733;4.765;42986.487
1604260800000;4.765;4.811;4.765;4.8;29408.262
1604264400000;4.8;4.821;4.752;4.763;37011.687
1604268000000;4.763;4.771;4.69;4.757;85211.162
1604271600000;4.757;4.759;4.709;4.743;54508.603
1604275200000;4.741;4.872;4.741;4.858;148704.426
1604278800000;4.858;4.861;4.823;4.849;39039.841
1604282400000;4.849;4.859;4.765;4.791;75221.416
1604286000000;4.791;4.835;4.759;4.814;49745.063
1604289600000;4.814;4.873;4.781;4.813;100648.761
1604293200000;4.814;4.835;4.788;4.817;30498.079
1604296800000;4.815;4.854;4.799;4.847;48285.116
1604300400000;4.847;4.866;4.829;4.866;82105.914
1604304000000;4.867;4.867;4.622;4.635;229989.913
1604307600000;4.631;4.73;4.616;4.703;145757.871
1604311200000;4.703;4.711;4.662;4.667;45937.928
1604314800000;4.67;4.688;4.621;4.646;66804.703
1604318400000;4.646;4.665;4.551;4.604;124572.904
1604322000000;4.605;4.645;4.589;4.617;33201.359
1604325600000;4.617;4.648;4.563;4.636;70505.293
1604329200000;4.64;4.666;4.63;4.646;30160.576
1604332800000;4.64;4.652;4.618;4.642;72832.723
1604336400000;4.64;4.674;4.629;4.64;61808.855
1604340000000;4.644;4.654;4.634;4.644;20984.535
1604343600000;4.644;4.663;4.64;4.656;20168.57
1604347200000;4.656;4.699;4.649;4.664;29346.666
1604350800000;4.665;4.672;4.642;4.652;24060.03
1604354400000;4.651;4.652;4.592;4.617;75816.132
1604358000000;4.617;4.64;4.598;4.603;26010.693
1604361600000;4.599;4.599;4.558;4.594;38412.346
1604365200000;4.596;4.607;4.548;4.56;48156.914
1604368800000;4.563;4.575;4.403;4.424;217648.896
1604372400000;4.426;4.454;4.35;4.377;238982.44
1604376000000;4.374;4.388;4.301;4.376;156441.013
1604379600000;4.377;4.402;4.353;4.354;37461.914
1604383200000;4.357;4.416;4.324;4.395;68034.11
1604386800000;4.4;4.414;4.382;4.404;38752.498
1604390400000;4.407;4.449;4.393;4.426;68941.888
1604394000000;4.426;4.46;4.416;4.446;32085.996
1604397600000;4.445;4.472;4.404;4.456;43257.509
1604401200000;4.456;4.48;4.432;4.454;53526.994
1604404800000;4.459;4.482;4.419;4.432;85022.484
1604408400000;4.429;4.506;4.39;4.471;107909.504
1604412000000;4.47;4.498;4.452;4.482;54682.027
1604415600000;4.49;4.496;4.409;4.422;48021.469
1604419200000;4.422;4.427;4.386;4.401;38064.935
1604422800000;4.404;4.422;4.373;4.411;27043.54
1604426400000;4.411;4.478;4.406;4.429;68598.31
1604430000000;4.435;4.469;4.433;4.453;31588.444
1604433600000;4.453;4.482;4.45;4.468;21144.328
1604437200000;4.471;4.489;4.458;4.462;14287.469
1604440800000;4.466;4.503;4.417;4.47;43439.097
1604444400000;4.474;4.509;4.439;4.48;61424.224
1604448000000;4.479;4.481;4.413;4.414;34000.597
1604451600000;4.416;4.447;4.397;4.444;30175.976
1604455200000;4.44;4.441;4.378;4.387;64093.825
1604458800000;4.387;4.435;4.384;4.41;33289.953
1604462400000;4.413;4.437;4.401;4.43;25981.196
1604466000000;4.432;4.432;4.4;4.404;15110.833
1604469600000;4.4;4.419;4.391;4.405;21828.812
1604473200000;4.406;4.41;4.281;4.315;103662.225
1604476800000;4.316;4.334;4.288;4.325;58349.058
1604480400000;4.322;4.357;4.32;4.335;35151.453
1604484000000;4.333;4.371;4.298;4.3;59067.389
1604487600000;4.299;4.33;4.288;4.307;52794.954
1604491200000;4.308;4.351;4.302;4.316;52111.036
1604494800000;4.316;4.329;4.281;4.305;29659.994
1604498400000;4.305;4.309;4.227;4.247;91876.033
1604502000000;4.246;4.286;4.246;4.254;37320.441
1604505600000;4.254;4.359;4.206;4.349;205641.248
1604509200000;4.349;4.434;4.329;4.368;160450.589
1604512800000;4.368;4.409;4.366;4.398;60313.802
1604516400000;4.399;4.42;4.393;4.398;21004.783
1604520000000;4.4;4.409;4.332;4.381;58833.376
1604523600000;4.381;4.4;4.371;4.387;24448.981
1604527200000;4.387;4.43;4.385;4.4;20512.713
1604530800000;4.399;4.403;4.366;4.387;18907.145
1604534400000;4.391;4.436;4.385;4.431;31697.426
1604538000000;4.431;4.445;4.398;4.417;37662.011
1604541600000;4.417;4.436;4.393;4.428;44521.95
1604545200000;4.431;4.446;4.415;4.42;64220.164
1604548800000;4.418;4.469;4.41;4.458;51265.997
1604552400000;4.458;4.466;4.441;4.462;22277.593
1604556000000;4.46;4.468;4.412;4.416;24698.78
1604559600000;4.416;4.439;4.373;4.385;79773.322
1604563200000;4.385;4.404;4.331;4.368;52576.357
1604566800000;4.368;4.378;4.353;4.358;94506.723
1604570400000;4.359;4.365;4.316;4.344;89361.538
1604574000000;4.344;4.355;4.309;4.327;92561.239
1604577600000;4.327;4.334;4.296;4.32;110272.197
1604581200000;4.32;4.377;4.276;4.34;161461.066
1604584800000;4.34;4.499;4.331;4.496;254996.559
1604588400000;4.496;4.547;4.484;4.515;232453.502
1604592000000;4.517;4.587;4.517;4.556;141254
1604595600000;4.556;4.561;4.472;4.524;172973.408
1604599200000;4.527;4.551;4.489;4.549;190394.285
1604602800000;4.549;4.562;4.509;4.529;81047.962
1604606400000;4.529;4.548;4.515;4.542;71114.425
1604610000000;4.542;4.552;4.482;4.499;76414.484
1604613600000;4.499;4.535;4.472;4.506;95874.213
1604617200000;4.506;4.54;4.482;4.504;91384.19
1604620800000;4.503;4.603;4.469;4.551;188216.362
1604624400000;4.549;4.641;4.521;4.605;194806.284
1604628000000;4.609;4.714;4.583;4.611;272728.669
1604631600000;4.613;4.623;4.561;4.602;141634.101
1604635200000;4.599;4.663;4.597;4.65;42784.759
1604638800000;4.65;4.721;4.642;4.692;109535.44
1604642400000;4.692;4.79;4.689;4.755;97095.377
1604646000000;4.757;4.796;4.742;4.782;71355.859
1604649600000;4.787;4.789;4.69;4.721;120590.355
1604653200000;4.717;4.749;4.683;4.737;86272.115
1604656800000;4.741;4.861;4.734;4.85;215353.856
1604660400000;4.849;4.916;4.8;4.874;157128.158
1604664000000;4.875;4.888;4.805;4.836;93876.746
1604667600000;4.84;4.93;4.81;4.925;171604.716
1604671200000;4.925;4.956;4.839;4.867;225947.931
1604674800000;4.871;4.88;4.784;4.807;128834.353
1604678400000;4.806;4.881;4.804;4.834;137025.433
1604682000000;4.835;4.867;4.8;4.811;131920.12
1604685600000;4.812;4.875;4.811;4.848;77634.342
1604689200000;4.847;4.879;4.801;4.815;84268.243
1604692800000;4.816;4.828;4.716;4.759;190529.6
1604696400000;4.762;4.783;4.721;4.772;135466.027
1604700000000;4.771;4.861;4.74;4.839;147914.041
1604703600000;4.838;4.923;4.838;4.88;103308.744
1604707200000;4.879;5.014;4.879;5.008;218704.666
1604710800000;5.005;5.084;4.99;5.079;174084.749
1604714400000;5.08;5.135;4.993;4.999;279104.721
1604718000000;5.003;5.045;4.911;4.964;164016.266
1604721600000;4.964;5;4.919;4.979;85852.159
1604725200000;4.979;5.025;4.95;5.015;62318.13
1604728800000;5.015;5.016;4.954;5.002;64541.174
1604732400000;5.002;5.05;4.967;5.024;79146.326
1604736000000;5.02;5.059;4.974;5.049;125887.196
1604739600000;5.051;5.074;5.012;5.04;82840.847
1604743200000;5.04;5.06;4.991;5.053;53409.774
1604746800000;5.055;5.119;5.044;5.098;108522.045
1604750400000;5.098;5.159;5.082;5.159;125786.977
1604754000000;5.153;5.162;4.964;5.059;212326.444
1604757600000;5.059;5.062;4.7;4.729;448789.962
1604761200000;4.73;4.81;4.57;4.805;462062.836
1604764800000;4.805;4.848;4.666;4.845;285202.325
1604768400000;4.845;4.852;4.736;4.752;122248.985
1604772000000;4.752;4.769;4.55;4.639;210836.931
1604775600000;4.643;4.696;4.513;4.572;307894.095
1604779200000;4.562;4.667;4.492;4.64;204608.937
1604782800000;4.64;4.64;4.572;4.618;49741.431
1604786400000;4.618;4.657;4.556;4.631;40946.887
1604790000000;4.63;4.67;4.603;4.619;45701.648
1604793600000;4.62;4.69;4.557;4.675;71265.504
1604797200000;4.673;4.694;4.596;4.684;43444.769
1604800800000;4.687;4.687;4.642;4.659;37087.654
1604804400000;4.657;4.663;4.621;4.624;34087.508
1604808000000;4.625;4.667;4.603;4.622;40292.909
1604811600000;4.622;4.676;4.614;4.668;26738.091
1604815200000;4.669;4.676;4.617;4.645;32917.386
1604818800000;4.642;4.652;4.607;4.623;26854.925
1604822400000;4.623;4.659;4.611;4.646;32604.882
1604826000000;4.642;4.721;4.642;4.721;33756.114
1604829600000;4.721;4.797;4.704;4.76;89335.394
1604833200000;4.761;4.806;4.756;4.804;61147.138
1604836800000;4.804;4.83;4.794;4.82;58421.245
1604840400000;4.822;4.83;4.754;4.785;66833.375
1604844000000;4.785;4.895;4.765;4.895;201009.083
1604847600000;4.895;4.904;4.835;4.857;85460.597
1604851200000;4.861;4.902;4.802;4.874;116560.654
1604854800000;4.874;4.894;4.841;4.886;62693.519
1604858400000;4.886;4.907;4.85;4.899;67044.156
1604862000000;4.899;4.908;4.786;4.806;106467.283
1604865600000;4.806;4.834;4.777;4.79;36911.357
1604869200000;4.79;4.8;4.734;4.773;63982.834
1604872800000;4.773;4.817;4.77;4.808;27304.862
1604876400000;4.811;4.835;4.792;4.809;28300.999
1604880000000;4.805;4.86;4.761;4.838;47082.24
1604883600000;4.835;4.856;4.79;4.807;27485.309
1604887200000;4.807;4.818;4.771;4.78;23929.427
1604890800000;4.776;4.78;4.709;4.712;62009.639
1604894400000;4.713;4.737;4.679;4.726;38616.98
1604898000000;4.726;4.754;4.689;4.754;48689.779
1604901600000;4.75;4.758;4.709;4.721;28974.737
1604905200000;4.721;4.783;4.693;4.702;45785.365
1604908800000;4.702;4.769;4.662;4.743;70252.399
1604912400000;4.747;4.831;4.742;4.824;86052.817
1604916000000;4.824;4.9;4.819;4.899;84154.807
1604919600000;4.899;4.947;4.845;4.927;90089.916
1604923200000;4.925;4.931;4.802;4.843;156347.263
1604926800000;4.845;4.85;4.723;4.767;138137.495
1604930400000;4.766;4.799;4.703;4.723;94506.862
1604934000000;4.72;4.749;4.687;4.715;86322.051
1604937600000;4.714;4.957;4.679;4.927;238515.288
1604941200000;4.929;5.156;4.928;5.149;560349.284
1604944800000;5.147;5.198;5.062;5.179;362911.043
1604948400000;5.178;5.2;5.067;5.136;222037.129
1604952000000;5.136;5.15;5.096;5.103;108391.573
1604955600000;5.107;5.17;5.081;5.108;133741.36
1604959200000;5.109;5.116;5.031;5.056;71451.768
1604962800000;5.059;5.19;5.059;5.155;139647.404
1604966400000;5.159;5.178;5.08;5.178;123973.213
1604970000000;5.176;5.283;5.172;5.218;315391.234
1604973600000;5.217;5.227;5.168;5.178;83182.449
1604977200000;5.176;5.191;5.128;5.183;64871.723
1604980800000;5.183;5.215;5.146;5.153;79698.64
1604984400000;5.153;5.161;5.106;5.146;70103.356
1604988000000;5.147;5.156;5.039;5.074;124294.094
1604991600000;5.08;5.126;5.05;5.087;117939.984
1604995200000;5.087;5.155;5.071;5.106;176711.902
1604998800000;5.106;5.144;5.09;5.14;59463.401
1605002400000;5.139;5.144;5.053;5.065;122105.605
1605006000000;5.065;5.132;5.022;5.131;127585.342
1605009600000;5.132;5.151;5.05;5.109;92628.437
1605013200000;5.108;5.11;5.037;5.077;105787.361
1605016800000;5.072;5.077;4.924;4.957;306171.179
1605020400000;4.956;4.981;4.896;4.973;184993.9
1605024000000;4.971;5.019;4.959;5.016;147692.028
1605027600000;5.015;5.05;4.991;5.033;138852.528
1605031200000;5.031;5.034;4.989;5.005;82061.99
1605034800000;5.003;5.05;4.999;5.045;47411.014
1605038400000;5.041;5.097;5.03;5.049;80625.402
1605042000000;5.048;5.117;5.028;5.099;57350.397
1605045600000;5.095;5.16;5.072;5.135;63239.064
1605049200000;5.131;5.137;5.068;5.084;40836.365
1605052800000;5.088;5.175;5.074;5.156;92581.941
1605056400000;5.158;5.229;5.145;5.175;119349.537
1605060000000;5.174;5.188;5.096;5.133;68798.446
1605063600000;5.137;5.181;5.13;5.155;28695.352
1605067200000;5.155;5.17;5.1;5.128;34690.258
1605070800000;5.127;5.131;5.07;5.105;88755.699
1605074400000;5.109;5.137;5.106;5.137;45943.494
1605078000000;5.137;5.161;5.126;5.151;39970.48
1605081600000;5.151;5.164;5.112;5.125;44976.176
1605085200000;5.123;5.142;5.018;5.052;112253.908
1605088800000;5.049;5.103;5.038;5.098;50309.956
1605092400000;5.094;5.101;5.048;5.07;76035.015
1605096000000;5.069;5.13;5.066;5.103;75773.076
1605099600000;5.103;5.103;5.022;5.039;90314.505
1605103200000;5.04;5.093;5.02;5.077;65019.437
1605106800000;5.078;5.082;5.052;5.069;29431.702
1605110400000;5.069;5.173;5.069;5.161;132895.085
1605114000000;5.161;5.216;5.152;5.202;136297.072
1605117600000;5.202;5.281;5.158;5.173;210778.642
1605121200000;5.171;5.195;5.13;5.147;65322.082
1605124800000;5.147;5.147;5.062;5.121;69231.309
1605128400000;5.122;5.13;5.068;5.129;30228.807
1605132000000;5.129;5.13;5.063;5.065;47746.049
1605135600000;5.064;5.064;5.01;5.033;82889.281
1605139200000;5.03;5.032;4.931;4.998;116070.799
1605142800000;5;5.013;4.963;5.004;34649.737
1605146400000;5.002;5.283;4.993;5.265;607767.851
1605150000000;5.264;5.301;5.233;5.252;246439.813
1605153600000;5.255;5.291;5.227;5.273;121804.771
1605157200000;5.274;5.303;5.198;5.227;113624.016
1605160800000;5.231;5.275;5.201;5.259;122294.111
1605164400000;5.261;5.262;5.183;5.225;80109.622
1605168000000;5.219;5.279;5.202;5.231;105994.75
1605171600000;5.231;5.249;5.15;5.214;135553.835
1605175200000;5.218;5.254;5.116;5.119;174000.762
1605178800000;5.122;5.159;5.094;5.138;96175.642
1605182400000;5.13;5.194;5.128;5.168;69197.426
1605186000000;5.165;5.167;5.112;5.126;56868.356
1605189600000;5.125;5.154;5.034;5.056;132998.066
1605193200000;5.059;5.12;5.059;5.09;71117.645
1605196800000;5.089;5.089;5.002;5.015;139336.181
1605200400000;5.01;5.031;4.959;4.968;112230.96
1605204000000;4.965;5.039;4.965;5.015;73961.417
1605207600000;5.015;5.015;4.958;4.989;74210.475
1605211200000;4.987;5.026;4.979;4.996;47381.238
1605214800000;4.996;5.034;4.991;5.02;47674.248
1605218400000;5.02;5.123;5.006;5.031;207389.436
1605222000000;5.03;5.06;4.995;5.03;110545.601
1605225600000;5.029;5.073;5.015;5.072;57674.854
1605229200000;5.074;5.129;5.07;5.103;58570.063
1605232800000;5.103;5.127;5.079;5.122;28594.864
1605236400000;5.12;5.152;5.115;5.133;52118.885
1605240000000;5.137;5.151;5.102;5.115;46892.749
1605243600000;5.118;5.118;5.064;5.101;32805.139
1605247200000;5.101;5.117;5.078;5.084;34760.194
1605250800000;5.082;5.124;5.064;5.115;30360.284
1605254400000;5.115;5.166;5.079;5.161;83566.246
1605258000000;5.162;5.216;5.153;5.184;103562.55
1605261600000;5.185;5.202;5.132;5.145;45886.341
1605265200000;5.143;5.197;5.11;5.178;56080.302
1605268800000;5.181;5.222;5.177;5.194;49067.864
1605272400000;5.192;5.208;5.135;5.199;82022.568
1605276000000;5.201;5.26;5.161;5.216;120402.982
1605279600000;5.217;5.218;5.165;5.203;48449.942
1605283200000;5.204;5.246;5.141;5.21;85281.48
1605286800000;5.21;5.229;5.187;5.215;56380.134
1605290400000;5.218;5.257;5.193;5.223;82706.501
1605294000000;5.222;5.231;5.189;5.225;30613.108
1605297600000;5.22;5.22;5.17;5.198;39208.615
1605301200000;5.197;5.23;5.193;5.197;30359.003
1605304800000;5.198;5.23;5.173;5.23;50552.9
1605308400000;5.229;5.23;5.177;5.213;53704.607
1605312000000;5.215;5.237;5.151;5.17;79396.991
1605315600000;5.171;5.181;5.146;5.164;32342.435
1605319200000;5.165;5.211;5.146;5.177;43750.74
1605322800000;5.178;5.194;5.15;5.174;31219.257
1605326400000;5.173;5.173;5.14;5.147;21003.698
1605330000000;5.145;5.181;5.13;5.159;43488.092
1605333600000;5.159;5.183;5.149;5.17;21646.036
1605337200000;5.17;5.172;5.12;5.137;28788.289
1605340800000;5.137;5.139;5.064;5.097;83000.168
1605344400000;5.096;5.101;5;5.017;148976.68
1605348000000;5.017;5.053;4.998;5.027;104871.99
1605351600000;5.028;5.105;5.013;5.069;70471.825
1605355200000;5.065;5.088;5.034;5.086;27619.433
1605358800000;5.085;5.098;5.066;5.09;16957.83
1605362400000;5.091;5.112;5.066;5.108;44865.144
1605366000000;5.11;5.115;5.052;5.071;49707.884
1605369600000;5.068;5.123;5.016;5.025;105927.334
1605373200000;5.024;5.113;4.987;5.094;96739.377
1605376800000;5.091;5.108;5.079;5.094;34883.026
1605380400000;5.089;5.11;5.049;5.07;77383.485
1605384000000;5.067;5.09;5.041;5.051;123001.204
1605387600000;5.051;5.058;5.038;5.055;77752.513
1605391200000;5.055;5.064;5.031;5.061;45951.055
1605394800000;5.058;5.064;5.039;5.045;51809.079
1605398400000;5.044;5.057;5.01;5.018;156769.795
1605402000000;5.019;5.045;4.994;5.034;81831.17
1605405600000;5.037;5.043;5.001;5.022;27954.435
1605409200000;5.021;5.031;4.987;5.013;42412.866
1605412800000;5.009;5.039;4.994;5.021;29854.568
1605416400000;5.021;5.078;5.02;5.056;50086.953
1605420000000;5.063;5.076;5.046;5.063;25186.598
1605423600000;5.064;5.086;5.049;5.084;51091.291
1605427200000;5.082;5.089;5.062;5.083;37807.59
1605430800000;5.084;5.12;5.067;5.08;49727.8
1605434400000;5.081;5.095;5.012;5.046;53158.463
1605438000000;5.045;5.079;5.015;5.02;51798.571
1605441600000;5.02;5.058;4.996;5.028;55199.249
1605445200000;5.027;5.07;5.013;5.065;36618.739
1605448800000;5.063;5.095;5.052;5.079;34745.774
1605452400000;5.076;5.1;5.072;5.085;24731.814
1605456000000;5.087;5.105;5.031;5.05;67844.394
1605459600000;5.051;5.051;4.901;4.935;133053.68
1605463200000;4.935;4.95;4.861;4.939;108781.703
1605466800000;4.93;4.972;4.92;4.925;32808.493
1605470400000;4.923;4.96;4.902;4.941;49494.91
1605474000000;4.936;4.96;4.919;4.926;12815.2
1605477600000;4.922;4.978;4.856;4.968;62164.926
1605481200000;4.97;4.995;4.959;4.979;22404.168
1605484800000;4.971;4.998;4.927;4.995;50461.991
1605488400000;4.995;5.013;4.962;4.976;76766.917
1605492000000;4.973;4.99;4.935;4.944;61360.819
1605495600000;4.944;5.089;4.944;5.045;229083.423
1605499200000;5.045;5.088;5.045;5.081;53463.187
1605502800000;5.086;5.096;5.069;5.088;50674.24
1605506400000;5.088;5.11;5.082;5.092;69550.073
1605510000000;5.092;5.113;5.054;5.081;74831.53
1605513600000;5.077;5.127;5.059;5.111;83087.561
1605517200000;5.108;5.133;5.063;5.096;56155.869
1605520800000;5.095;5.11;5.069;5.109;42899.186
1605524400000;5.108;5.113;5.07;5.07;46374.383
1605528000000;5.069;5.117;5.069;5.103;37256.021
1605531600000;5.107;5.119;5.079;5.113;39778.979
1605535200000;5.109;5.159;5.108;5.139;106520.307
1605538800000;5.146;5.182;5.145;5.155;66381.12
1605542400000;5.158;5.171;5.085;5.122;121450.086
1605546000000;5.125;5.15;5.119;5.142;52597.105
1605549600000;5.144;5.144;5.114;5.122;28977.427
1605553200000;5.122;5.125;5.096;5.111;41209.577
1605556800000;5.112;5.122;5.1;5.108;20088.229
1605560400000;5.107;5.117;5.049;5.095;96267.072
1605564000000;5.096;5.109;5.079;5.103;23724.744
1605567600000;5.103;5.126;5.07;5.084;50694.967
1605571200000;5.079;5.156;5.066;5.152;58414.28
1605574800000;5.153;5.17;5.126;5.139;77177.56
1605578400000;5.137;5.17;5.12;5.138;42742.938
1605582000000;5.138;5.164;5.13;5.139;29998.462
1605585600000;5.141;5.194;5.138;5.184;86016.139
1605589200000;5.184;5.215;5.147;5.186;72663.136
1605592800000;5.185;5.264;5.168;5.231;148464.682
1605596400000;5.235;5.237;5.194;5.221;58889.323
1605600000000;5.223;5.24;5.18;5.2;64975.258
1605603600000;5.201;5.244;5.142;5.165;105991.517
1605607200000;5.166;5.21;5.157;5.206;76755.793
1605610800000;5.206;5.216;5.176;5.184;113947.903
1605614400000;5.185;5.245;5.178;5.225;141711.212
1605618000000;5.228;5.245;5.188;5.194;93165.803
1605621600000;5.193;5.236;5.181;5.204;83567.962
1605625200000;5.205;5.206;5.14;5.179;139476.352
1605628800000;5.18;5.21;5.14;5.171;190717.963
1605632400000;5.176;5.192;5.154;5.169;130113.462
1605636000000;5.17;5.201;5.153;5.186;52710.907
1605639600000;5.189;5.344;5.178;5.337;198947.466
1605643200000;5.339;5.37;5.301;5.314;212746.084
1605646800000;5.316;5.33;5.26;5.275;65592.32
1605650400000;5.278;5.296;5.251;5.291;36736.867
1605654000000;5.291;5.319;5.277;5.285;131752.198
1605657600000;5.284;5.322;5.252;5.289;199300.107
1605661200000;5.285;5.292;5.233;5.238;112532.296
1605664800000;5.238;5.253;5.206;5.222;61832.205
1605668400000;5.218;5.258;5.188;5.237;134942.618
1605672000000;5.235;5.278;5.194;5.208;165064.518
1605675600000;5.205;5.258;4.909;5.039;440547.254
1605679200000;5.036;5.115;5.022;5.081;239772.421
1605682800000;5.078;5.106;5.039;5.096;92350.748
1605686400000;5.096;5.126;5.081;5.112;79792.021
1605690000000;5.113;5.118;5.062;5.092;144858.843
1605693600000;5.087;5.13;5.068;5.123;63413.546
1605697200000;5.121;5.124;5.088;5.103;45971.483
1605700800000;5.1;5.109;5.056;5.06;52737.082
1605704400000;5.056;5.104;5.006;5.027;113076.532
1605708000000;5.029;5.062;4.991;4.992;83391.467
1605711600000;4.993;5.07;4.95;5.041;142081.755
1605715200000;5.038;5.06;5.001;5.03;108429.91
1605718800000;5.026;5.06;5.013;5.053;60249.546
1605722400000;5.053;5.053;5.022;5.035;26154.167
1605726000000;5.04;5.069;5.001;5.026;35947.313
1605729600000;5.027;5.041;4.994;5.026;24900.372
1605733200000;5.027;5.061;5.019;5.055;22629.366
1605736800000;5.058;5.115;5.048;5.109;37150.32
1605740400000;5.109;5.12;5.079;5.105;56037.754
1605744000000;5.11;5.126;5.059;5.124;52617.355
1605747600000;5.125;5.138;5.094;5.121;30783.748
1605751200000;5.126;5.14;5.102;5.114;32571.825
1605754800000;5.118;5.128;5.092;5.1;21235.853
1605758400000;5.099;5.106;5.071;5.084;26121.424
1605762000000;5.087;5.1;5.072;5.087;13812.835
1605765600000;5.087;5.092;5.028;5.048;39622.388
1605769200000;5.052;5.058;5.026;5.048;23459.756
1605772800000;5.048;5.069;5;5.022;82903.454
1605776400000;5.022;5.043;4.985;4.999;52579.118
1605780000000;4.995;5.046;4.986;5.046;60821.903
1605783600000;5.036;5.105;5.033;5.089;71490.72
1605787200000;5.093;5.129;5.07;5.127;88395.496
1605790800000;5.129;5.177;5.127;5.162;108749.432
1605794400000;5.162;5.177;5.143;5.162;75512.432
1605798000000;5.16;5.17;5.132;5.168;79401.304
1605801600000;5.165;5.221;5.136;5.168;129783.315
1605805200000;5.168;5.195;5.136;5.163;74523.04
1605808800000;5.164;5.185;5.14;5.165;26490.949
1605812400000;5.161;5.178;5.116;5.143;49926.478
1605816000000;5.143;5.155;5.126;5.126;48065.602
1605819600000;5.126;5.137;5.073;5.091;49518.002
1605823200000;5.089;5.105;5.07;5.072;25781.383
1605826800000;5.07;5.1;5.039;5.097;71848.071
1605830400000;5.098;5.12;5.078;5.086;28764.36
1605834000000;5.087;5.124;5.076;5.113;57156.533
1605837600000;5.111;5.223;5.111;5.209;185799.526
1605841200000;5.213;5.264;5.209;5.23;176346.594
1605844800000;5.232;5.273;5.223;5.27;131873.855
1605848400000;5.27;5.321;5.24;5.247;208892.854
1605852000000;5.246;5.273;5.236;5.248;109906.115
1605855600000;5.248;5.268;5.209;5.231;151945.808
1605859200000;5.236;5.28;5.222;5.28;108552.5
1605862800000;5.28;5.29;5.248;5.283;162340.586
1605866400000;5.283;5.445;5.273;5.401;273643.509
1605870000000;5.401;5.414;5.36;5.389;145868.439
1605873600000;5.39;5.433;5.358;5.415;126112.628
1605877200000;5.418;5.451;5.365;5.412;199553.671
1605880800000;5.412;5.458;5.34;5.353;221223.397
1605884400000;5.353;5.357;5.274;5.313;146544.48
1605888000000;5.318;5.347;5.256;5.324;214746.595
1605891600000;5.323;5.341;5.304;5.309;85398.04
1605895200000;5.309;5.329;5.227;5.292;98410.194
1605898800000;5.294;5.32;5.271;5.308;26011.785
1605902400000;5.313;5.332;5.288;5.299;40291.261
1605906000000;5.298;5.298;5.258;5.279;32278.993
1605909600000;5.28;5.282;5.233;5.282;42122.062
1605913200000;5.278;5.299;5.234;5.268;61985.925
1605916800000;5.269;5.346;5.262;5.31;94578.638
1605920400000;5.307;5.39;5.29;5.38;113998.31
1605924000000;5.381;5.49;5.334;5.368;270726.025
1605927600000;5.368;5.453;5.353;5.407;130087.189
1605931200000;5.412;5.431;5.311;5.371;162927.674
1605934800000;5.373;5.436;5.357;5.422;86659.446
1605938400000;5.425;5.478;5.413;5.456;154173.602
1605942000000;5.462;5.54;5.455;5.524;130228.078
1605945600000;5.524;5.626;5.521;5.61;197617.345
1605949200000;5.609;5.621;5.489;5.541;295435.7
1605952800000;5.541;5.623;5.517;5.55;188892.555
1605956400000;5.548;5.585;5.445;5.464;136660.956
1605960000000;5.465;5.681;5.406;5.646;333108.159
1605963600000;5.647;5.701;5.593;5.642;298768.877
1605967200000;5.642;5.749;5.623;5.741;247842.779
1605970800000;5.739;5.791;5.597;5.77;384981.894
1605974400000;5.776;5.86;5.701;5.774;406333.157
1605978000000;5.768;5.8;5.678;5.757;184106.329
1605981600000;5.758;5.78;5.705;5.735;86333.874
1605985200000;5.74;5.768;5.677;5.71;70170.561
1605988800000;5.71;5.93;5.635;5.715;185965.927
1605992400000;5.715;5.788;5.68;5.775;73613.714
1605996000000;5.773;5.791;5.693;5.784;49899.593
1605999600000;5.78;5.948;5.763;5.922;170243.497
1606003200000;5.923;5.977;5.697;5.756;287034.353
1606006800000;5.749;5.787;5.545;5.642;340833.229
1606010400000;5.64;5.732;5.625;5.716;88651.357
1606014000000;5.721;5.721;5.625;5.713;78587.816
1606017600000;5.715;5.715;5.607;5.685;71127.501
1606021200000;5.686;5.686;5.584;5.608;50360.912
1606024800000;5.607;5.641;5.495;5.587;105545.885
1606028400000;5.579;5.596;5.456;5.587;143800.128
1606032000000;5.585;5.594;5.452;5.465;127997.944
1606035600000;5.459;5.661;5.441;5.66;142438.142
1606039200000;5.652;5.652;5.481;5.545;158595.77
1606042800000;5.54;5.56;5.24;5.372;293268.398
1606046400000;5.369;5.458;5.33;5.421;138052.322
1606050000000;5.42;5.479;5.379;5.462;74211.056
1606053600000;5.458;5.484;5.41;5.416;63432.567
1606057200000;5.414;5.491;5.411;5.468;58819.37
1606060800000;5.464;5.606;5.408;5.574;127520.5
1606064400000;5.569;5.573;5.517;5.549;61462.718
1606068000000;5.551;5.619;5.536;5.597;81145.154
1606071600000;5.595;5.644;5.571;5.621;85395.559
1606075200000;5.619;5.656;5.545;5.568;122870.381
1606078800000;5.565;5.613;5.541;5.587;68341.656
1606082400000;5.591;5.614;5.566;5.578;76656.095
1606086000000;5.576;5.576;5.448;5.481;148184.106
1606089600000;5.486;5.6;5.38;5.471;161436.32
1606093200000;5.466;5.553;5.43;5.512;84743.227
1606096800000;5.513;5.569;5.497;5.505;62555.838
1606100400000;5.509;5.591;5.485;5.573;67260.947
1606104000000;5.572;5.682;5.565;5.673;133636.268
1606107600000;5.677;5.696;5.626;5.674;110292.229
1606111200000;5.675;5.71;5.601;5.71;117075.776
1606114800000;5.71;5.72;5.645;5.651;88052.829
1606118400000;5.659;5.73;5.659;5.685;106125.304
1606122000000;5.685;5.758;5.683;5.741;101410.191
1606125600000;5.741;5.754;5.702;5.723;66211.082
1606129200000;5.72;5.763;5.648;5.654;216547.799
1606132800000;5.659;5.677;5.593;5.675;108064.069
1606136400000;5.672;5.691;5.522;5.666;201032.827
1606140000000;5.666;5.723;5.643;5.711;260489.388
1606143600000;5.71;5.712;5.552;5.587;164943.012
1606147200000;5.586;5.65;5.512;5.625;144230.364
1606150800000;5.629;5.741;5.62;5.723;156666.836
1606154400000;5.73;5.835;5.642;5.826;265648.329
1606158000000;5.826;5.9;5.772;5.891;193394.566
1606161600000;5.894;5.911;5.77;5.865;224212.537
1606165200000;5.863;5.917;5.817;5.875;173988.963
1606168800000;5.87;5.871;5.794;5.827;129487.109
1606172400000;5.83;5.832;5.753;5.811;150579.021
1606176000000;5.812;6.1;5.802;6.075;547635.632
1606179600000;6.077;6.332;5.932;6.235;624480.229
1606183200000;6.236;6.248;6.051;6.062;250693.698
1606186800000;6.069;6.184;6.061;6.112;181994.442
1606190400000;6.115;6.3;6.099;6.27;184368.863
1606194000000;6.272;6.37;6.19;6.342;347121.552
1606197600000;6.337;6.36;5.7;6.079;838437.372
1606201200000;6.078;6.155;6.047;6.072;187813.185
1606204800000;6.074;6.405;6.073;6.321;292117.661
1606208400000;6.32;6.329;6;6.014;397033.016
1606212000000;6.022;6.033;5.689;5.95;486034.315
1606215600000;5.946;5.972;5.82;5.833;143921.721
1606219200000;5.833;5.84;5.657;5.718;282721.369
1606222800000;5.715;5.924;5.715;5.924;199104.502
1606226400000;5.921;5.945;5.786;5.817;158339.395
1606230000000;5.818;5.918;5.785;5.916;274186.605
1606233600000;5.918;5.988;5.821;5.979;310834.919
1606237200000;5.977;6.07;5.954;6.009;180219.506
1606240800000;6.003;6.08;5.98;6.063;87860.692
1606244400000;6.06;6.116;6.021;6.08;99702.99
1606248000000;6.082;6.095;5.947;5.981;153439.686
1606251600000;5.985;6.007;5.844;5.859;137341.964
1606255200000;5.859;5.893;5.81;5.868;142115.905
1606258800000;5.869;5.971;5.861;5.966;93397.796
1606262400000;5.966;6.19;5.892;6.19;224467.613
1606266000000;6.185;6.41;6.184;6.296;544385.286
1606269600000;6.303;6.306;6.001;6.069;266946.038
1606273200000;6.074;6.135;5.919;5.976;225446.475
1606276800000;5.98;6.115;5.93;5.949;154464.807
1606280400000;5.946;6.082;5.927;6.064;177401.585
1606284000000;6.063;6.22;6.057;6.105;181914.442
1606287600000;6.109;6.356;6.083;6.329;424869.529
1606291200000;6.329;6.34;6.12;6.161;326600.065
1606294800000;6.16;6.209;6.12;6.193;119253.096
1606298400000;6.199;6.277;6.178;6.218;187617.16
1606302000000;6.218;6.255;6.172;6.226;114391.982
1606305600000;6.227;6.295;6.165;6.295;154499.419
1606309200000;6.296;6.46;6.1;6.171;757943.033
1606312800000;6.18;6.328;6.141;6.306;195696.122
1606316400000;6.304;6.454;6.274;6.378;419796.637
1606320000000;6.378;6.47;6.238;6.266;443584.835
1606323600000;6.263;6.338;6.207;6.334;138833.545
1606327200000;6.334;6.47;6.317;6.427;143887.989
1606330800000;6.424;6.458;6.273;6.309;216547.318
1606334400000;6.31;6.381;5.984;6.121;480179.884
1606338000000;6.114;6.224;6.04;6.116;156605.315
1606341600000;6.122;6.127;5.87;6.003;222641.154
1606345200000;6;6;5.68;5.904;362559.154
1606348800000;5.902;6.05;5.757;6.033;289808.788
1606352400000;6.027;6.058;5.921;5.964;96934.194
1606356000000;5.957;6.331;5.933;6.153;1008835.883
1606359600000;6.157;6.2;5.372;5.695;1080826.239
1606363200000;5.689;5.877;5.572;5.736;866598.504
1606366800000;5.737;5.824;5.656;5.779;240166.22
1606370400000;5.774;5.818;5.67;5.751;183517.259
1606374000000;5.745;5.748;5.372;5.397;469525.82
1606377600000;5.408;5.425;5;5.195;931731.372
1606381200000;5.199;5.645;5.165;5.532;1028369.146
1606384800000;5.533;5.582;5.44;5.539;214773.983
1606388400000;5.544;5.582;5.381;5.413;260166.743
1606392000000;5.417;5.54;5.362;5.512;201717.205
1606395600000;5.512;5.554;5.303;5.337;184069.767
1606399200000;5.33;5.399;5.258;5.264;252548.605
1606402800000;5.264;5.473;5.243;5.405;203117.426
1606406400000;5.407;5.45;5.172;5.193;315060.173
1606410000000;5.203;5.222;5.029;5.149;404263.797
1606413600000;5.148;5.188;5.064;5.08;141442.375
1606417200000;5.086;5.251;5.018;5.159;249750.607
1606420800000;5.16;5.32;5.16;5.308;228284.644
1606424400000;5.317;5.334;5.225;5.242;90838.854
1606428000000;5.243;5.337;5.212;5.326;50699.863
1606431600000;5.327;5.334;5.224;5.33;74552.356
1606435200000;5.33;5.417;5.235;5.409;152897.934
1606438800000;5.408;5.446;5.365;5.39;138782.163
1606442400000;5.393;5.428;5.228;5.235;205500.24
1606446000000;5.235;5.281;5.204;5.225;125556.275
1606449600000;5.225;5.32;5.214;5.275;43529.332
1606453200000;5.277;5.431;5.277;5.396;114704.54
1606456800000;5.401;5.41;5.361;5.398;49953.493
1606460400000;5.398;5.402;5.245;5.265;80645.114
1606464000000;5.277;5.283;5.1;5.172;216973.784
1606467600000;5.174;5.26;5.13;5.146;146560.877
1606471200000;5.148;5.267;5.148;5.248;84948.193
1606474800000;5.257;5.257;5.142;5.191;64601.75
1606478400000;5.194;5.309;5.186;5.302;92328.36
1606482000000;5.298;5.303;5.237;5.25;57300.512
1606485600000;5.248;5.296;5.188;5.214;86282.108
1606489200000;5.217;5.217;5.09;5.122;149451.525
1606492800000;5.117;5.22;5.083;5.219;67591.219
1606496400000;5.214;5.233;5.182;5.222;49826.749
1606500000000;5.226;5.263;5.217;5.248;27347.163
1606503600000;5.247;5.253;5.207;5.242;59382.95
1606507200000;5.245;5.322;5.22;5.32;43437.289
1606510800000;5.32;5.33;5.253;5.323;41576.751
1606514400000;5.322;5.338;5.277;5.283;41519.487
1606518000000;5.282;5.368;5.282;5.368;44377.065
1606521600000;5.363;5.389;5.307;5.366;50296.741
1606525200000;5.366;5.422;5.34;5.393;73001.473
1606528800000;5.393;5.398;5.324;5.324;34402.141
1606532400000;5.322;5.361;5.321;5.35;24202.291
1606536000000;5.357;5.364;5.269;5.314;36385.491
1606539600000;5.31;5.317;5.275;5.296;51407.91
1606543200000;5.3;5.321;5.292;5.319;21214.472
1606546800000;5.321;5.325;5.294;5.299;13477.102
1606550400000;5.298;5.312;5.226;5.232;62714.75
1606554000000;5.236;5.275;5.229;5.258;31632.899
1606557600000;5.259;5.335;5.242;5.322;36401.625
1606561200000;5.318;5.36;5.298;5.342;36722.502
1606564800000;5.344;5.363;5.316;5.326;34764.301
1606568400000;5.332;5.499;5.328;5.469;137770.81
1606572000000;5.469;5.474;5.424;5.453;76970.299
1606575600000;5.453;5.518;5.409;5.513;148146.874
1606579200000;5.515;5.544;5.447;5.492;153079.898
1606582800000;5.492;5.511;5.423;5.497;79631.705
1606586400000;5.5;5.516;5.465;5.505;41158.186
1606590000000;5.507;5.529;5.453;5.503;56104.804
1606593600000;5.506;5.508;5.412;5.423;37652.844
1606597200000;5.421;5.459;5.408;5.436;43901.96
1606600800000;5.444;5.461;5.408;5.423;41111.015
1606604400000;5.422;5.498;5.402;5.43;49525.308
1606608000000;5.438;5.454;5.315;5.388;78137.804
1606611600000;5.39;5.41;5.338;5.368;58701.128
1606615200000;5.368;5.448;5.352;5.433;30792.809
1606618800000;5.433;5.455;5.42;5.445;33551.033
1606622400000;5.446;5.446;5.418;5.424;14796.594
1606626000000;5.422;5.439;5.402;5.41;20034.36
1606629600000;5.41;5.415;5.385;5.401;22686.727
1606633200000;5.397;5.458;5.374;5.45;51331.882
1606636800000;5.449;5.512;5.443;5.509;86443.725
1606640400000;5.51;5.525;5.444;5.463;88240.414
1606644000000;5.463;5.509;5.45;5.506;36150.737
1606647600000;5.507;5.544;5.433;5.452;203301.376
1606651200000;5.455;5.463;5.394;5.43;77162.446
1606654800000;5.43;5.45;5.415;5.444;43628.09
1606658400000;5.446;5.471;5.425;5.432;33525.443
1606662000000;5.431;5.44;5.402;5.427;28262.791
1606665600000;5.43;5.443;5.312;5.362;105865.675
1606669200000;5.367;5.4;5.346;5.366;56870.597
1606672800000;5.368;5.376;5.346;5.376;22569.658
1606676400000;5.376;5.382;5.333;5.338;19925.008
1606680000000;5.334;5.394;5.334;5.383;33740.725
1606683600000;5.385;5.457;5.383;5.412;66271.048
1606687200000;5.418;5.419;5.337;5.373;104025.987
1606690800000;5.375;5.433;5.375;5.429;50943.684
1606694400000;5.431;5.557;5.431;5.551;212002.526
1606698000000;5.553;5.558;5.54;5.551;153218.477
1606701600000;5.546;5.576;5.54;5.568;73636.429
1606705200000;5.569;5.619;5.557;5.588;65210.899
1606708800000;5.589;5.589;5.528;5.551;55263.253
1606712400000;5.554;5.559;5.523;5.525;49286.648
1606719600000;5.527;5.561;5.508;5.535;72332.297
1606723200000;5.542;5.549;5.411;5.43;128721.131
1606726800000;5.431;5.439;5.34;5.397;169176.409
1606730400000;5.391;5.451;5.386;5.428;77936.096
1606734000000;5.426;5.473;5.426;5.461;70562.018
1606737600000;5.455;5.493;5.435;5.474;83696.773
1606741200000;5.472;5.537;5.423;5.525;90553.324
1606744800000;5.527;5.625;5.513;5.549;221563.962
1606748400000;5.55;5.615;5.471;5.522;173085.173
1606752000000;5.524;5.68;5.504;5.546;240221.97
1606755600000;5.547;5.573;5.485;5.558;109416.022
1606759200000;5.561;5.571;5.49;5.495;100755.717
1606762800000;5.495;5.518;5.473;5.501;81846.666
1606766400000;5.509;5.535;5.459;5.524;71414.586
1606770000000;5.525;5.549;5.513;5.538;40710.059
1606773600000;5.537;5.547;5.497;5.546;33583.483
1606777200000;5.54;5.579;5.539;5.571;67394.303
1606780800000;5.568;5.586;5.481;5.505;100346.993
1606784400000;5.507;5.53;5.468;5.511;62638.183
1606788000000;5.507;5.534;5.488;5.523;73935.876
1606791600000;5.525;5.525;5.465;5.484;54153.189
1606795200000;5.48;5.517;5.462;5.474;65237.771
1606798800000;5.468;5.527;5.455;5.519;69701.331
1606802400000;5.519;5.531;5.489;5.499;59751.042
1606806000000;5.499;5.675;5.495;5.661;146905.735
1606809600000;5.653;5.674;5.594;5.631;172728.29
1606813200000;5.634;5.652;5.611;5.629;69683.259
1606816800000;5.636;5.71;5.626;5.694;173692.518
1606820400000;5.692;5.71;5.5;5.578;277084.477
1606824000000;5.572;5.586;5.1;5.196;662640.99
1606827600000;5.196;5.363;5.123;5.31;343128.047
1606831200000;5.313;5.44;5.253;5.431;202135.498
1606834800000;5.432;5.474;5.359;5.393;133099.315
1606838400000;5.393;5.428;5.281;5.332;141556.315
1606842000000;5.325;5.357;5.237;5.348;123983.719
1606845600000;5.347;5.348;5.24;5.273;78612.652
1606849200000;5.274;5.381;5.274;5.357;54760.765
1606852800000;5.35;5.369;5.309;5.333;38314.081
1606856400000;5.332;5.387;5.327;5.345;36056.585
1606860000000;5.346;5.387;5.299;5.303;48787.139
1606863600000;5.303;5.309;5.251;5.256;40688.597
1606867200000;5.256;5.371;5.198;5.371;84431.146
1606870800000;5.369;5.389;5.34;5.358;38746.947
1606874400000;5.361;5.375;5.28;5.286;33434.129
1606878000000;5.284;5.312;5.246;5.261;43953.64
1606881600000;5.266;5.292;5.207;5.253;41826.239
1606885200000;5.254;5.294;5.212;5.294;42429.318
1606888800000;5.291;5.342;5.28;5.325;56259.247
1606892400000;5.329;5.379;5.317;5.368;39349.046
1606896000000;5.368;5.394;5.343;5.372;61812.856
1606899600000;5.372;5.415;5.327;5.341;51153.25
1606903200000;5.344;5.374;5.324;5.361;44602.798
1606906800000;5.362;5.41;5.34;5.389;44737.108
1606910400000;5.392;5.392;5.287;5.328;78127.509
1606914000000;5.328;5.359;5.309;5.342;56095.786
1606917600000;5.344;5.379;5.305;5.307;66944.044
1606921200000;5.306;5.356;5.27;5.335;73985.478
1606924800000;5.336;5.342;5.264;5.292;61312.226
1606928400000;5.292;5.448;5.286;5.445;82193.222
1606932000000;5.446;5.526;5.445;5.513;177066.98
1606935600000;5.51;5.527;5.459;5.486;119741.016
1606939200000;5.489;5.502;5.46;5.482;25194.465
1606942800000;5.482;5.498;5.454;5.488;45909.537
1606946400000;5.492;5.535;5.489;5.508;71334.838
1606950000000;5.511;5.547;5.49;5.51;72868.374
1606953600000;5.505;5.547;5.474;5.507;55379.624
1606957200000;5.506;5.508;5.409;5.445;58061.886
1606960800000;5.45;5.474;5.436;5.467;11785.936
1606964400000;5.466;5.497;5.461;5.475;25380.909
1606968000000;5.469;5.527;5.45;5.452;53021.803
1606971600000;5.451;5.483;5.368;5.399;86745.893
1606975200000;5.397;5.435;5.38;5.395;34145.177
1606978800000;5.392;5.448;5.365;5.441;70116.73
1606982400000;5.441;5.52;5.418;5.468;94550.058
1606986000000;5.469;5.483;5.412;5.45;50864.959
1606989600000;5.449;5.504;5.439;5.498;53732.23
1606993200000;5.5;5.51;5.467;5.491;54719.785
1606996800000;5.491;5.495;5.4;5.435;85043.06
1607000400000;5.44;5.467;5.424;5.435;25172.222
1607004000000;5.435;5.494;5.435;5.468;36627.174
1607007600000;5.467;5.499;5.446;5.483;43743.046
1607011200000;5.486;5.54;5.428;5.525;200896.208
1607014800000;5.528;5.549;5.472;5.535;89685.491
1607018400000;5.538;5.645;5.534;5.596;153219.93
1607022000000;5.591;5.6;5.525;5.563;111125.302
1607025600000;5.561;5.565;5.489;5.509;53810.721
1607029200000;5.512;5.536;5.501;5.528;29843.951
1607032800000;5.528;5.545;5.515;5.537;28552.634
1607036400000;5.537;5.543;5.5;5.5;49244.367
1607040000000;5.5;5.532;5.476;5.531;41544.534
1607043600000;5.532;5.536;5.471;5.473;121413.003
1607047200000;5.471;5.49;5.386;5.405;113903.747
1607050800000;5.406;5.445;5.327;5.337;106809.188
1607054400000;5.338;5.409;5.306;5.409;67602.607
1607058000000;5.41;5.455;5.394;5.406;61735.037
1607061600000;5.405;5.456;5.399;5.443;20373.154
1607065200000;5.447;5.448;5.417;5.427;63095.024
1607068800000;5.431;5.497;5.425;5.478;96713.879
1607072400000;5.48;5.485;5.448;5.461;34067.452
1607076000000;5.461;5.461;5.256;5.353;194268.767
1607079600000;5.353;5.385;5.266;5.277;55145.17
1607083200000;5.277;5.349;5.238;5.344;181615.032
1607086800000;5.344;5.344;5.306;5.333;27693.066
1607090400000;5.338;5.373;5.302;5.348;23401.058
1607094000000;5.348;5.351;5.302;5.306;19374.41
1607097600000;5.303;5.321;5.243;5.306;62680.798
1607101200000;5.306;5.324;5.288;5.304;12352.298
1607104800000;5.299;5.343;5.28;5.327;50366.039
1607108400000;5.326;5.328;5.297;5.321;15349.091
1607112000000;5.321;5.323;5.25;5.272;36913.457
1607115600000;5.272;5.282;5.135;5.173;113086.664
1607119200000;5.174;5.188;5;5.02;172358.776
1607122800000;5.017;5.105;5.01;5.049;66991.912
1607126400000;5.046;5.098;4.966;5.087;123681.448
1607130000000;5.089;5.102;5.022;5.025;32485.522
1607133600000;5.025;5.105;5.025;5.09;71708.644
1607137200000;5.089;5.09;5.05;5.05;111606.714
1607140800000;5.05;5.095;5.046;5.084;65221.446
1607144400000;5.083;5.134;5.079;5.111;53564.86
1607148000000;5.113;5.156;5.11;5.139;44719.92
1607151600000;5.133;5.142;5.1;5.113;57672.775
1607155200000;5.114;5.182;5.112;5.177;64739.118
1607158800000;5.178;5.18;5.115;5.174;111096.601
1607162400000;5.172;5.182;5.144;5.178;58039.903
1607166000000;5.177;5.181;5.13;5.149;71098.615
1607169600000;5.149;5.175;5.131;5.152;47989.581
1607173200000;5.154;5.157;5.099;5.122;52929.232
1607176800000;5.12;5.161;5.12;5.148;18210.167
1607180400000;5.148;5.18;5.146;5.172;31556.192
1607184000000;5.17;5.3;5.157;5.262;96898.676
1607187600000;5.262;5.29;5.247;5.276;30699.018
1607191200000;5.279;5.285;5.224;5.237;35258.816
1607194800000;5.236;5.253;5.223;5.249;12422.521
1607198400000;5.252;5.252;5.178;5.202;24276.161
1607202000000;5.204;5.238;5.198;5.198;15683.787
1607205600000;5.198;5.213;5.184;5.207;11852.329
1607209200000;5.207;5.263;5.203;5.261;25348.476
1607212800000;5.262;5.286;5.251;5.279;38917.019
1607216400000;5.279;5.287;5.249;5.255;28446.243
1607220000000;5.253;5.261;5.22;5.227;14071.639
1607223600000;5.227;5.231;5.187;5.214;21172.871
1607227200000;5.212;5.224;5.203;5.209;11989.511
1607230800000;5.207;5.22;5.191;5.2;17703.661
1607234400000;5.198;5.209;5.171;5.181;67767.523
1607238000000;5.18;5.2;5.173;5.198;43999.704
1607241600000;5.2;5.202;5.115;5.128;78470.658
1607245200000;5.123;5.155;5.08;5.122;63141.931
1607248800000;5.123;5.146;5.101;5.139;24504.618
1607252400000;5.138;5.162;5.114;5.155;18113.065
1607256000000;5.155;5.156;5.099;5.115;36054.019
1607259600000;5.111;5.147;5.08;5.124;39155.424
1607263200000;5.116;5.192;5.111;5.181;31735.949
1607266800000;5.183;5.2;5.169;5.199;48492.611
1607270400000;5.198;5.227;5.166;5.185;31414.94
1607274000000;5.19;5.207;5.177;5.197;16283.084
1607277600000;5.196;5.199;5.179;5.185;15731.481
1607281200000;5.184;5.206;5.159;5.191;47505.456
1607284800000;5.19;5.2;5.175;5.188;6915.56
1607288400000;5.188;5.197;5.169;5.193;15059.43
1607292000000;5.198;5.209;5.14;5.158;20347.449
1607295600000;5.171;5.23;5.171;5.213;28826.767
1607299200000;5.214;5.228;5.187;5.2;26258.652
1607302800000;5.207;5.208;5.16;5.179;25708.757
1607306400000;5.183;5.183;5.142;5.147;17135.623
1607310000000;5.151;5.159;5.139;5.151;8958.312
1607313600000;5.153;5.156;5.14;5.148;11078.007
1607317200000;5.151;5.171;5.15;5.162;9840.597
1607320800000;5.162;5.182;5.157;5.182;16504.313
1607324400000;5.183;5.219;5.183;5.206;20182.73
1607328000000;5.203;5.209;5.175;5.183;46391.707
1607331600000;5.18;5.192;5.159;5.165;25963.977
1607335200000;5.165;5.18;5.147;5.161;10930.888
1607338800000;5.161;5.176;5.127;5.133;22128.039
1607342400000;5.133;5.217;5.119;5.213;45083.57
1607346000000;5.215;5.217;5.178;5.202;15283.985
1607349600000;5.197;5.213;5.17;5.187;24875.383
1607353200000;5.187;5.198;5.171;5.172;24427.08
1607356800000;5.179;5.188;5.168;5.171;27043.184
1607360400000;5.171;5.179;5.159;5.163;11487.108
1607364000000;5.16;5.161;5.078;5.085;48050.363
1607367600000;5.085;5.108;5.08;5.088;29468.698
1607371200000;5.09;5.103;5.075;5.096;18497.656
1607374800000;5.095;5.115;5.089;5.111;16076.056
1607378400000;5.108;5.127;5.101;5.102;17744.714
1607382000000;5.102;5.104;5.085;5.1;20141.358
1607385600000;5.1;5.104;5.085;5.102;12993.416
1607389200000;5.104;5.11;5.086;5.103;12025.659
1607392800000;5.104;5.108;5.076;5.086;22906.322
1607396400000;5.081;5.09;5.062;5.065;15396.717
1607400000000;5.067;5.08;5.058;5.08;21249.248
1607403600000;5.08;5.125;5.078;5.121;21422.211
1607407200000;5.122;5.137;5.093;5.113;24192.03
1607410800000;5.113;5.117;5.07;5.072;34824.566
1607414400000;5.074;5.082;5.014;5.022;76500.131
1607418000000;5.017;5.032;4.884;4.916;223012.788
1607421600000;4.914;4.991;4.9;4.981;78875.581
1607425200000;4.986;4.999;4.96;4.969;38271.653
1607428800000;4.966;4.994;4.896;4.937;42583.612
1607432400000;4.938;4.987;4.938;4.987;41107.262
1607436000000;4.987;4.992;4.967;4.976;16803.435
1607439600000;4.971;4.981;4.95;4.958;24956.389
1607443200000;4.95;4.992;4.916;4.944;25358.742
1607446800000;4.944;4.977;4.938;4.964;43264.683
1607450400000;4.964;4.964;4.923;4.924;22488.48
1607454000000;4.923;4.96;4.911;4.914;14880.953
1607457600000;4.91;4.94;4.835;4.85;62701.158
1607461200000;4.853;4.891;4.824;4.84;67124.861
1607464800000;4.84;4.854;4.666;4.666;112292.998
1607468400000;4.668;4.761;4.636;4.738;194702.288
1607472000000;4.735;4.744;4.664;4.665;65124.506
1607475600000;4.665;4.735;4.622;4.694;118210.566
1607479200000;4.694;4.765;4.666;4.74;128402.742
1607482800000;4.736;4.849;4.71;4.796;131102.145
1607486400000;4.795;4.802;4.662;4.675;138026.963
1607490000000;4.677;4.72;4.664;4.712;22946.015
1607493600000;4.715;4.742;4.707;4.742;26917.944
1607497200000;4.743;4.743;4.623;4.639;70965.831
1607500800000;4.636;4.67;4.562;4.664;168007.211
1607504400000;4.666;4.755;4.659;4.749;48951.561
1607508000000;4.748;4.805;4.705;4.796;50294.988
1607511600000;4.796;4.845;4.776;4.82;39781.438
1607515200000;4.829;4.857;4.779;4.806;40578.559
1607518800000;4.804;4.864;4.773;4.853;73407.705
1607522400000;4.852;4.868;4.81;4.843;38652.686
1607526000000;4.843;4.843;4.792;4.812;34311.038
1607529600000;4.811;4.827;4.769;4.822;94661.741
1607533200000;4.821;4.835;4.776;4.789;105832.037
1607536800000;4.79;4.811;4.756;4.766;53892.997
1607540400000;4.775;4.794;4.768;4.779;10898.321
1607544000000;4.786;4.832;4.773;4.825;25810.655
1607547600000;4.822;4.876;4.808;4.851;46272.135
1607551200000;4.853;4.879;4.809;4.825;32576.676
1607554800000;4.827;4.832;4.795;4.804;35502.872
1607558400000;4.803;4.822;4.768;4.779;28189.067
1607562000000;4.775;4.79;4.736;4.769;38928.68
1607565600000;4.77;4.782;4.742;4.761;12793.458
1607569200000;4.759;4.781;4.748;4.753;16829.965
1607572800000;4.753;4.793;4.74;4.744;35598.298
1607576400000;4.746;4.75;4.705;4.725;25944.433
1607580000000;4.73;4.739;4.677;4.699;74569.539
1607583600000;4.697;4.755;4.696;4.751;25337.575
1607587200000;4.748;4.785;4.737;4.775;45779.268
1607590800000;4.772;4.789;4.717;4.72;35532.138
1607594400000;4.723;4.746;4.709;4.714;25325.352
1607598000000;4.722;4.777;4.722;4.761;30947.133
1607601600000;4.761;4.805;4.753;4.773;86842.805
1607605200000;4.773;4.804;4.724;4.803;49816.993
1607608800000;4.8;4.809;4.709;4.718;47727.946
1607612400000;4.726;4.755;4.678;4.755;53798.347
1607616000000;4.752;4.772;4.727;4.76;25049.664
1607619600000;4.759;4.759;4.713;4.73;65967.334
1607623200000;4.731;4.732;4.702;4.704;38072.234
1607626800000;4.707;4.707;4.682;4.697;68434.109
1607630400000;4.698;4.715;4.664;4.684;51647.668
1607634000000;4.683;4.689;4.661;4.667;41898.119
1607637600000;4.665;4.687;4.665;4.679;25116.643
1607641200000;4.682;4.691;4.65;4.655;19769.896
1607644800000;4.657;4.673;4.556;4.586;77505.53
1607648400000;4.584;4.605;4.553;4.57;78821.834
1607652000000;4.57;4.581;4.534;4.542;50909.33
1607655600000;4.542;4.591;4.522;4.575;25235.365
1607659200000;4.584;4.593;4.554;4.577;20489.916
1607662800000;4.585;4.594;4.541;4.569;23517.583
1607666400000;4.571;4.597;4.548;4.575;15593.883
1607670000000;4.575;4.575;4.502;4.537;59383.707
1607673600000;4.539;4.583;4.539;4.565;34067.398
1607677200000;4.565;4.612;4.523;4.575;59302.423
1607680800000;4.575;4.59;4.508;4.54;43958.41
1607684400000;4.537;4.537;4.482;4.516;73039.38
1607688000000;4.512;4.571;4.5;4.56;40131.911
1607691600000;4.554;4.595;4.551;4.591;19607.76
1607695200000;4.593;4.618;4.581;4.616;35862.17
1607698800000;4.616;4.63;4.609;4.624;12786.817
1607702400000;4.622;4.625;4.583;4.587;31976.103
1607706000000;4.588;4.84;4.552;4.757;497006.928
1607709600000;4.757;4.81;4.718;4.773;124278.87
1607713200000;4.78;4.813;4.745;4.782;67957.476
1607716800000;4.79;4.863;4.79;4.817;130529.005
1607720400000;4.815;4.827;4.73;4.748;169561.462
1607724000000;4.749;4.789;4.722;4.737;133413.243
1607727600000;4.734;4.758;4.696;4.707;45987.717
1607731200000;4.71;4.857;4.698;4.835;142217.744
1607734800000;4.842;4.843;4.809;4.819;26943.296
1607738400000;4.822;4.857;4.817;4.853;32298.76
1607742000000;4.849;4.851;4.821;4.828;18715.025
1607745600000;4.824;4.852;4.818;4.849;21218.825
1607749200000;4.848;4.855;4.82;4.826;14517.02
1607752800000;4.826;4.857;4.82;4.828;19893.033
1607756400000;4.828;4.853;4.817;4.847;30595.706
1607760000000;4.847;4.855;4.794;4.804;45067.383
1607763600000;4.809;4.83;4.802;4.81;46109.851
1607767200000;4.813;4.917;4.794;4.841;97809.409
1607770800000;4.841;4.959;4.829;4.93;220681.839
1607774400000;4.93;4.945;4.9;4.905;71198.819
1607778000000;4.905;4.918;4.89;4.895;43877.904
1607781600000;4.895;4.919;4.876;4.904;56758.709
1607785200000;4.899;4.919;4.871;4.919;41754.834
1607788800000;4.918;5.063;4.917;5.03;241574.158
1607792400000;5.028;5.093;5.027;5.038;80718.156
1607796000000;5.038;5.059;5.009;5.034;79595.979
1607799600000;5.037;5.09;5.02;5.033;76735.261
1607803200000;5.038;5.082;5.035;5.058;36562.354
1607806800000;5.063;5.081;5.035;5.07;38307.267
1607810400000;5.07;5.118;5.051;5.096;52159.417
1607814000000;5.103;5.106;5.059;5.06;26264.078
1607817600000;5.06;5.181;5.051;5.177;245154.491
1607821200000;5.177;5.301;5.157;5.241;316996.74
1607824800000;5.24;5.311;5.234;5.24;92753.679
1607828400000;5.244;5.318;5.236;5.265;103240.314
1607832000000;5.265;5.285;5.2;5.245;107599.962
1607835600000;5.25;5.3;5.239;5.278;54142.997
1607839200000;5.284;5.342;5.283;5.324;71436.73
1607842800000;5.326;5.366;5.298;5.344;92205.35
1607846400000;5.344;5.369;5.315;5.342;84860.107
1607850000000;5.344;5.35;5.268;5.292;129499.956
1607853600000;5.295;5.326;5.267;5.291;78271.867
1607857200000;5.292;5.299;5.244;5.253;63086.351
1607860800000;5.254;5.287;5.244;5.254;63664.472
1607864400000;5.257;5.3;5.2;5.229;148178.632
1607868000000;5.229;5.235;5.178;5.195;60027.696
1607871600000;5.196;5.202;5.115;5.155;86392.864
1607875200000;5.162;5.242;5.162;5.222;95910.204
1607878800000;5.225;5.231;5.2;5.227;34876.713
1607882400000;5.227;5.231;5.197;5.219;56241.493
1607886000000;5.217;5.232;5.208;5.211;27901.005
1607889600000;5.214;5.214;5.171;5.201;41610.81
1607893200000;5.201;5.223;5.194;5.22;37318.92
1607896800000;5.219;5.22;5.121;5.164;71120.402
1607900400000;5.163;5.198;5.145;5.195;37657.487
1607904000000;5.198;5.201;5.083;5.107;127278.854
1607907600000;5.11;5.135;5.092;5.104;23764.382
1607911200000;5.107;5.156;5.059;5.111;149077.658
1607914800000;5.11;5.149;5.107;5.123;76726.135
1607918400000;5.123;5.143;5.064;5.075;60510.623
1607922000000;5.075;5.09;5.063;5.076;17981.635
1607925600000;5.075;5.121;5.073;5.121;26992.37
1607929200000;5.12;5.13;5.078;5.116;32156.418
1607932800000;5.116;5.149;5.116;5.126;43564.266
1607936400000;5.124;5.144;5.107;5.13;17224.205
1607940000000;5.133;5.133;5.051;5.087;61474.019
1607943600000;5.09;5.109;5.048;5.106;159678.655
1607947200000;5.107;5.109;5.032;5.081;98333.673
1607950800000;5.082;5.114;5.048;5.112;24388.156
1607954400000;5.115;5.127;5.066;5.1;43902.322
1607958000000;5.103;5.168;5.103;5.154;49212.529
1607961600000;5.152;5.212;5.135;5.212;82451.573
1607965200000;5.212;5.289;5.205;5.267;118823.554
1607968800000;5.267;5.29;5.206;5.235;98013.377
1607972400000;5.236;5.243;5.218;5.221;28259.249
1607976000000;5.221;5.258;5.211;5.25;23154.449
1607979600000;5.252;5.33;5.236;5.237;141376.731
1607983200000;5.238;5.259;5.229;5.252;29994.179
1607986800000;5.252;5.271;5.21;5.227;72985.882
1607990400000;5.229;5.272;5.221;5.225;69677.052
1607994000000;5.224;5.227;5.181;5.195;98898.527
1607997600000;5.199;5.24;5.189;5.228;34564.318
1608001200000;5.226;5.226;5.187;5.214;32480.383
1608004800000;5.212;5.213;5.111;5.133;50479.937
1608008400000;5.133;5.139;5.075;5.103;47606.681
1608012000000;5.104;5.123;5.093;5.114;15681.098
1608015600000;5.109;5.122;5.096;5.114;18536.225
1608019200000;5.116;5.162;5.095;5.124;101391.462
1608022800000;5.119;5.169;5.056;5.147;113662.641
1608026400000;5.153;5.187;5.11;5.179;28920.681
1608030000000;5.182;5.259;5.175;5.217;111884.275
1608033600000;5.217;5.248;5.199;5.212;34842.241
1608037200000;5.214;5.24;5.214;5.232;26390.227
1608040800000;5.229;5.292;5.206;5.231;130655.963
1608044400000;5.23;5.242;5.215;5.221;23172.911
1608048000000;5.221;5.257;5.206;5.242;29708.739
1608051600000;5.24;5.294;5.235;5.293;49457.143
1608055200000;5.295;5.328;5.28;5.293;154052.83
1608058800000;5.293;5.344;5.283;5.33;85201.152
1608062400000;5.335;5.36;5.315;5.334;44285.622
1608066000000;5.336;5.361;5.294;5.327;55895.593
1608069600000;5.328;5.342;5.308;5.32;24118.95
1608073200000;5.323;5.323;5.267;5.291;39410.775
1608076800000;5.291;5.3;5.193;5.23;126284.678
1608080400000;5.231;5.246;5.175;5.219;69442.879
1608084000000;5.22;5.241;5.199;5.217;39777.927
1608087600000;5.217;5.218;5.15;5.217;30046.509
1608091200000;5.219;5.262;5.211;5.253;36604.075
1608094800000;5.249;5.261;5.228;5.246;19836.712
1608098400000;5.244;5.488;5.239;5.467;416329.776
1608102000000;5.468;5.475;5.355;5.373;615386.87
1608105600000;5.372;5.427;5.359;5.394;176255.046
1608109200000;5.393;5.46;5.39;5.445;76902.567
1608112800000;5.445;5.474;5.374;5.379;139226.178
1608116400000;5.379;5.477;5.363;5.442;157995.824
1608120000000;5.445;5.452;5.352;5.382;92206.213
1608123600000;5.384;5.448;5.334;5.443;107351.134
1608127200000;5.442;5.487;5.4;5.463;199086.793
1608130800000;5.462;5.505;5.39;5.44;246874.959
1608134400000;5.444;5.489;5.417;5.437;132281.194
1608138000000;5.438;5.445;5.359;5.377;158330.438
1608141600000;5.378;5.402;5.36;5.375;109165.479
1608145200000;5.376;5.414;5.366;5.398;23689.948
1608148800000;5.4;5.411;5.381;5.399;46398.556
1608152400000;5.4;5.445;5.382;5.423;60825.993
1608156000000;5.421;5.462;5.421;5.456;75256.324
1608159600000;5.455;5.5;5.425;5.494;114227.997
1608163200000;5.487;5.54;5.485;5.519;111707.272
1608166800000;5.527;5.527;5.476;5.486;85617.128
1608170400000;5.487;5.494;5.465;5.488;34135.222
1608174000000;5.49;5.493;5.396;5.399;117402.516
1608177600000;5.4;5.437;5.396;5.411;41817.706
1608181200000;5.41;5.461;5.406;5.46;35805.605
1608184800000;5.457;5.535;5.44;5.487;195652.974
1608188400000;5.487;5.516;5.478;5.484;66330.79
1608192000000;5.484;5.537;5.44;5.461;188350.934
1608195600000;5.461;5.504;5.354;5.465;248535.755
1608199200000;5.462;5.636;5.46;5.603;268320.918
1608202800000;5.604;5.628;5.56;5.599;76520.117
1608206400000;5.6;5.613;5.556;5.574;69181.166
1608210000000;5.575;5.655;5.566;5.587;98006.823
1608213600000;5.59;5.633;5.561;5.605;49070.155
1608217200000;5.606;5.689;5.604;5.674;107389.278
1608220800000;5.674;5.73;5.645;5.668;153533.77
1608224400000;5.67;5.676;5.503;5.51;123413.286
1608228000000;5.509;5.566;5.385;5.516;233079.46
1608231600000;5.518;5.539;5.431;5.455;90519.656
1608235200000;5.45;5.483;5.313;5.399;130980.792
1608238800000;5.399;5.407;5.265;5.377;109499.259
1608242400000;5.375;5.417;5.357;5.403;50428.413
1608246000000;5.4;5.403;5.319;5.354;41374.91
1608249600000;5.354;5.36;5.214;5.293;118022.077
1608253200000;5.293;5.348;5.242;5.34;56622.344
1608256800000;5.337;5.388;5.329;5.37;56286.933
1608260400000;5.37;5.393;5.336;5.36;35321.651
1608264000000;5.359;5.367;5.321;5.339;24939.935
1608267600000;5.336;5.364;5.31;5.339;74361.397
1608271200000;5.338;5.385;5.323;5.362;59193.867
1608274800000;5.357;5.385;5.34;5.384;32130.07
1608278400000;5.386;5.447;5.36;5.429;86774.679
1608282000000;5.425;5.444;5.384;5.444;67040.826
1608285600000;5.44;5.45;5.389;5.408;50646.388
1608289200000;5.407;5.421;5.355;5.411;74776.553
1608292800000;5.414;5.429;5.367;5.411;44230.96
1608296400000;5.414;5.432;5.323;5.328;71537.652
1608300000000;5.328;5.349;5.271;5.31;76653.321
1608303600000;5.308;5.312;5.187;5.252;258769.418
1608307200000;5.254;5.284;5.214;5.273;41773.043
1608310800000;5.272;5.31;5.268;5.304;30202.903
1608314400000;5.304;5.414;5.291;5.355;80425.33
1608318000000;5.358;5.365;5.31;5.332;28942.314
1608321600000;5.332;5.367;5.313;5.354;16898.176
1608325200000;5.357;5.385;5.346;5.351;37676.234
1608328800000;5.351;5.372;5.331;5.35;30216.771
1608332400000;5.345;5.348;5.309;5.329;24411.997
1608336000000;5.33;5.339;5.297;5.302;31403.404
1608339600000;5.297;5.319;5.277;5.306;31066.78
1608343200000;5.301;5.311;5.288;5.295;37182.596
1608346800000;5.3;5.357;5.3;5.341;50873.139
1608350400000;5.342;5.362;5.332;5.344;27057.144
1608354000000;5.345;5.386;5.322;5.377;38481.503
1608357600000;5.38;5.394;5.355;5.371;29228.771
1608361200000;5.373;5.437;5.368;5.402;69560.652
1608364800000;5.406;5.439;5.295;5.318;471771.559
1608368400000;5.318;5.356;5.318;5.349;66920.277
1608372000000;5.354;5.374;5.341;5.357;38224.774
1608375600000;5.354;5.364;5.339;5.342;40850.794
1608379200000;5.345;5.386;5.337;5.37;54877.673
1608382800000;5.373;5.382;5.357;5.375;31966.587
1608386400000;5.375;5.39;5.315;5.353;117932.127
1608390000000;5.356;5.374;5.317;5.332;85316.748
1608393600000;5.33;5.37;5.316;5.369;130368.643
1608397200000;5.37;5.393;5.334;5.347;53956.013
1608400800000;5.347;5.359;5.317;5.33;43247.621
1608404400000;5.331;5.336;5.314;5.336;21253.026
1608408000000;5.338;5.35;5.325;5.335;14764.381
1608411600000;5.33;5.352;5.324;5.345;20194.42
1608415200000;5.344;5.346;5.322;5.328;8471.896
1608418800000;5.328;5.333;5.25;5.289;102609.071
1608422400000;5.286;5.287;5.219;5.261;75098.096
1608426000000;5.259;5.281;5.247;5.266;14380.361
1608429600000;5.266;5.279;5.25;5.259;27975.852
1608433200000;5.255;5.279;5.229;5.251;21745.318
1608436800000;5.245;5.257;5.204;5.245;49581.455
1608440400000;5.244;5.267;5.224;5.245;37967.231
1608444000000;5.24;5.271;5.227;5.267;25984.152
1608447600000;5.265;5.296;5.247;5.294;25291.627
1608451200000;5.293;5.334;5.278;5.323;51532.886
1608454800000;5.323;5.36;5.313;5.328;52105.701
1608458400000;5.328;5.332;5.243;5.258;44234.632
1608462000000;5.259;5.277;5.247;5.26;24049.995
1608465600000;5.258;5.258;5.201;5.223;51938.071
1608469200000;5.223;5.25;5.194;5.23;63507.18
1608472800000;5.23;5.258;5.22;5.241;26598.637
1608476400000;5.239;5.278;5.218;5.237;89220.423
1608480000000;5.236;5.253;5.187;5.199;161228.575
1608483600000;5.197;5.225;5.113;5.152;185758.765
1608487200000;5.151;5.18;5.108;5.133;188232.343
1608490800000;5.135;5.139;5.079;5.096;190616.872
1608494400000;5.095;5.169;5.087;5.157;143979.129
1608498000000;5.152;5.169;5.045;5.054;114368.266
1608501600000;5.054;5.059;4.901;5.013;265705.495
1608505200000;5.015;5.051;5;5.036;83620.864
1608508800000;5.031;5.09;4.984;5.077;69699.655
1608512400000;5.072;5.109;5.068;5.103;37890.26
1608516000000;5.102;5.105;5.075;5.099;40935.443
1608519600000;5.096;5.124;5.081;5.105;43867.559
1608523200000;5.105;5.157;5.103;5.115;55663.209
1608526800000;5.113;5.136;5.098;5.098;14775.614
1608530400000;5.096;5.123;5.07;5.117;30731.504
1608534000000;5.117;5.14;5.095;5.138;35111.465
1608537600000;5.133;5.15;5.025;5.032;80260.724
1608541200000;5.03;5.044;4.967;5.04;117041.815
1608544800000;5.035;5.042;4.875;4.899;198018.665
1608548400000;4.899;4.948;4.873;4.875;137819.115
1608552000000;4.875;4.88;4.793;4.862;154720.047
1608555600000;4.862;4.944;4.846;4.915;54052.619
1608573600000;4.913;5.012;4.896;4.983;74022.601
1608577200000;4.983;5.003;4.959;4.978;28338.238
1608580800000;4.981;5.005;4.953;4.985;32445.594
1608584400000;4.986;5.064;4.952;5.042;37067.318
1608588000000;5.045;5.08;5.04;5.06;29504.889
1608591600000;5.066;5.082;5.025;5.031;54007.935
1608595200000;5.03;5.103;4.97;4.97;59847.62
1608598800000;4.971;5.027;4.925;4.938;161967.814
1608602400000;4.935;4.989;4.935;4.973;72920.504
1608606000000;4.972;4.986;4.939;4.943;36780.76
1608609600000;4.95;5.012;4.95;4.985;29087.837
1608613200000;4.995;4.995;4.885;4.905;65744.194
1608616800000;4.906;4.918;4.847;4.865;49481.128
1608620400000;4.867;4.898;4.806;4.826;75932.843
1608624000000;4.826;4.848;4.725;4.794;88408.949
1608627600000;4.798;4.863;4.782;4.861;63382.236
1608631200000;4.863;4.91;4.844;4.893;78644.387
1608634800000;4.897;4.979;4.892;4.963;62172.311
1608638400000;4.964;5.006;4.962;4.991;32273.525
1608642000000;4.993;4.998;4.915;4.99;67215.81
1608645600000;4.998;5.008;4.971;4.984;43303.181
1608649200000;4.988;5.05;4.974;4.994;41822.362
1608652800000;4.996;5.051;4.96;4.979;50723.095
1608656400000;4.98;4.998;4.922;4.963;61648.335
1608660000000;4.962;4.969;4.917;4.959;23724.09
1608663600000;4.959;4.976;4.931;4.971;25116.638
1608667200000;4.969;4.981;4.896;4.926;54864.512
1608670800000;4.923;4.943;4.869;4.891;60997.52
1608674400000;4.888;4.921;4.856;4.916;46646.32
1608678000000;4.914;4.955;4.894;4.943;45139.895
1608681600000;4.944;4.983;4.8;4.976;111266.295
1608685200000;4.977;4.997;4.904;4.919;45446.172
1608688800000;4.913;4.926;4.875;4.892;55683.999
1608692400000;4.892;4.924;4.884;4.91;22909.685
1608696000000;4.909;4.919;4.857;4.869;45125.01
1608699600000;4.873;4.878;4.776;4.814;112505.192
1608703200000;4.811;4.837;4.798;4.812;25407.64
1608706800000;4.804;4.832;4.755;4.813;58771.984
1608710400000;4.809;4.855;4.787;4.796;60222.441
1608714000000;4.789;4.805;4.753;4.793;50438.073
1608717600000;4.791;4.821;4.651;4.663;182426.762
1608721200000;4.666;4.666;4.517;4.616;266152.576
1608724800000;4.616;4.765;4.591;4.745;173670.714
1608728400000;4.751;4.766;4.671;4.68;150582.91
1608732000000;4.682;4.718;4.641;4.701;138646.321
1608735600000;4.701;4.712;4.62;4.653;65718.535
1608739200000;4.647;4.67;4.596;4.605;71922.115
1608742800000;4.603;4.677;4.603;4.664;54247.936
1608746400000;4.666;4.715;4.659;4.695;34628.955
1608750000000;4.694;4.707;4.668;4.687;23128.802
1608753600000;4.689;4.7;4.582;4.594;76062.819
1608757200000;4.594;4.612;4.517;4.546;123297.447
1608760800000;4.55;4.571;4.2;4.358;525030.074
1608764400000;4.357;4.46;4.348;4.395;141676.746
1608768000000;4.395;4.399;4.224;4.279;197986.376
1608771600000;4.283;4.397;4.261;4.391;107371.867
1608775200000;4.395;4.395;4.284;4.299;68691.716
1608778800000;4.295;4.32;4.263;4.305;71151.971
1608782400000;4.305;4.38;4.293;4.359;96221.59
1608786000000;4.358;4.442;4.341;4.436;96928.514
1608789600000;4.436;4.481;4.424;4.424;132077.401
1608793200000;4.424;4.59;4.403;4.56;78552.576
1608796800000;4.563;4.673;4.549;4.659;94075.435
1608800400000;4.663;4.762;4.646;4.729;97310.857
1608804000000;4.73;4.742;4.66;4.688;79540.35
1608807600000;4.687;4.744;4.634;4.733;73267.29
1608811200000;4.739;4.778;4.67;4.696;50876.223
1608814800000;4.696;4.868;4.692;4.855;142081.69
1608818400000;4.861;4.873;4.805;4.821;91117.821
1608822000000;4.82;4.926;4.807;4.905;95031.363
1608825600000;4.904;4.944;4.86;4.868;95512.162
1608829200000;4.868;4.884;4.819;4.876;57966.553
1608832800000;4.878;4.904;4.855;4.887;31318.184
1608836400000;4.892;4.905;4.832;4.865;25204.419
1608840000000;4.866;4.919;4.819;4.901;39041.947
1608843600000;4.905;4.948;4.899;4.924;53511.216
1608847200000;4.922;4.999;4.921;4.998;84639.876
1608850800000;4.997;4.997;4.922;4.959;108736.609
1608854400000;4.961;4.99;4.878;4.924;59403.806
1608858000000;4.924;4.933;4.888;4.896;22891.108
1608865200000;4.901;4.901;4.841;4.858;34397.062
1608868800000;4.855;4.87;4.839;4.852;35754.072
1608872400000;4.853;4.855;4.806;4.837;24763.158
1608876000000;4.835;4.901;4.811;4.889;30626.004
1608879600000;4.884;4.892;4.852;4.879;38961.604
1608883200000;4.879;4.95;4.878;4.905;62324.388
1608886800000;4.905;4.988;4.902;4.979;81657.37
1608890400000;4.976;4.989;4.949;4.977;52663.401
1608894000000;4.979;5.044;4.963;5.022;143644.152
1608897600000;5.02;5.053;4.969;4.979;66333.014
1608901200000;4.975;4.998;4.974;4.991;31528.668
1608904800000;4.989;4.995;4.819;4.869;173408.921
1608908400000;4.87;4.915;4.851;4.868;40614.579
1608912000000;4.866;4.952;4.772;4.812;145580.835
1608915600000;4.813;4.815;4.745;4.781;109373.408
1608919200000;4.782;4.821;4.763;4.808;40325.782
1608922800000;4.809;4.862;4.79;4.851;48526.462
1608926400000;4.849;4.864;4.833;4.854;38796.518
1608930000000;4.853;4.864;4.833;4.84;15750.021
1608933600000;4.84;4.893;4.836;4.88;18781.705
1608937200000;4.88;4.927;4.858;4.909;48262.625
1608940800000;4.908;4.928;4.89;4.907;37444.535
1608944400000;4.906;4.915;4.883;4.908;23150.338
1608948000000;4.908;4.918;4.883;4.897;19098.364
1608951600000;4.898;4.967;4.89;4.94;127375.034
1608955200000;4.941;4.941;4.887;4.892;25813.905
1608958800000;4.894;4.899;4.866;4.869;30712.069
1608962400000;4.869;4.888;4.85;4.873;27549.595
1608966000000;4.874;4.874;4.815;4.843;30437.555
1608969600000;4.844;4.877;4.836;4.856;13465.687
1608973200000;4.856;4.869;4.792;4.816;18397.555
1608976800000;4.818;4.855;4.793;4.824;67451.698
1608980400000;4.827;4.877;4.802;4.862;77763.476
1608984000000;4.862;4.887;4.827;4.88;37384.908
1608987600000;4.88;4.898;4.837;4.842;19234.783
1608991200000;4.842;4.899;4.804;4.809;45861.003
1608994800000;4.812;4.816;4.731;4.756;94773.278
1608998400000;4.755;4.934;4.733;4.897;195338.235
1609002000000;4.897;4.901;4.833;4.854;45777.044
1609005600000;4.854;4.891;4.841;4.888;35482.012
1609009200000;4.889;4.89;4.848;4.857;20706.197
1609012800000;4.855;4.911;4.824;4.881;59693.114
1609016400000;4.88;4.93;4.859;4.881;59838.077
1609020000000;4.881;4.888;4.754;4.768;115938.944
1609023600000;4.762;4.819;4.762;4.81;33818.729
1609027200000;4.811;4.82;4.761;4.802;57147.428
1609030800000;4.8;4.835;4.782;4.795;47747.447
1609034400000;4.794;4.865;4.793;4.824;51530.205
1609038000000;4.824;4.855;4.808;4.811;46010.652
1609041600000;4.817;4.834;4.792;4.82;30617.086
1609045200000;4.822;4.854;4.818;4.818;25024.931
1609048800000;4.818;4.879;4.807;4.845;132268.932
1609052400000;4.847;4.912;4.835;4.835;82257.571
1609056000000;4.84;4.856;4.739;4.742;75654.442
1609059600000;4.748;4.793;4.688;4.757;79161.61
1609063200000;4.759;4.763;4.732;4.748;26396.676
1609066800000;4.748;4.753;4.623;4.664;204111.044
1609070400000;4.664;4.676;4.571;4.656;155187.428
1609074000000;4.657;4.743;4.646;4.741;77046.154
1609077600000;4.738;4.929;4.733;4.912;292728.445
1609081200000;4.915;4.994;4.878;4.954;248521.445
1609084800000;4.951;5.024;4.91;4.965;336454.739
1609088400000;4.965;4.973;4.882;4.929;79703.199
1609092000000;4.93;4.949;4.914;4.933;35842.914
1609095600000;4.932;4.969;4.922;4.962;34000.226
1609099200000;4.958;4.959;4.793;4.801;84704.669
1609102800000;4.802;4.848;4.757;4.84;98887.052
1609106400000;4.841;4.865;4.809;4.865;31013.606
1609110000000;4.865;4.9;4.828;4.842;72478.006
1609113600000;4.843;4.933;4.791;4.91;92608.377
1609117200000;4.91;4.946;4.871;4.893;54992.972
1609120800000;4.894;4.905;4.868;4.885;19005.594
1609124400000;4.886;4.897;4.848;4.862;27751.446
1609128000000;4.858;4.874;4.841;4.855;27247.369
1609131600000;4.849;4.904;4.848;4.9;45951.145
1609135200000;4.895;4.937;4.872;4.934;60500.299
1609138800000;4.933;4.995;4.927;4.98;147665.532
1609142400000;4.973;5.065;4.954;5.06;133588.722
1609146000000;5.059;5.13;5.042;5.067;180832.388
1609149600000;5.069;5.088;4.996;5.036;101042.572
1609153200000;5.034;5.07;5.002;5.052;64800.932
1609156800000;5.053;5.066;4.943;4.977;100308.269
1609160400000;4.98;5.027;4.923;5.025;62319.063
1609164000000;5.029;5.098;5.027;5.089;96054.825
1609167600000;5.099;5.25;5.076;5.131;477051.493
1609171200000;5.133;5.61;5.122;5.419;1347029.046
1609174800000;5.421;5.438;5.365;5.376;160059.445
1609178400000;5.373;5.388;5.3;5.316;106516.637
1609182000000;5.32;5.432;5.314;5.376;102224.298
1609185600000;5.379;5.39;5.249;5.28;124189.1
1609189200000;5.286;5.327;5.281;5.293;52053.262
1609192800000;5.294;5.34;5.18;5.22;235616.671
1609196400000;5.217;5.394;5.2;5.391;147596.6
1609200000000;5.387;5.5;5.22;5.275;452949.015
1609203600000;5.278;5.486;5.242;5.456;360197.605
1609207200000;5.454;5.585;5.416;5.543;239081.503
1609210800000;5.542;5.545;5.28;5.306;191392.743
1609214400000;5.308;5.363;5.222;5.274;216980.231
1609218000000;5.274;5.396;5.166;5.315;427890.792
1609221600000;5.308;5.373;5.276;5.293;77717.305
1609225200000;5.291;5.343;5.227;5.311;76111.508
1609228800000;5.315;5.376;5.295;5.304;83519.814
1609232400000;5.308;5.369;5.25;5.365;93431.477
1609236000000;5.36;5.444;5.31;5.334;114289.108
1609239600000;5.33;5.361;5.19;5.289;159236.131
1609243200000;5.29;5.328;5.25;5.27;98051.417
1609246800000;5.275;5.309;5.238;5.265;60684.937
1609250400000;5.266;5.27;5.16;5.169;195235.936
1609254000000;5.172;5.218;5.087;5.115;177590.176
1609257600000;5.116;5.123;5.034;5.105;211786.368
1609261200000;5.108;5.19;5.056;5.171;105618.221
1609264800000;5.172;5.48;5.16;5.388;488591.759
1609268400000;5.387;5.569;5.382;5.53;316688.635
1609272000000;5.528;5.528;5.465;5.465;116306.708
1609275600000;5.467;5.486;5.432;5.438;79153.237
1609279200000;5.439;5.597;5.424;5.587;154571.019
1609282800000;5.592;5.69;5.558;5.622;332532.859
1609286400000;5.624;5.69;5.494;5.607;307548.973
1609290000000;5.606;5.664;5.551;5.639;125071.729
1609293600000;5.639;5.658;5.54;5.544;154741.08
1609297200000;5.544;5.63;5.459;5.505;210930.803
1609300800000;5.503;5.511;5.454;5.461;44160.062
1609304400000;5.461;5.5;5.447;5.488;38988.426
1609308000000;5.489;5.495;5.396;5.431;105604.605
1609311600000;5.431;5.77;5.391;5.694;637106.207
1609315200000;5.696;5.7;5.488;5.652;226768.564
1609318800000;5.652;5.652;5.535;5.621;113452.859
1609322400000;5.626;5.84;5.622;5.7;431893.15
1609326000000;5.7;5.709;5.583;5.642;164244.758
1609329600000;5.641;5.644;5.533;5.604;107117.696
1609333200000;5.604;5.615;5.544;5.551;108048.19
1609336800000;5.551;5.613;5.494;5.524;140094.467
1609340400000;5.525;5.663;5.463;5.591;333116.449
1609344000000;5.592;5.613;5.486;5.555;193308.767
1609347600000;5.558;5.6;5.531;5.562;83502.83
1609351200000;5.562;5.564;5.421;5.465;100052.813
1609354800000;5.469;5.566;5.435;5.472;96345.691
1609358400000;5.47;5.484;5.4;5.44;74579.13
1609362000000;5.441;5.467;5.397;5.422;33254.438
1609365600000;5.425;5.468;5.412;5.423;33220.385
1609369200000;5.423;5.451;5.4;5.424;32422.678
1609372800000;5.424;5.427;5.301;5.301;149609.92
1609376400000;5.305;5.311;5.24;5.299;113275.149
1609380000000;5.294;5.374;5.283;5.331;91785.18
1609383600000;5.332;5.355;5.281;5.335;50586.936
1609387200000;5.332;5.644;5.318;5.63;311672.929
1609390800000;5.633;5.767;5.62;5.707;444968.311
1609394400000;5.708;5.88;5.706;5.775;262557.664
1609398000000;5.774;5.9;5.707;5.815;255050.72
1609401600000;5.816;5.823;5.695;5.768;96317.986
1609405200000;5.767;5.99;5.762;5.985;271001.62
1609408800000;5.988;5.99;5.864;5.9;168500.823
1609412400000;5.898;5.98;5.852;5.922;165391.806
1609416000000;5.921;5.968;5.747;5.784;137480.151
1609419600000;5.774;5.804;5.631;5.802;266089.633
1609423200000;5.802;5.822;5.691;5.718;197728.204
1609426800000;5.717;5.847;5.717;5.847;96822.191
1609430400000;5.842;6.224;5.83;6.037;615184.538
1609434000000;6.029;6.18;6.003;6.107;253500.684
1609437600000;6.109;6.117;6.024;6.079;175616.031
1609441200000;6.08;6.119;6.065;6.073;54756.444
1609444800000;6.073;6.283;6.072;6.096;314555.646
1609448400000;6.096;6.14;6.006;6.079;176093.13
1609452000000;6.08;6.248;6.079;6.154;147280.505
1609455600000;6.152;6.495;6.107;6.465;490651.266
1609459200000;6.468;6.469;6.223;6.401;383636.948
1609462800000;6.4;6.5;6.29;6.318;390395.435
1609466400000;6.324;6.378;6.283;6.378;210686.549
1609470000000;6.378;6.43;6.18;6.185;287466.711
1609473600000;6.185;6.216;6.053;6.087;326459.931
1609477200000;6.092;6.149;6.044;6.065;276296.468
1609480800000;6.064;6.071;5.896;5.968;349410.504
1609484400000;5.967;6.056;5.857;6.026;363963.916
1609488000000;6.025;6.087;5.862;5.903;316384.167
1609491600000;5.9;6.02;5.893;5.995;140859.384
1609495200000;5.995;6.016;5.955;5.974;116757.91
1609498800000;5.975;6.08;5.973;6.006;177284.31
1609502400000;6.008;6.095;5.92;5.926;319103.049
1609506000000;5.926;6.071;5.924;6;240193.855
1609509600000;5.997;6.056;5.969;5.988;205233.563
1609513200000;5.986;6.027;5.88;5.921;240273.844
1609516800000;5.922;5.96;5.811;5.853;310190.538
1609520400000;5.853;5.864;5.588;5.776;626275.271
1609524000000;5.773;5.817;5.663;5.773;265387.244
1609527600000;5.77;5.817;5.723;5.801;162974.78
1609531200000;5.799;5.837;5.774;5.817;159274.808
1609534800000;5.816;5.833;5.798;5.808;132008.403
1609538400000;5.81;5.91;5.759;5.901;233165.028
1609542000000;5.899;5.901;5.85;5.861;124831.024
1609545600000;5.859;5.881;5.594;5.61;380882.237
1609549200000;5.613;5.711;5.56;5.696;293995.918
1609552800000;5.695;5.739;5.662;5.69;141945.354
1609556400000;5.689;5.765;5.689;5.735;101609.714
1609560000000;5.736;5.746;5.622;5.676;182865.234
1609563600000;5.676;5.736;5.668;5.698;186752.196
1609567200000;5.698;5.704;5.578;5.619;186060.008
1609570800000;5.619;5.639;5.574;5.595;104246.501
1609574400000;5.594;5.608;5.502;5.517;183197.358
1609578000000;5.518;5.552;5.47;5.482;188392.835
1609581600000;5.48;5.557;5.443;5.48;191732.741
1609585200000;5.475;5.56;5.389;5.461;691182.126
1609588800000;5.46;5.506;5.28;5.485;2318397.876
1609592400000;5.487;5.659;5.46;5.57;811596.974
1609596000000;5.57;5.573;5.472;5.526;240541.854
1609599600000;5.527;5.63;5.515;5.608;237446.174
1609603200000;5.609;5.621;5.426;5.589;743569.304
1609606800000;5.591;5.656;5.499;5.556;391540.942
1609610400000;5.556;5.658;5.543;5.568;172480.145
1609614000000;5.57;5.694;5.565;5.644;179078.041
1609617600000;5.644;5.658;5.31;5.341;379881.865
1609621200000;5.337;5.433;5.18;5.415;267998.45
1609624800000;5.419;5.449;5.38;5.432;107051.891
1609628400000;5.433;5.47;5.353;5.42;142939.08
1609632000000;5.416;5.431;5.279;5.293;228969.587
1609635600000;5.29;5.442;5.282;5.383;135179.19
1609639200000;5.386;5.566;5.378;5.504;287177.981
1609642800000;5.502;5.518;5.425;5.439;75957.085
1609646400000;5.437;5.461;5.38;5.38;78395.116
1609650000000;5.383;5.433;5.38;5.404;122490.253
1609653600000;5.404;5.455;5.403;5.439;95123.342
1609657200000;5.438;5.438;5.327;5.343;94989.821
1609660800000;5.339;5.393;5.31;5.393;95956.427
1609664400000;5.392;5.465;5.36;5.364;156651.976
1609668000000;5.367;5.438;5.344;5.417;119229.615
1609671600000;5.419;5.726;5.411;5.627;438462.08
1609675200000;5.623;5.636;5.545;5.61;172603.962
1609678800000;5.614;5.836;5.573;5.628;527683.216
1609682400000;5.623;5.762;5.567;5.671;367131.677
1609686000000;5.668;5.7;5.48;5.602;264479.608
1609689600000;5.596;5.78;5.573;5.593;466714.519
1609693200000;5.593;5.718;5.56;5.672;154405.903
1609696800000;5.682;5.708;5.543;5.615;135065.102
1609700400000;5.612;5.634;5.542;5.608;85012.224
1609704000000;5.607;5.695;5.601;5.684;89323.339
1609707600000;5.688;5.752;5.655;5.737;153563.974
1609711200000;5.737;5.89;5.64;5.851;254854.151
1609714800000;5.853;5.911;5.8;5.829;350447.035
1609718400000;5.831;6.019;5.831;6.005;340798.986
1609722000000;6.011;6.174;5.956;5.997;322960.077
1609725600000;5.989;6.118;5.924;6.018;211445.491
1609729200000;6.018;6.179;6.011;6.103;185697.384
1609732800000;6.1;6.117;6;6.069;214395.205
1609736400000;6.076;6.199;6.001;6.162;164829.193
1609740000000;6.168;6.269;6.001;6.012;270404.023
1609743600000;6.011;6.086;5.601;5.743;699294.872
1609747200000;5.75;5.862;5.601;5.734;271221.165
1609750800000;5.734;5.767;5.259;5.714;791759.14
1609754400000;5.719;6.05;5.593;5.764;1635368.516
1609758000000;5.761;5.786;5.6;5.69;151391.375
1609761600000;5.697;5.766;5.626;5.73;185462.88
1609765200000;5.728;5.732;5.627;5.713;146856.544
1609768800000;5.713;5.952;5.691;5.876;288737.765
1609772400000;5.876;5.942;5.815;5.885;197882.401
1609776000000;5.884;5.929;5.68;5.775;213369.008
1609779600000;5.779;5.817;5.665;5.704;116924.368
1609783200000;5.704;5.747;5.688;5.715;72593.295
1609786800000;5.716;5.827;5.715;5.82;64968.264
1609790400000;5.82;5.833;5.754;5.764;54852.213
1609794000000;5.762;5.862;5.727;5.78;99115.925
1609797600000;5.779;5.938;5.767;5.889;79845.824
1609801200000;5.884;6.05;5.855;6.044;147301.164
1609804800000;6.044;6.123;6.023;6.056;308877.402
1609808400000;6.059;6.094;5.962;6.059;137291.601
1609812000000;6.063;6.063;5.833;5.878;226511.942
1609815600000;5.876;5.964;5.772;5.774;301930.653
1609819200000;5.781;5.859;5.723;5.731;190285.627
1609822800000;5.738;5.819;5.662;5.703;182595.59
1609826400000;5.698;5.816;5.64;5.788;152177.373
1609830000000;5.787;5.831;5.771;5.791;70217.738
1609833600000;5.795;5.988;5.792;5.984;135937.512
1609837200000;5.978;6.094;5.951;5.982;195828.344
1609840800000;5.995;6.137;5.959;6.126;129533.843
1609844400000;6.116;6.175;6.032;6.127;186167.384
1609848000000;6.13;6.15;6.011;6.09;204150.232
1609851600000;6.089;6.167;5.92;5.943;288606.483
1609855200000;5.95;6.023;5.832;5.976;324490.615
1609858800000;5.974;6.07;5.919;6.063;162148.98
1609862400000;6.067;6.197;6.005;6.175;326517.063
1609866000000;6.175;6.383;6.175;6.313;718020.483
1609869600000;6.313;6.344;6.164;6.2;130413.525
1609873200000;6.2;6.222;6.06;6.134;208472.778
1609876800000;6.135;6.198;6.101;6.159;114607.638
1609880400000;6.159;6.278;6.152;6.214;94228.679
1609884000000;6.21;6.34;6.203;6.265;110221.59
1609887600000;6.266;6.272;6.129;6.196;123377.909
1609891200000;6.201;6.276;5.952;6.001;414448.347
1609894800000;6.004;6.015;5.87;5.883;361943.039
1609898400000;5.886;5.979;5.864;5.96;189020.011
1609902000000;5.963;5.971;5.86;5.917;205946.646
1609905600000;5.919;6.038;5.907;6.032;193109.139
1609909200000;6.026;6.079;5.983;6.018;156462.95
1609912800000;6.011;6.206;5.996;6.187;167232.943
1609916400000;6.183;6.231;6.041;6.098;221737.941
1609920000000;6.099;6.182;6.068;6.166;127135.405
1609923600000;6.165;6.184;6.014;6.088;166744.838
1609927200000;6.081;6.28;6.08;6.273;167011.139
1609930800000;6.273;6.37;6.243;6.338;297262.554
1609934400000;6.335;6.46;6.219;6.44;324399.058
1609938000000;6.435;6.733;6.397;6.605;935233.836
1609941600000;6.608;6.81;6.428;6.462;481440.521
1609945200000;6.46;6.643;6.459;6.532;227619.568
1609948800000;6.534;6.721;6.497;6.551;302869.176
1609952400000;6.55;6.68;6.545;6.673;176489.293
1609956000000;6.672;6.954;6.629;6.897;384782.479
1609959600000;6.9;6.93;6.561;6.571;303461.05
1609963200000;6.579;6.693;6.38;6.615;502868.398
1609966800000;6.617;6.64;6.51;6.566;160965.402
1609970400000;6.569;6.762;6.535;6.721;173626.973
1609974000000;6.721;6.81;6.636;6.682;132313.625
1609977600000;6.689;6.841;6.57;6.835;144881.174
1609981200000;6.839;6.843;6.548;6.725;256448.769
1609984800000;6.719;6.724;6.573;6.625;124941.338
1609988400000;6.629;6.638;6.549;6.62;157501.014
1609992000000;6.614;6.62;6.518;6.57;137229.161
1609995600000;6.57;6.692;6.551;6.672;91943.865
1609999200000;6.668;6.673;6.467;6.627;178424.271
1610002800000;6.625;6.786;6.484;6.493;207951.684
1610006400000;6.498;6.61;6.265;6.548;440360.375
1610010000000;6.548;6.603;6.457;6.6;111716.654
1610013600000;6.602;6.677;6.45;6.514;178805.044
1610017200000;6.512;6.681;6.507;6.621;208495.725
1610020800000;6.609;6.825;6.505;6.792;314862.599
1610024400000;6.791;6.81;6.7;6.7;170425.422
1610028000000;6.701;6.72;6.614;6.653;130422.389
1610031600000;6.654;6.697;6.521;6.626;254059.739
1610035200000;6.625;6.66;6.548;6.628;232157.352
1610038800000;6.627;6.717;6.579;6.596;202577.37
1610042400000;6.599;6.609;6;6.252;588819.74
1610046000000;6.252;6.361;6.114;6.331;306349.933
1610049600000;6.337;6.384;6.276;6.336;168273.27
1610053200000;6.338;6.348;6.235;6.309;178219.178
1610056800000;6.309;6.325;6.262;6.283;73521.047
1610060400000;6.283;6.284;6.142;6.264;180017.519
1610064000000;6.266;6.343;6.147;6.151;153157.287
1610067600000;6.159;6.205;5.96;5.987;315144.945
1610071200000;5.992;6.161;5.802;6.016;628571.142
1610074800000;6.017;6.069;5.974;6.007;139008.33
1610078400000;6.008;6.142;5.975;6.084;105241.463
1610082000000;6.079;6.086;5.905;5.938;151040.484
1610085600000;5.932;6.092;5.882;6.021;157452.674
1610089200000;6.021;6.203;5.989;6.202;123057.505
1610092800000;6.196;6.197;6.077;6.125;87063.989
1610096400000;6.122;6.182;6.024;6.167;117247.237
1610100000000;6.168;6.259;6.141;6.242;201917.245
1610103600000;6.237;6.247;6.152;6.17;171260.382
1610107200000;6.168;6.227;6.11;6.194;164153.451
1610110800000;6.194;6.2;6.057;6.114;153322.758
1610114400000;6.123;6.139;6.05;6.109;159205.708
1610118000000;6.109;6.116;5.906;6.02;276160.621
1610121600000;6.028;6.055;5.893;5.896;476793.956
1610125200000;5.896;5.958;5.895;5.94;243780.326
1610128800000;5.938;5.953;5.812;5.828;267379.843
1610132400000;5.822;5.885;5.815;5.815;93915.428
1610136000000;5.816;5.827;5.66;5.728;488329.143
1610139600000;5.719;5.781;5.7;5.759;213298.113
1610143200000;5.758;5.87;5.722;5.858;138724.774
1610146800000;5.861;5.971;5.858;5.931;94922.887
1610150400000;5.929;6.046;5.852;5.918;189653.451
1610154000000;5.912;5.93;5.811;5.864;127008.198
1610157600000;5.866;6.324;5.85;6.313;518406.098
1610161200000;6.315;6.619;6.182;6.533;963813.785
1610164800000;6.533;6.537;6.351;6.437;278712.408
1610168400000;6.434;6.45;6.222;6.331;161591.237
1610172000000;6.329;6.389;6.181;6.215;263803.21
1610175600000;6.215;6.343;6.167;6.342;172033.055
1610179200000;6.342;6.5;6.28;6.355;189059.4
1610182800000;6.359;6.494;6.349;6.41;162242.219
1610186400000;6.412;6.498;6.335;6.498;143371.857
1610190000000;6.494;6.527;6.436;6.457;166589.023
1610193600000;6.457;6.646;6.434;6.639;214564.542
1610197200000;6.641;6.748;6.531;6.649;340960
1610200800000;6.65;6.672;6.401;6.412;311826.348
1610204400000;6.412;6.473;6.3;6.44;302061.453
1610208000000;6.44;6.468;6.306;6.327;190265.56
1610211600000;6.329;6.454;6.323;6.444;107435.124
1610215200000;6.448;6.5;6.383;6.499;92918.349
1610218800000;6.496;6.54;6.466;6.532;106427.239
1610222400000;6.54;6.7;6.516;6.632;326582.809
1610226000000;6.64;6.645;6.528;6.552;144297.622
1610229600000;6.556;6.62;6.466;6.588;172443.462
1610233200000;6.589;6.658;6.495;6.54;178031.475
1610236800000;6.544;6.724;6.544;6.694;232985.328
1610240400000;6.696;6.739;6.599;6.686;169491.046
1610244000000;6.687;6.7;6.584;6.603;121737.986
1610247600000;6.602;6.625;6.511;6.583;134553.457
1610251200000;6.571;6.694;6.571;6.679;100251.083
1610254800000;6.674;7;6.672;6.871;568825.787
1610258400000;6.871;7.142;6.842;7.065;285145.329
1610262000000;7.066;7.077;6.839;6.88;301241.029
1610265600000;6.876;6.992;6.817;6.939;354402.322
1610269200000;6.942;7.119;6.895;6.903;362077.723
1610272800000;6.904;6.914;6.552;6.717;552185.832
1610276400000;6.717;6.717;6.261;6.379;744350.58
1610280000000;6.387;6.641;6.27;6.593;372646.375
1610283600000;6.605;6.85;6.581;6.633;487598.845
1610287200000;6.627;6.659;6.47;6.504;374922.102
1610290800000;6.502;6.643;6.284;6.601;264274.706
1610294400000;6.594;6.715;6.482;6.493;291093.307
1610298000000;6.493;6.513;6.232;6.461;401472.575
1610301600000;6.466;6.492;6.326;6.373;172732.878
1610305200000;6.374;6.495;6.287;6.328;129212.788
1610308800000;6.328;6.397;5.972;6.254;689476.18
1610312400000;6.259;6.317;6.147;6.3;404643.903
1610316000000;6.3;6.39;6.26;6.312;180570.984
1610319600000;6.308;6.514;6.307;6.409;131030.047
1610323200000;6.411;6.42;6.23;6.318;223934.499
1610326800000;6.323;6.453;6.237;6.308;204724.751
1610330400000;6.307;6.335;6.068;6.101;236186.797
1610334000000;6.103;6.2;5.341;5.733;980800.806
1610337600000;5.741;5.857;5.635;5.807;402967.151
1610341200000;5.795;5.922;5.765;5.813;303882.707
1610344800000;5.812;5.836;5.455;5.455;580994.082
1610348400000;5.465;5.656;5.362;5.61;451595.165
1610352000000;5.609;5.759;5.5;5.703;278943.827
1610355600000;5.704;5.8;5.6;5.799;136668.659
1610359200000;5.799;5.884;5.74;5.757;180290.839
1610362800000;5.757;5.775;5.618;5.636;255966.828
1610366400000;5.634;5.715;5.509;5.602;236974.469
1610370000000;5.598;5.618;5.36;5.373;825803.876
1610373600000;5.378;5.435;5.08;5.418;823179.918
1610377200000;5.418;5.456;5.21;5.228;320172.659
1610380800000;5.234;5.273;5;5.183;564627.751
1610384400000;5.189;5.5;5.072;5.415;435534.333
1610388000000;5.417;5.536;5.39;5.417;282510.78
1610391600000;5.417;5.45;5.306;5.404;170106.003
1610395200000;5.406;5.536;5.337;5.518;123347.355
1610398800000;5.518;5.589;5.48;5.543;133819.786
1610402400000;5.55;5.692;5.523;5.618;189650.273
1610406000000;5.623;5.736;5.612;5.726;101626.767
1610409600000;5.717;5.726;5.575;5.641;148234.963
1610413200000;5.639;5.701;5.533;5.573;102641.066
1610416800000;5.574;5.981;5.571;5.943;465756.519
1610420400000;5.941;6.119;5.843;6.09;335901.901
1610424000000;6.09;6.11;5.9;5.999;245121.188
1610427600000;5.999;6.111;5.934;6.11;138462.378
1610431200000;6.105;6.15;6.001;6.025;209879.069
1610434800000;6.027;6.05;5.75;6.005;299872.509
1610438400000;6.004;6.02;5.828;5.861;115405.254
1610442000000;5.858;5.878;5.721;5.842;184614.655
1610445600000;5.843;5.87;5.62;5.695;184927.96
1610449200000;5.693;5.89;5.693;5.841;153366.694
1610452800000;5.847;5.946;5.751;5.768;115386.756
1610456400000;5.768;5.818;5.548;5.56;195861.459
1610460000000;5.561;5.689;5.5;5.554;241932.568
1610463600000;5.553;5.699;5.553;5.65;222062.894
1610467200000;5.655;5.834;5.651;5.827;112563.724
1610470800000;5.829;5.894;5.724;5.858;151151.915
1610474400000;5.861;5.912;5.777;5.818;70105.82
1610478000000;5.818;5.821;5.673;5.74;123696.229
1610481600000;5.739;5.755;5.653;5.749;51793.558
1610485200000;5.749;5.786;5.63;5.758;93344.82
1610488800000;5.75;5.831;5.654;5.701;176932.168
1610492400000;5.694;5.722;5.614;5.711;92465.007
1610496000000;5.711;5.722;5.543;5.558;178538.921
1610499600000;5.561;5.696;5.555;5.686;78782.507
1610503200000;5.688;5.747;5.628;5.726;93444.625
1610506800000;5.733;5.806;5.723;5.788;96726.728
1610510400000;5.786;5.88;5.745;5.797;109676.617
1610514000000;5.795;5.905;5.723;5.807;105592.216
1610517600000;5.806;5.879;5.804;5.817;81806.216
1610521200000;5.82;5.911;5.814;5.886;58695.627
1610524800000;5.887;5.933;5.846;5.889;60877.019
1610528400000;5.888;5.965;5.853;5.889;106342.795
1610532000000;5.896;5.975;5.889;5.947;69101.973
1610535600000;5.947;6.044;5.899;5.98;210818.464
1610539200000;5.98;6;5.859;5.923;107724.995
1610542800000;5.927;5.959;5.875;5.924;121515.602
1610546400000;5.926;6.02;5.885;5.903;132614.608
1610550000000;5.906;5.965;5.869;5.953;69291.767
1610553600000;5.959;6.151;5.95;6.126;207300.132
1610557200000;6.13;6.229;6.069;6.182;222671.268
1610560800000;6.177;6.231;6.055;6.12;221383.219
1610564400000;6.119;6.134;6.07;6.084;70110.47
1610568000000;6.085;6.127;6.026;6.091;72420.408
1610571600000;6.085;6.173;6.018;6.169;159633.929
1610575200000;6.169;6.173;6.089;6.133;144509.036
1610578800000;6.138;6.26;6.138;6.242;189095.547
1610582400000;6.243;6.4;6.218;6.333;306435.862
1610586000000;6.333;6.333;6.185;6.26;109487.816
1610589600000;6.255;6.396;6.19;6.346;205343.569
1610593200000;6.35;6.461;6.276;6.338;184241.106
1610596800000;6.335;6.5;6.316;6.455;257880.147
1610600400000;6.453;6.458;6.334;6.418;125460.018
1610604000000;6.417;6.475;6.342;6.424;121481.973
1610607600000;6.421;6.464;6.353;6.414;151029.691
1610611200000;6.412;6.433;6.339;6.426;164806.856
1610614800000;6.433;6.5;6.383;6.433;189368.754
1610618400000;6.43;6.5;6.406;6.496;283186.884
1610622000000;6.495;6.59;6.484;6.516;226971.457
1610625600000;6.512;6.524;6.286;6.396;857880.551
1610629200000;6.397;6.46;6.287;6.318;655146.992
1610632800000;6.314;6.452;6.31;6.379;220138.936
1610636400000;6.373;6.393;6.288;6.316;220487.359
1610640000000;6.32;6.442;6.308;6.326;174184.298
1610643600000;6.326;6.46;6.32;6.387;141526.005
1610647200000;6.387;6.424;6.358;6.377;87379.117
1610650800000;6.376;6.47;6.375;6.42;83744.43
1610654400000;6.42;6.47;6.375;6.379;135652.507
1610658000000;6.379;6.405;6.137;6.235;326935.232
1610661600000;6.234;6.26;6.146;6.225;164448.728
1610665200000;6.225;6.485;6.222;6.476;152764.775
1610668800000;6.482;7.23;6.449;7.094;1463813.683
1610672400000;7.094;7.99;6.981;7.833;2191457.296
1610676000000;7.819;8.3;7.739;7.801;2044346.979
1610679600000;7.8;7.916;7.31;7.539;1921601.243
1610683200000;7.539;7.8;7.366;7.614;879422.435
1610686800000;7.613;7.835;7.349;7.365;705182.611
1610690400000;7.359;7.718;7.32;7.645;791405.094
1610694000000;7.646;8.038;7.603;7.796;908247.055
1610697600000;7.796;8.5;7.678;8.2;1338245.995
1610701200000;8.193;8.3;7.981;8.065;784665.473
1610704800000;8.062;8.3;7.852;8.012;700456.743
1610708400000;8.013;8.171;7.841;8.059;404362.053
1610712000000;8.063;8.191;7.622;7.914;1037687.476
1610715600000;7.905;7.963;7.587;7.899;606937.258
1610719200000;7.905;7.963;7.42;7.603;673363.558
1610722800000;7.603;7.611;7.11;7.193;727212.505
1610726400000;7.208;7.528;6.788;7.5;980064.933
1610730000000;7.496;7.526;7.234;7.41;443583.866
1610733600000;7.412;7.795;7.38;7.558;536516.314
1610737200000;7.576;7.724;7.466;7.54;232369.235
1610740800000;7.537;7.703;7.393;7.678;254311.511
1610744400000;7.673;8.2;7.672;8.009;593084.761
1610748000000;8.025;8.276;7.753;8.123;527818.017
1610751600000;8.124;8.293;7.888;7.896;450833.888
1610755200000;7.888;8.411;7.847;8.405;801440.05
1610758800000;8.408;8.44;8.015;8.03;499750.123
1610762400000;8.023;8.218;7.65;7.748;508792.528
1610766000000;7.739;7.971;7.721;7.942;217983.415
1610769600000;7.945;8.166;7.861;8.002;336571.935
1610773200000;8.001;8.039;7.537;7.765;385853.879
1610776800000;7.762;7.901;7.755;7.887;153598.142
1610780400000;7.887;8.207;7.847;8.07;335773.88
1610784000000;8.08;8.266;7.937;8.199;344527.287
1610787600000;8.2;8.281;8.021;8.211;356434.393
1610791200000;8.217;8.95;8.097;8.934;1415079.88
1610794800000;8.933;8.981;8.535;8.691;1019985.878
1610798400000;8.69;8.701;8.207;8.548;952443.491
1610802000000;8.54;8.715;8.4;8.454;438558.791
1610805600000;8.466;8.958;8.412;8.76;737614.9
1610809200000;8.763;9.6;8.759;9.163;1950866.411
1610812800000;9.163;9.336;8.798;9.01;908817.658
1610816400000;9.002;9.18;8.853;8.954;415328.67
1610820000000;8.961;9.064;8.56;8.618;422742.592
1610823600000;8.611;8.946;8.585;8.917;468859.772
1610827200000;8.916;9.268;8.845;9.032;562839.206
1610830800000;9.044;9.044;8.598;8.741;575856.382
1610834400000;8.74;8.987;8.351;8.936;542067.107
1610838000000;8.923;9.188;8.729;9.03;442283.176
1610841600000;9.032;9.202;8.567;9.201;620736.655
1610845200000;9.201;9.202;8.8;8.972;352524.816
1610848800000;8.963;8.968;8.72;8.768;290515.944
1610852400000;8.768;8.869;8.589;8.735;237688.446
1610856000000;8.728;8.932;8.511;8.59;240304.898
1610859600000;8.59;8.65;8.377;8.42;323773.133
1610863200000;8.426;8.581;8.231;8.481;384039.064
1610866800000;8.472;8.549;8.031;8.192;485690.897
1610870400000;8.198;8.27;8.009;8.183;458898.565
1610874000000;8.183;8.387;8.07;8.157;532750.588
1610877600000;8.153;8.466;8.02;8.399;435723.216
1610881200000;8.403;8.748;8.38;8.63;458967.915
1610884800000;8.629;8.649;8.275;8.341;311166.535
1610888400000;8.338;8.511;8.21;8.217;255203.398
1610892000000;8.22;8.407;8.178;8.269;246575.149
1610895600000;8.266;8.618;8.242;8.564;258359.312
1610899200000;8.567;8.576;8.311;8.432;280396.328
1610902800000;8.426;8.512;8.311;8.48;135210.198
1610906400000;8.488;8.524;8.396;8.416;130706.418
1610910000000;8.411;8.833;8.411;8.767;399416.712
1610913600000;8.764;8.844;8.689;8.809;236379.916
1610917200000;8.817;8.845;8.6;8.781;183898.861
1610920800000;8.781;8.803;8.499;8.569;199702.921
1610924400000;8.569;8.7;8.491;8.544;165554.679
1610928000000;8.545;9.076;8.522;9;396017.513
1610931600000;8.991;9.327;8.95;9.071;572603.456
1610935200000;9.08;9.279;8.869;8.901;246304.29
1610938800000;8.899;8.952;8.487;8.677;404564.214
1610942400000;8.676;8.82;8.625;8.785;223862.738
1610946000000;8.789;9.326;8.767;9.242;933210.899
1610949600000;9.237;9.44;9.027;9.437;589076.304
1610953200000;9.436;9.574;9.188;9.303;511551.424
1610956800000;9.302;9.328;9.118;9.252;332099.473
1610960400000;9.247;9.292;9.047;9.086;244829.545
1610964000000;9.086;9.169;9.03;9.097;157934.852
1610967600000;9.097;9.135;8.859;9.091;288809.147
1610971200000;9.1;9.133;8.59;8.608;388093.182
1610974800000;8.609;8.938;8.607;8.807;300620.14
1610978400000;8.797;9.04;8.782;8.951;265687.34
1610982000000;8.943;9.05;8.89;8.984;257435.608
1610985600000;8.981;9.041;8.793;8.941;285154.318
1610989200000;8.941;9.027;8.777;8.892;281779.599
1610992800000;8.892;9.49;8.833;9.338;679503.577
1610996400000;9.337;9.652;9.255;9.622;517810.179
1611000000000;9.629;9.866;9.527;9.627;675092.461
1611003600000;9.628;9.67;9.411;9.504;351826.116
1611007200000;9.492;9.61;9.425;9.52;149269.716
1611010800000;9.519;9.578;9.373;9.539;129652.755
1611014400000;9.546;10.2;9.496;10.056;891856.615
1611018000000;10.056;10.178;9.491;9.601;567144.896
1611021600000;9.599;9.706;9.459;9.476;238589.001
1611025200000;9.469;9.601;9.436;9.536;169153.674
1611028800000;9.536;9.604;9.221;9.321;244784.372
1611032400000;9.324;9.515;9.259;9.279;208061.475
1611036000000;9.277;9.391;9.218;9.377;171427.867
1611039600000;9.365;9.453;9.332;9.355;140050.994
1611043200000;9.347;9.597;9.237;9.567;240969.987
1611046800000;9.566;9.625;9.425;9.477;145687.019
1611050400000;9.471;9.484;9.32;9.41;154024.483
1611054000000;9.41;9.441;9.272;9.282;149700.444
1611057600000;9.282;9.372;9.22;9.281;166153.875
1611061200000;9.277;9.456;9.277;9.431;89808.287
1611064800000;9.436;9.44;9.139;9.207;299837.812
1611068400000;9.207;9.243;9.039;9.24;257986.755
1611072000000;9.24;9.272;9.08;9.178;160746.066
1611075600000;9.175;9.213;9.104;9.149;98433.803
1611079200000;9.146;9.154;8.925;8.946;242394.189
1611082800000;8.944;9.1;8.826;8.97;206946.72
1611086400000;8.977;9.319;8.874;9.271;204441.938
1611090000000;9.271;9.325;9.185;9.271;124816.956
1611093600000;9.271;9.379;9.153;9.264;115383.474
1611097200000;9.258;9.264;8.888;8.891;144837.434
1611100800000;8.9;9.479;8.7;9.478;358475.557
1611104400000;9.469;9.476;9.177;9.312;221465.55
1611108000000;9.32;9.459;9.112;9.445;209109.163
1611111600000;9.445;9.451;8.945;8.969;257526.492
1611115200000;8.972;9.099;8.801;9.026;240822.85
1611118800000;9.023;9.098;8.895;9.073;161591.642
1611122400000;9.069;9.081;8.904;8.91;119873.969
1611126000000;8.914;9.206;8.9;9.065;206046.607
1611129600000;9.066;9.11;8.907;8.965;185795.289
1611133200000;8.962;8.989;8.456;8.517;453843.6
1611136800000;8.524;8.527;8.233;8.411;528232.514
1611140400000;8.412;8.444;8;8.156;478050.775
1611144000000;8.155;8.282;8.003;8.238;331477.17
1611147600000;8.244;8.447;8.071;8.447;413760.74
1611151200000;8.439;8.466;8.317;8.367;208207.484
1611154800000;8.373;8.456;8.099;8.134;224386.957
1611158400000;8.121;8.481;7.95;8.479;465462.392
1611162000000;8.473;8.569;8.331;8.552;180349.931
1611165600000;8.551;8.635;8.505;8.635;93868.335
1611169200000;8.628;8.769;8.538;8.76;195793.456
1611172800000;8.765;8.9;8.644;8.751;250752.026
1611176400000;8.749;8.788;8.557;8.653;123493.404
1611180000000;8.657;8.827;8.558;8.793;71596.402
1611183600000;8.8;8.916;8.657;8.909;149580.449
1611187200000;8.903;8.96;8.66;8.766;135380.127
1611190800000;8.765;8.822;8.631;8.693;98098.761
1611194400000;8.692;8.715;8.486;8.535;142403.19
1611198000000;8.535;8.622;8.349;8.483;163078.447
1611201600000;8.484;8.609;8.26;8.302;162518.561
1611205200000;8.294;8.472;8.267;8.472;140000.297
1611208800000;8.471;8.536;8.41;8.491;108105.056
1611212400000;8.49;8.546;8.395;8.444;92239.681
1611216000000;8.445;8.445;7.989;8.028;336338.533
1611219600000;8.025;8.153;7.8;8.028;579958.817
1611223200000;8.028;8.225;7.895;8.114;301235.08
1611226800000;8.114;8.142;7.956;8.007;251615.668
1611230400000;7.998;8.257;7.732;8.209;376631.357
1611234000000;8.204;8.277;8.087;8.114;148485.456
1611237600000;8.114;8.187;7.86;7.878;286398.007
1611241200000;7.886;8.053;7.837;7.923;309156.255
1611244800000;7.924;8.171;7.75;7.832;328426.745
1611248400000;7.829;7.919;7.659;7.773;323240.468
1611252000000;7.772;7.878;7.653;7.841;160479.605
1611255600000;7.837;8.027;7.793;7.988;139919.665
1611259200000;7.995;8.012;7.832;7.847;92473.389
1611262800000;7.836;7.964;7.667;7.681;120848.653
1611266400000;7.686;7.694;7.035;7.285;713463.606
1611270000000;7.284;7.397;7.108;7.177;272161.527
1611273600000;7.178;7.178;6.603;6.83;903418.462
1611277200000;6.836;7.31;6.826;7.251;476788.353
1611280800000;7.261;7.461;7.108;7.364;314449.248
1611284400000;7.363;7.47;7.174;7.47;153560.329
1611288000000;7.462;7.626;7.438;7.462;225520.77
1611291600000;7.456;7.62;7.338;7.549;146308.243
1611295200000;7.554;7.65;7.459;7.501;171301.108
1611298800000;7.512;7.6;7.271;7.382;194199.494
1611302400000;7.367;7.48;7.227;7.455;362509.96
1611306000000;7.453;7.613;7.373;7.536;217408.849
1611309600000;7.532;7.752;7.514;7.726;259915.808
1611313200000;7.718;7.772;7.632;7.709;176007.331
1611316800000;7.705;8.069;7.705;7.982;316731.409
1611320400000;7.978;8.32;7.865;8.265;342257.048
1611324000000;8.266;8.404;8.202;8.255;263303.152
1611327600000;8.254;8.313;8.143;8.236;164342.373
1611331200000;8.249;8.464;8.104;8.198;299335.865
1611334800000;8.197;8.358;8.136;8.264;126358.417
1611338400000;8.266;8.431;8.224;8.296;173045.21
1611342000000;8.305;8.406;8.286;8.362;73799.667
1611345600000;8.364;8.395;8.246;8.275;127796.903
1611349200000;8.276;8.393;8.174;8.208;104053.762
1611352800000;8.204;8.305;7.969;7.989;186536.321
1611356400000;7.983;8.131;7.957;7.985;150060.616
1611360000000;7.983;8.249;7.849;8.202;236155.513
1611363600000;8.202;8.301;8.117;8.217;155181.938
1611367200000;8.214;8.33;8.164;8.214;125040.364
1611370800000;8.219;8.353;8.179;8.318;79131.842
1611374400000;8.318;8.45;8.242;8.329;186874.355
1611378000000;8.33;8.412;8.25;8.38;81083.889
1611381600000;8.378;8.68;8.367;8.549;324635.752
1611385200000;8.555;8.676;8.467;8.59;154378.274
1611388800000;8.58;8.618;8.477;8.538;108691.041
1611392400000;8.54;8.594;8.35;8.425;177130.158
1611396000000;8.426;8.44;8.15;8.247;288179.586
1611399600000;8.246;8.323;7.997;8.087;308080.914
1611403200000;8.089;8.241;8.055;8.086;209148.585
1611406800000;8.094;8.3;8;8.205;247754.976
1611410400000;8.207;8.272;8.063;8.16;150812.669
1611414000000;8.161;8.343;8.125;8.242;162731.12
1611417600000;8.242;8.5;8.161;8.392;232990.51
1611421200000;8.394;8.611;8.3;8.536;264704.56
1611424800000;8.525;8.62;8.428;8.495;133176.918
1611428400000;8.492;8.574;8.49;8.542;50071.665
1611432000000;8.546;8.573;8.425;8.472;88489.732
1611435600000;8.467;8.562;8.337;8.395;203804.219
1611439200000;8.405;8.44;8.234;8.275;122891.212
1611442800000;8.273;8.386;8.22;8.329;78713.224
1611446400000;8.338;8.45;8.22;8.364;154833.876
1611450000000;8.373;8.481;8.327;8.4;108569.852
1611453600000;8.401;8.647;8.376;8.612;163432.206
1611457200000;8.62;8.65;8.467;8.548;106614.55
1611460800000;8.541;8.792;8.527;8.689;186949.912
1611464400000;8.695;8.744;8.623;8.649;104702.406
1611468000000;8.649;8.672;8.515;8.531;76936.748
1611471600000;8.531;8.573;8.4;8.49;87784.624
1611475200000;8.499;8.538;8.35;8.455;188754.979
1611478800000;8.45;8.536;8.438;8.525;70471.059
1611482400000;8.522;8.658;8.462;8.604;175935.757
1611486000000;8.605;8.621;8.55;8.596;89142.55
1611489600000;8.597;8.632;8.3;8.37;189585.323
1611493200000;8.372;8.44;8.274;8.383;130411.423
1611496800000;8.384;8.478;8.28;8.312;117915.6
1611500400000;8.312;8.443;8.283;8.345;114256.65
1611504000000;8.35;8.403;8.086;8.173;414420.737
1611507600000;8.174;8.214;7.7;8.154;760846.945
1611511200000;8.15;8.183;8.1;8.166;195336.577
1611514800000;8.164;8.182;7.874;7.976;255583.264
1611518400000;7.973;8.115;7.949;8.105;124168.415
1611522000000;8.098;8.188;8.074;8.171;86350.342
1611525600000;8.172;8.23;8.117;8.22;87122.323
1611529200000;8.214;8.253;8.132;8.24;85820.856
1611532800000;8.246;8.386;8.231;8.26;209733.994
1611536400000;8.265;8.377;8.197;8.336;130718.065
1611540000000;8.333;8.395;8.285;8.345;110253.29
1611543600000;8.342;8.55;8.28;8.516;246978.224
1611547200000;8.526;8.538;8.33;8.363;168242.405
1611550800000;8.375;8.415;8.34;8.369;76867.952
1611554400000;8.368;8.415;8.3;8.361;115469.441
1611558000000;8.363;8.376;8.223;8.28;140514.55
1611561600000;8.285;8.345;8.238;8.326;72282.178
1611565200000;8.327;8.33;8.07;8.136;186926.257
1611568800000;8.135;8.282;8.073;8.247;115487.329
1611572400000;8.248;8.327;8.225;8.272;113680.942
1611576000000;8.275;8.427;8.246;8.378;191699.034
1611579600000;8.379;8.41;8.205;8.251;192151.412
1611583200000;8.258;8.263;8.139;8.195;149990.524
1611586800000;8.191;8.322;8.149;8.292;72660.692
1611590400000;8.296;8.307;8.083;8.168;150798.914
1611594000000;8.173;8.235;8.115;8.15;89885.094
1611597600000;8.151;8.197;8.013;8.097;150372.533
1611601200000;8.089;8.141;8.033;8.071;102255.077
1611604800000;8.059;8.072;7.888;7.975;172087.363
1611608400000;7.971;7.971;7.727;7.865;220814.591
1611612000000;7.869;7.869;7.669;7.809;146914.892
1611615600000;7.795;7.851;7.688;7.738;154684.917
1611619200000;7.74;7.928;7.629;7.876;203941.898
1611622800000;7.876;7.96;7.792;7.95;152280.13
1611626400000;7.956;7.956;7.831;7.862;114281.972
1611630000000;7.86;7.89;7.541;7.585;261979.316
1611633600000;7.58;7.735;7.573;7.71;142420.541
1611637200000;7.71;7.75;7.663;7.734;51990.048
1611640800000;7.733;7.74;7.6;7.647;83428.689
1611644400000;7.642;7.851;7.569;7.831;131044.81
1611648000000;7.826;7.863;7.734;7.816;50404.382
1611651600000;7.816;7.816;7.557;7.588;114122.9
1611655200000;7.593;7.768;7.587;7.756;77688.167
1611658800000;7.758;7.758;7.645;7.675;78973.16
1611662400000;7.662;7.7;7.45;7.51;138443.36
1611666000000;7.499;7.577;7.463;7.526;102646.715
1611669600000;7.545;7.596;7.366;7.438;129007.933
1611673200000;7.442;7.568;7.433;7.527;109502.162
1611676800000;7.528;7.629;7.425;7.618;151180.396
1611680400000;7.627;7.683;7.586;7.652;94743.345
1611684000000;7.651;7.798;7.597;7.754;109560.578
1611687600000;7.754;7.883;7.739;7.808;147506.519
1611691200000;7.814;7.843;7.682;7.728;94004.622
1611694800000;7.727;7.754;7.613;7.634;89195.921
1611698400000;7.627;7.707;7.59;7.694;95857.14
1611702000000;7.702;7.8;7.688;7.732;141180.282
1611705600000;7.726;7.74;7.472;7.553;169328.557
1611709200000;7.554;7.577;7.45;7.463;120092.888
1611712800000;7.462;7.485;7.31;7.36;139407.477
1611716400000;7.35;7.449;7.332;7.355;97855.259
1611720000000;7.348;7.425;7.298;7.329;135139.703
1611723600000;7.327;7.343;7.225;7.254;144875.486
1611727200000;7.254;7.605;7.248;7.525;423533.558
1611730800000;7.526;7.76;7.493;7.679;277050.367
1611734400000;7.665;7.67;7.271;7.29;201837.972
1611738000000;7.289;7.97;7.169;7.396;601596.991
1611741600000;7.386;7.432;7.22;7.278;250603.304
1611745200000;7.283;7.42;7.11;7.13;265419.509
1611748800000;7.122;7.235;7.074;7.151;289281.837
1611752400000;7.144;7.2;6.946;6.946;327856.646
1611756000000;6.949;6.977;6.763;6.895;463910.81
1611759600000;6.897;7.068;6.838;7.038;263498.276
1611763200000;7.038;7.122;6.955;6.973;265076.705
1611766800000;6.975;7.046;6.896;6.967;116018.014
1611770400000;6.96;6.97;6.851;6.872;93741.686
1611774000000;6.868;7.029;6.865;7.02;145082.816
1611777600000;7.02;7.124;6.981;7.115;128954.275
1611781200000;7.12;7.131;6.989;7.021;77777.8
1611784800000;7.02;7.084;6.932;7.009;73664.028
1611788400000;7.008;7.043;6.934;6.953;86035.154
1611792000000;6.96;7.003;6.804;6.981;123884.914
1611795600000;6.994;7.041;6.957;7.04;108964.055
1611799200000;7.04;7.104;7.001;7.058;118682.1
1611802800000;7.06;7.24;7.029;7.232;143568.84
1611806400000;7.235;7.39;7.224;7.258;242110.464
1611810000000;7.252;7.431;7.212;7.386;145355.205
1611813600000;7.395;7.51;7.281;7.31;289004.183
1611817200000;7.314;7.331;7.2;7.245;121275.628
1611820800000;7.249;7.283;7.205;7.248;105768.111
1611824400000;7.247;7.379;7.14;7.373;127844.949
1611828000000;7.378;7.934;7.334;7.889;984972.639
1611831600000;7.889;8.55;7.702;8.381;1433871.15
1611835200000;8.381;8.463;8.066;8.215;1031312.609
1611838800000;8.223;8.229;8;8.139;350841.964
1611842400000;8.139;8.248;8.003;8.071;330913.241
1611846000000;8.071;8.245;8.022;8.081;355425.989
1611849600000;8.081;8.116;7.912;7.972;325861.646
1611853200000;7.981;8.01;7.929;7.95;134615.197
1611856800000;7.951;8.249;7.945;8.177;439987.083
1611860400000;8.173;8.227;8.055;8.216;232194.12
1611864000000;8.226;8.35;8.125;8.139;221008.628
1611867600000;8.136;8.151;8.028;8.051;159306.125
1611871200000;8.056;8.226;8.037;8.084;136423.34
1611874800000;8.085;8.17;8.015;8.041;160927.402
1611878400000;8.044;8.542;8.018;8.187;634197.101
1611882000000;8.199;8.344;8.173;8.308;170634.846
1611885600000;8.31;8.355;8.197;8.238;176969.699
1611889200000;8.244;8.245;7.86;7.9;275472.669
1611892800000;7.908;7.996;7.728;7.868;291494.695
1611896400000;7.868;7.941;7.764;7.851;232041.457
1611900000000;7.853;7.97;7.776;7.822;163033.581
1611903600000;7.822;7.937;7.678;7.841;258133.041
1611907200000;7.842;8.079;7.727;8.037;313467.704
1611910800000;8.036;8.082;7.78;7.954;381554.457
1611914400000;7.95;7.979;7.78;7.932;180429.423
1611918000000;7.94;8.137;7.892;8.084;250770.306
1611921600000;8.083;8.173;7.903;8.121;304902.914
1611925200000;8.117;8.13;8.016;8.044;146446.965
1611928800000;8.04;8.212;8.01;8.056;260859.338
1611932400000;8.061;8.109;7.977;8.019;132996.328
1611936000000;8.014;8.084;7.916;7.937;158150.646
1611939600000;7.944;8.1;7.916;8.026;101399.508
1611943200000;8.026;8.075;7.921;7.98;106557.102
1611946800000;7.978;8;7.844;7.891;89295.747
1611950400000;7.886;7.934;7.85;7.887;64697.533
1611954000000;7.883;7.932;7.808;7.906;117226.472
1611957600000;7.906;8.092;7.893;8.045;102270.088
1611961200000;8.045;8.045;7.958;7.975;82226.925
1611964800000;7.978;8.032;7.835;7.869;129850.424
1611968400000;7.866;7.94;7.812;7.857;89319.705
1611972000000;7.853;7.905;7.754;7.818;82695.394
1611975600000;7.816;7.852;7.76;7.791;58986.356
1611979200000;7.784;7.854;7.777;7.825;30669.051
1611982800000;7.82;7.872;7.754;7.769;49320.135
1611986400000;7.761;7.9;7.757;7.872;72204.575
1611990000000;7.872;7.924;7.802;7.84;68878.617
1611993600000;7.84;7.85;7.78;7.799;39972.495
1611997200000;7.796;8.175;7.781;8.092;274667.963
1612000800000;8.092;8.25;8.043;8.125;259491.246
1612004400000;8.124;8.13;7.988;8.007;77309.541
1612008000000;8.011;8.118;7.99;8.109;80636.19
1612011600000;8.107;8.22;8.045;8.123;171066.831
1612015200000;8.123;8.16;8.092;8.119;101612.716
1612018800000;8.126;8.308;8.111;8.211;325379.092
1612022400000;8.212;8.229;7.862;8.005;233562.027
1612026000000;8.011;8.16;7.901;8.061;195164.842
1612029600000;8.064;8.084;7.961;8.061;75009.591
1612033200000;8.071;8.072;7.99;8.015;70154.509
1612036800000;8.023;8.048;8.001;8.014;52660.37
1612040400000;8.02;8.082;8.011;8.07;62233.772
1612044000000;8.075;8.143;8.061;8.082;64954.512
1612047600000;8.081;8.099;8.018;8.048;48272.154
1612051200000;8.052;8.31;8.019;8.192;198577.74
1612054800000;8.193;8.225;8.109;8.209;80144.772
1612058400000;8.212;8.212;8.092;8.159;95123.847
1612062000000;8.157;8.379;8.125;8.337;197505.068
1612065600000;8.338;8.379;8.048;8.312;311867.767
1612069200000;8.312;8.321;8.146;8.24;103628.799
1612072800000;8.234;8.49;8.221;8.485;199578.304
1612076400000;8.486;8.59;8.404;8.581;252218.259
1612080000000;8.579;8.9;8.577;8.688;662777.426
1612083600000;8.682;8.684;8.378;8.38;282445.13
1612087200000;8.387;8.598;8.375;8.576;184454.268
1612090800000;8.581;8.73;8.528;8.598;177432.53
1612094400000;8.599;8.648;8.459;8.633;173823.71
1612098000000;8.638;8.843;8.523;8.556;218973.19
1612101600000;8.56;8.604;8.321;8.329;179338.59
1612105200000;8.321;8.384;7.897;8.062;542532.076
1612108800000;8.064;8.066;7.914;8;459145.432
1612112400000;8.002;8.032;7.71;7.744;378904.824
1612116000000;7.741;7.868;7.691;7.72;302991.407
1612119600000;7.72;7.921;7.716;7.901;132898.157
1612123200000;7.907;7.952;7.785;7.896;117672.217
1612126800000;7.889;7.931;7.823;7.856;73204.958
1612130400000;7.865;8.022;7.809;8.005;117239.294
1612134000000;8.009;8.15;7.988;8.145;245754.63
1612137600000;8.145;8.145;7.828;7.953;287704.598
1612141200000;7.952;8.163;7.908;8.077;146507.066
1612144800000;8.075;8.12;8.001;8.116;112530.689
1612148400000;8.107;8.186;8.045;8.182;78333.521
1612152000000;8.182;8.212;8.09;8.161;114694.305
1612155600000;8.157;8.242;8.117;8.185;81012.896
1612159200000;8.176;8.216;8.011;8.08;126361.478
1612162800000;8.089;8.121;8.045;8.074;60905.728
1612166400000;8.07;8.101;7.917;7.948;185889.372
1612170000000;7.949;8.175;7.941;8.156;151777.536
1612173600000;8.153;8.218;8.09;8.097;83744.045
1612177200000;8.098;8.221;8.04;8.121;133649.834
1612180800000;8.121;8.17;8.072;8.097;156184.755
1612184400000;8.097;8.15;8.01;8.018;134141.074
1612188000000;8.016;8.05;7.87;8.018;149582.128
1612191600000;8.022;8.37;8.001;8.324;276601.638
1612195200000;8.325;8.527;8.265;8.285;440011.405
1612198800000;8.293;8.294;8.189;8.273;187239.593
1612202400000;8.282;8.51;8.258;8.498;210121.805
1612206000000;8.49;8.842;8.474;8.833;452539.335
1612209600000;8.837;9.219;8.832;8.898;1114910.897
1612213200000;8.895;9.257;8.839;8.946;419308.171
1612216800000;8.946;8.947;8.689;8.852;289000.861
1612220400000;8.86;9.296;8.75;9.29;515945.869
1612224000000;9.29;9.31;8.914;8.945;495331.732
1612227600000;8.951;8.991;8.871;8.944;111950.089
1612231200000;8.937;9.076;8.921;8.953;140724.767
1612234800000;8.954;9.152;8.914;9;126035.138
1612238400000;9.011;9.067;8.988;8.997;111029.73
1612242000000;8.999;9.066;8.934;8.959;103456.271
1612245600000;8.965;9.012;8.887;8.961;73249.139
1612249200000;8.962;8.965;8.771;8.925;272999.955
1612252800000;8.925;9.028;8.845;8.862;143514.946
1612256400000;8.865;9.081;8.856;8.922;182305.532
1612260000000;8.917;9.054;8.852;8.995;115263.123
1612263600000;8.991;9.038;8.925;8.989;95189.805
1612267200000;8.989;9.085;8.888;9;115705.795
1612270800000;9.006;9.066;8.973;9.005;72529.204
1612274400000;8.999;9.34;8.99;9.118;463006.339
1612278000000;9.113;9.126;8.912;8.979;180446.348
1612281600000;8.979;9.008;8.775;8.834;205716.966
1612285200000;8.835;8.939;8.786;8.794;182071.826
1612288800000;8.793;8.842;8.719;8.812;129024.132
1612292400000;8.805;8.812;8.7;8.783;135375.435
1612296000000;8.791;8.881;8.755;8.795;129984.793
1612299600000;8.796;8.913;8.76;8.913;83413.949
1612303200000;8.913;9.055;8.875;9.016;123973.592
1612306800000;9.01;9.048;8.877;8.893;105118.284
1612310400000;8.893;8.95;8.772;8.807;160629.931
1612314000000;8.807;8.877;8.784;8.876;50176.116
1612317600000;8.874;8.941;8.843;8.865;96278.181
1612321200000;8.865;8.999;8.865;8.936;93869.648
1612324800000;8.935;8.957;8.868;8.878;107107.131
1612328400000;8.878;8.897;8.82;8.853;160677.892
1612332000000;8.853;8.958;8.842;8.876;135971.884
1612335600000;8.875;8.903;8.842;8.843;149095.272
1612339200000;8.845;8.88;8.773;8.792;125241.615
1612342800000;8.791;8.842;8.75;8.779;126417.568
1612346400000;8.779;8.937;8.769;8.918;126011.186
1612350000000;8.911;9.096;8.88;8.9;222047.634
1612353600000;8.898;8.967;8.827;8.909;187426.834
1612357200000;8.908;9.198;8.905;9.062;423680.934
1612360800000;9.06;9.198;9.01;9.038;329145.529
1612364400000;9.038;9.199;8.988;9.169;299277.033
1612368000000;9.163;9.213;9;9.084;238312.15
1612371600000;9.083;9.12;9.024;9.082;159506.637
1612375200000;9.091;9.166;9.032;9.117;169855.583
1612378800000;9.126;9.138;9.02;9.051;112415.675
1612382400000;9.058;9.106;9.018;9.096;121786.338
1612386000000;9.096;9.33;9.095;9.25;399195.555
1612389600000;9.253;9.419;9.221;9.256;234480.557
1612393200000;9.256;9.314;9.151;9.303;207620.603
1612396800000;9.303;9.407;9.293;9.383;274853.485
1612400400000;9.385;9.5;9.305;9.384;243946.775
1612404000000;9.389;9.401;9.083;9.221;198790.907
1612407600000;9.224;9.245;8.94;9.027;215622.44
1612411200000;9.034;9.193;8.992;9.159;66026.905
1612414800000;9.159;9.178;9.048;9.084;91526.027
1612418400000;9.084;9.188;9.046;9.17;72833.894
1612422000000;9.172;9.24;9.128;9.191;106351.803
1612425600000;9.192;9.212;8.832;8.846;186978.571
1612429200000;8.833;9.056;8.752;9.04;284287.769
1612432800000;9.04;9.175;8.977;9.149;204656.769
1612436400000;9.148;9.148;8.935;8.939;116931.612
1612440000000;8.934;9.056;8.888;9.022;149582.323
1612443600000;9.025;9.06;8.887;8.971;153444.537
1612447200000;8.972;8.985;8.733;8.785;174644.312
1612450800000;8.785;8.841;8.636;8.785;196276.486
1612454400000;8.78;9.07;8.736;9.055;164991.576
1612458000000;9.067;9.18;9.057;9.134;150540.448
1612461600000;9.14;9.244;9.105;9.227;137490.228
1612465200000;9.235;9.272;9.148;9.222;98996.362
1612468800000;9.214;9.319;9.172;9.314;110068.709
1612472400000;9.319;9.34;9.211;9.248;95059.446
1612476000000;9.254;9.262;8.965;9.134;203867.518
1612479600000;9.134;9.3;9.11;9.152;187539.242
1612483200000;9.158;9.488;9.01;9.375;385098.274
1612486800000;9.378;9.402;9.243;9.243;111211.298
1612490400000;9.248;9.5;9.236;9.49;148979.918
1612494000000;9.499;9.595;9.383;9.497;236008.368
1612497600000;9.496;9.496;9.43;9.442;102455.199
1612501200000;9.442;9.445;9.376;9.42;84630.019
1612504800000;9.425;9.438;9.397;9.405;118052.995
1612508400000;9.403;9.436;9.383;9.399;219593.54
1612512000000;9.391;9.48;9.367;9.474;187623.985
1612515600000;9.477;9.847;9.455;9.62;400456.749
1612519200000;9.619;9.83;9.6;9.73;225566.004
1612522800000;9.719;9.914;9.719;9.876;225170.946
1612526400000;9.888;10.18;9.824;9.863;601032.279
1612530000000;9.863;9.885;9.692;9.835;255906.419
1612533600000;9.835;10.153;9.662;10.027;352387.68
1612537200000;10.012;10.435;9.929;10.223;540954.516
1612540800000;10.223;10.905;10.205;10.492;876820.685
1612544400000;10.492;12.878;10.462;12.639;2946546.849
1612548000000;12.653;12.746;11.57;11.623;1841593.017
1612551600000;11.637;12.3;11.637;11.996;574073.099
1612555200000;11.994;12.326;11.809;12.154;390167.411
1612558800000;12.157;12.174;11.776;11.898;336391.529
1612562400000;11.892;12.219;11.85;11.867;251063.45
1612566000000;11.879;12.405;11.856;12.19;387151.641
1612569600000;12.191;13.7;12.191;12.817;1541801.976
1612573200000;12.811;13.049;11.525;12.025;1151544.044
1612576800000;12.023;12.527;11.841;12.044;919145.236
1612580400000;12.046;12.114;11.575;11.974;432652.373
1612584000000;11.976;12.125;11.669;11.889;223621.046
1612587600000;11.889;11.93;11.672;11.886;166525.056
1612591200000;11.885;12.08;11.785;11.897;145511.138
1612594800000;11.89;12.35;11.88;12.315;261979.949
1612598400000;12.317;12.351;11.977;12.279;273760.997
1612602000000;12.275;12.298;11.769;11.844;302852.907
1612605600000;11.835;11.902;11.682;11.703;287310.783
1612609200000;11.702;11.803;11.432;11.489;392006.05
1612612800000;11.489;11.671;11.265;11.53;295696.662
1612616400000;11.527;11.734;11.469;11.586;182324.588
1612620000000;11.576;11.867;11.571;11.775;205551.389
1612623600000;11.764;11.842;11.445;11.453;220166.542
1612627200000;11.453;12.15;11.409;12.074;330493.391
1612630800000;12.074;12.259;11.827;11.836;279454.654
1612634400000;11.831;11.886;11.7;11.735;126756.415
1612638000000;11.738;12.321;11.717;12.175;327926.497
1612641600000;12.177;12.7;11.941;12.58;497197.494
1612645200000;12.569;12.662;12.264;12.542;357063.707
1612648800000;12.549;12.555;12.167;12.319;222995.38
1612652400000;12.328;12.341;11.96;12.087;187486.574
1612656000000;12.087;12.369;11.946;12.14;188369.437
1612659600000;12.14;12.146;11.556;11.647;204619.966
1612663200000;11.639;11.844;11.394;11.834;254643.337
1612666800000;11.834;11.93;11.715;11.87;111229.388
1612670400000;11.861;11.957;11.45;11.65;136096.247
1612674000000;11.643;11.91;11.611;11.795;166170.155
1612677600000;11.792;12.434;11.6;12.281;218455.97
1612681200000;12.293;12.614;12.086;12.168;445100.512
1612684800000;12.168;13.133;12.087;13.088;607023.146
1612688400000;13.088;13.63;12.841;13.361;975543.058
1612692000000;13.347;13.672;13.101;13.299;677885.487
1612695600000;13.308;13.524;13.055;13.508;379204.881
1612699200000;13.501;14.126;13.343;13.5;867340.559
1612702800000;13.511;13.522;12.877;13.137;515731.92
1612706400000;13.128;13.209;12.68;12.895;548888.427
1612710000000;12.893;13.121;12.361;12.808;525954.358
1612713600000;12.808;12.989;11.886;12.847;654424.875
1612717200000;12.844;12.954;12.539;12.581;337014.786
1612720800000;12.564;13.155;12.395;13.049;368789.914
1612724400000;13.053;13.387;12.75;12.787;533649.121
1612728000000;12.797;13.178;12.576;13.115;225145.691
1612731600000;13.096;13.5;12.983;13.374;289511.382
1612735200000;13.374;13.4;12.9;13.241;295540.431
1612738800000;13.241;13.98;13.22;13.841;476136.694
1612742400000;13.822;14.05;13.423;13.531;495799.887
1612746000000;13.529;13.7;13.258;13.655;214172.739
1612749600000;13.657;14.369;13.547;14.049;605161.277
1612753200000;14.067;14.97;13.87;14.547;1009683.577
1612756800000;14.546;14.99;14.428;14.86;459672.905
1612760400000;14.841;15.01;14.438;14.489;567327.807
1612764000000;14.474;14.634;14.165;14.23;331504.991
1612767600000;14.233;14.483;14;14.469;361800.339
1612771200000;14.463;14.697;14.401;14.426;267950.841
1612774800000;14.428;14.75;14.254;14.319;256245.298
1612778400000;14.311;14.6;14.26;14.316;193887.889
1612782000000;14.313;14.633;14.305;14.562;318448.88
1612785600000;14.552;14.81;14.067;14.068;374424.235
1612789200000;14.077;14.308;13.233;13.799;665198.291
1612792800000;13.799;14.345;13.797;14.329;408307.127
1612796400000;14.344;14.5;13.937;14.168;462806.899
1612800000000;14.168;14.401;13.94;14.199;176206.359
1612803600000;14.199;14.32;14.013;14.176;157791.172
1612807200000;14.176;14.187;13.887;13.928;126244.733
1612810800000;13.927;14.063;13.756;13.965;209564.512
1612814400000;13.949;14.095;13.912;13.942;150939.894
1612818000000;13.954;14.185;13.847;14.032;175424.858
1612821600000;14.029;14.544;14.011;14.314;201722.52
1612825200000;14.301;14.329;14.12;14.169;159868.317
1612828800000;14.169;14.209;13.861;14.024;272109.707
1612832400000;14.014;14.02;13.792;13.961;171734.04
1612836000000;13.955;14.057;13.801;13.961;150479.638
1612839600000;13.961;14.448;13.9;14.296;271503.49
1612843200000;14.296;14.543;14.13;14.359;168245.019
1612846800000;14.372;14.64;14.259;14.621;125127.613
1612850400000;14.621;14.919;14.426;14.47;268688.582
1612854000000;14.469;14.57;14.367;14.394;114992.772
1612857600000;14.391;14.763;14.376;14.686;195947.487
1612861200000;14.687;14.902;14.435;14.58;221975.184
1612864800000;14.582;14.587;14.111;14.114;216490.577
1612868400000;14.129;14.349;14.093;14.347;177031.511
1612872000000;14.341;14.379;13.982;14.05;169211.398
1612875600000;14.039;14.298;13.931;14.158;181105.962
1612879200000;14.157;14.489;14.063;14.476;228190.237
1612882800000;14.479;14.485;14.175;14.189;147333.096
1612886400000;14.199;14.843;14.189;14.83;367913.008
1612890000000;14.824;15.048;14.48;14.595;326466.255
1612893600000;14.604;15.4;14.599;15.219;583389.521
1612897200000;15.216;15.483;15.004;15.412;247799.175
1612900800000;15.42;15.422;14.999;15.083;190447.734
1612904400000;15.08;15.231;14.911;15.037;146035.258
1612908000000;15.028;15.049;14.778;15.027;112985.658
1612911600000;15.027;15.15;14.703;15.057;136152.386
1612915200000;15.052;15.266;14.9;14.928;124196.526
1612918800000;14.939;15.58;14.919;15.21;349776.218
1612922400000;15.212;15.286;15.121;15.164;99715.702
1612926000000;15.169;15.22;14.884;14.979;180770.151
1612929600000;14.976;14.979;14.519;14.773;235462.215
1612933200000;14.783;14.85;14.632;14.817;172571.779
1612936800000;14.817;14.99;14.7;14.977;259472.984
1612940400000;14.968;15.1;14.953;15.036;132320.681
1612944000000;15.048;15.154;14.784;14.89;221742.437
1612947600000;14.89;15.16;14.818;14.846;285347.656
1612951200000;14.84;15.282;14.778;15.248;225491.524
1612954800000;15.254;15.3;14.923;15.06;220647.964
1612958400000;15.06;15.104;13.706;14.402;563573.836
1612962000000;14.402;14.685;14.158;14.651;362071.836
1612965600000;14.646;14.789;14.14;14.218;248004.117
1612969200000;14.212;14.327;13.55;14.093;426896.951
1612972800000;14.098;14.408;13.727;14.367;267519.435
1612976400000;14.349;14.771;14.277;14.615;200257.769
1612980000000;14.613;14.641;14.334;14.619;181049.544
1612983600000;14.637;14.843;14.282;14.737;175723.178
1612987200000;14.725;14.825;14.217;14.331;196764.907
1612990800000;14.32;15.141;14.32;14.987;323921.085
1612994400000;14.987;15.381;14.948;15.21;217073.544
1612998000000;15.21;15.256;14.815;14.965;180186.946
1613001600000;14.97;15.484;14.782;15.017;385029.358
1613005200000;15.021;15.147;14.775;14.874;148280.338
1613008800000;14.869;15.139;14.869;15.118;47515.538
1613012400000;15.118;15.118;15.118;15.118;0
1613019600000;15.122;15.424;15;15.34;225158.66
1613023200000;15.34;15.8;15.231;15.479;305802.611
1613026800000;15.479;16.383;15.461;16.383;483760.609
1613030400000;16.372;16.97;16.01;16.714;573645.039
1613034000000;16.712;16.955;16.077;16.266;471160.674
1613037600000;16.272;16.425;16.126;16.167;255412.405
1613041200000;16.165;16.583;16.121;16.199;177202.395
1613044800000;16.199;16.634;16.187;16.329;166796.184
1613048400000;16.345;16.4;16.119;16.284;185923.984
1613052000000;16.288;16.764;16.164;16.744;236226.068
1613055600000;16.739;16.768;16.345;16.727;265751.201
1613059200000;16.72;17.397;16.555;17.336;448238.116
1613062800000;17.336;18.476;17.101;17.733;1028489.243
1613066400000;17.745;18;17.333;17.933;598694.896
1613070000000;17.921;18.143;17.389;17.821;459210.627
1613073600000;17.819;17.845;16.828;17.13;462632.753
1613077200000;17.131;17.469;16.923;17.258;275158.129
1613080800000;17.246;17.8;17.171;17.512;170919.977
1613084400000;17.515;17.99;17.285;17.652;260673.763
1613088000000;17.63;17.75;17.27;17.445;154675.779
1613091600000;17.449;17.8;17.302;17.573;98772.988
1613095200000;17.561;18.3;17.533;18.203;247370.48
1613098800000;18.219;19;18.1;18.714;622110.259
1613102400000;18.706;18.708;18.004;18.446;328202.346
1613106000000;18.445;19.39;18.319;19.31;681447.336
1613109600000;19.31;21.398;19.207;20.376;1650785.806
1613113200000;20.39;21;20.073;20.231;570076.849
1613116800000;20.242;20.378;19.889;20.035;476251.056
1613120400000;20.035;20.89;19.951;20.723;367057.918
1613124000000;20.724;21.589;20.645;20.65;700588.35
1613127600000;20.65;20.896;20.163;20.562;556133.541
1613131200000;20.561;20.84;20.351;20.699;292279.885
1613134800000;20.691;20.884;20.5;20.821;235060.257
1613138400000;20.833;21.1;19.729;20.279;718845.527
1613142000000;20.294;20.596;19.955;20.479;466397.055
1613145600000;20.46;20.99;20.37;20.882;425428.543
1613149200000;20.909;20.957;20.3;20.56;204773.364
1613152800000;20.558;21.099;20.494;20.805;274908.801
1613156400000;20.808;21.043;20.566;20.771;170105.281
1613160000000;20.762;21.5;20.661;21.22;352579.462
1613163600000;21.223;22.157;20.913;21.684;385446.603
1613167200000;21.684;22.035;21.165;21.2;324667.395
1613170800000;21.2;21.341;20.847;21.076;227112.074
1613174400000;21.071;21.424;20.928;21.111;202138.621
1613178000000;21.095;21.887;21.065;21.818;252416.26
1613181600000;21.837;22.058;21.426;21.547;212279.678
1613185200000;21.549;21.559;21.044;21.078;185837.099
1613188800000;21.063;21.418;21;21.418;129014.637
1613192400000;21.416;21.416;20.913;21.068;132709.316
1613196000000;21.07;21.2;20.585;21.14;184389.266
1613199600000;21.119;21.21;20.028;20.208;304607.441
1613203200000;20.201;20.951;20.1;20.933;208161.623
1613206800000;20.926;21.033;20.672;20.782;100749.269
1613210400000;20.76;20.795;19.75;19.917;330937.542
1613214000000;19.936;20.382;19.101;19.943;461227.316
1613217600000;19.944;20.501;19.609;20.311;237062.601
1613221200000;20.319;20.56;20.101;20.449;173284.914
1613224800000;20.446;20.558;20.121;20.517;163101.531
1613228400000;20.525;20.875;20.407;20.73;171690.319
1613232000000;20.736;20.869;20.131;20.329;223457.325
1613235600000;20.313;20.351;19.688;19.915;259348.024
1613239200000;19.914;20.149;19.72;20.11;213360.948
1613242800000;20.112;20.715;19.71;19.734;222069.612
1613246400000;19.727;20.205;19.412;20.199;389143.61
1613250000000;20.198;20.224;19.712;20.026;141279.395
1613253600000;20.026;20.181;19.871;19.983;131661.74
1613257200000;19.983;20.32;19.979;20.248;110063.942
1613260800000;20.244;20.641;20.013;20.55;189257.476
1613264400000;20.559;20.657;20.225;20.65;93542.575
1613268000000;20.65;20.697;20.157;20.225;85215.78
1613271600000;20.196;20.382;19.82;19.843;130359.674
1613275200000;19.843;20.202;19.762;19.949;95803.055
1613278800000;19.948;20.141;19.533;19.687;164396.201
1613282400000;19.689;20.398;19.633;20.208;170363.778
1613286000000;20.222;20.257;19.956;20.108;92159.235
1613289600000;20.121;20.28;20;20.072;132682.508
1613293200000;20.072;20.434;20.051;20.3;111554.827
1613296800000;20.3;20.358;19.827;19.88;125366.644
1613300400000;19.88;20.058;19.701;20.016;96561.887
1613304000000;20.016;20.291;19.9;20.061;125880.839
1613307600000;20.064;20.358;19.459;19.472;164141.158
1613311200000;19.493;19.688;18.676;19.169;281267.438
1613314800000;19.175;19.395;18.466;18.764;284782.393
1613318400000;18.789;19.373;18.655;19.352;179067.561
1613322000000;19.342;19.343;18.744;18.754;135753.619
1613325600000;18.774;19.229;18.68;19.088;114876.242
1613329200000;19.067;19.325;18.715;19.259;114463.753
1613332800000;19.239;19.666;19.074;19.616;126711.246
1613336400000;19.617;20.115;19.429;19.744;206020.863
1613340000000;19.737;19.76;19.332;19.406;114107.267
1613343600000;19.404;19.607;19.074;19.084;83303.702
1613347200000;19.117;19.755;19.116;19.604;81780.917
1613350800000;19.588;19.604;18.022;18.254;307653.12
1613354400000;18.249;18.4;14.816;16.932;844026.32
1613358000000;16.932;17.366;16.15;17.123;475383.853
1613361600000;17.092;17.117;16.001;16.885;374960.932
1613365200000;16.901;17.297;16.705;17.081;318541.546
1613368800000;17.068;18.275;17.005;18.047;421813.453
1613372400000;18.047;20.238;17.974;20.155;749103.319
1613376000000;20.183;21.093;20.009;20.254;815392.161
1613379600000;20.246;20.425;19.638;20.237;411129.974
1613383200000;20.235;20.489;19.741;20.343;267428.736
1613386800000;20.346;20.883;20.179;20.267;301468.476
1613390400000;20.284;20.499;19.977;20.462;203916.235
1613394000000;20.462;20.866;20.147;20.861;269754.346
1613397600000;20.846;21.639;20.303;20.478;617097.6
1613401200000;20.482;21.306;20.437;21.205;254080.896
1613404800000;21.205;21.653;20.889;21.267;352950.946
1613408400000;21.274;23.099;21.116;22.697;690627.306
1613412000000;22.67;23.079;21.968;22.777;620534.244
1613415600000;22.774;24.978;22.751;24.491;1194328.911
1613419200000;24.491;24.699;23.295;23.296;699129.965
1613422800000;23.307;23.916;22.353;22.401;545232.382
1613426400000;22.42;23.385;21.245;23.324;756426.733
1613430000000;23.324;23.8;22.054;22.489;420493.118
1613433600000;22.511;24.04;22.2;23.97;757493.947
1613437200000;23.976;25.163;23.942;24.342;928652.183
1613440800000;24.34;24.454;23.618;23.848;363999.522
1613444400000;23.833;24.356;23.28;23.966;313534.776
1613448000000;23.968;24.089;23.201;24.058;253498.785
1613451600000;24.059;24.696;23.703;24.597;378005.388
1613455200000;24.593;24.644;23.422;24.196;366141.532
1613458800000;24.215;24.408;23.824;24.273;255068.598
1613462400000;24.269;25.595;24.25;25.358;802129.304
1613466000000;25.349;25.79;24.925;25.289;471911.467
1613469600000;25.271;25.699;25.06;25.671;330247.034
1613473200000;25.671;26.444;25.166;26.192;660039.151
1613476800000;26.188;26.205;24.902;25.22;865941.959
1613480400000;25.232;26.186;24.95;25.187;577245.158
1613484000000;25.187;25.49;24.5;25.177;543119.093
1613487600000;25.188;25.61;24.856;24.905;286963.98
1613491200000;24.891;26.55;24.872;25.117;832711.977
1613494800000;25.138;26.046;25.032;25.714;503780.767
1613498400000;25.718;25.729;24.993;25.099;463594.545
1613502000000;25.099;25.15;23.853;24.155;512448.384
1613505600000;24.147;24.547;23.432;24.371;453905.056
1613509200000;24.38;24.408;23.731;24.05;245783.129
1613512800000;24.043;24.546;23.896;24.51;194077.08
1613516400000;24.534;25.262;24.245;25.067;257467.053
1613520000000;25.096;25.85;24.55;24.726;525494.606
1613523600000;24.705;25.022;24.377;24.463;317142.182
1613527200000;24.452;24.835;24.106;24.576;246461.751
1613530800000;24.583;24.617;23.281;23.444;392661.207
1613534400000;23.45;23.84;22.479;22.624;524675.687
1613538000000;22.633;23.523;22.6;23.369;416588.966
1613541600000;23.374;23.746;22.571;22.752;483419.398
1613545200000;22.753;24.023;22.5;23.993;458422.14
1613548800000;23.984;24.076;23.476;23.551;245058.108
1613552400000;23.537;23.76;23.029;23.212;297387.069
1613556000000;23.212;23.842;23.206;23.751;200895.733
1613559600000;23.745;24.211;23.693;23.831;266095.316
1613563200000;23.83;24.198;23.53;23.758;290121.846
1613566800000;23.766;23.834;23.325;23.7;185887.207
1613570400000;23.703;23.892;23.4;23.685;185459.565
1613574000000;23.665;23.998;23.35;23.968;245786.699
1613577600000;23.957;24.25;23.64;23.974;232377.563
1613581200000;23.977;24.493;23.829;24.492;231713.525
1613584800000;24.493;24.992;24.431;24.619;304621.354
1613588400000;24.636;25.186;24.483;25.169;215730.485
1613592000000;25.16;25.22;24.669;24.774;306892.459
1613595600000;24.774;24.781;23.8;23.828;337226.766
1613599200000;23.828;24.179;23.5;23.631;209873.659
1613602800000;23.622;23.939;23.6;23.83;129736.935
1613606400000;23.83;23.93;23.335;23.7;404905.434
1613610000000;23.701;23.992;23.46;23.947;180773.647
1613613600000;23.95;24.37;23.857;24.104;199959.948
1613617200000;24.1;24.463;24.024;24.382;160020.807
1613620800000;24.38;24.837;23.722;24.737;284312.907
1613624400000;24.724;24.842;24.422;24.778;175510.111
1613628000000;24.794;24.794;23.685;24.014;321423.154
1613631600000;24.014;24.17;23.582;24.144;181228.228
1613635200000;24.156;24.467;23.774;24.136;178284.143
1613638800000;24.132;25.133;24;24.877;381291.803
1613642400000;24.877;24.958;24.173;24.247;162622.029
1613646000000;24.242;24.626;23.704;24.052;189288.91
1613649600000;24.052;24.069;23.491;23.883;132761.569
1613653200000;23.88;24.112;23.7;23.992;86023.841
1613656800000;23.996;24.244;23.901;23.929;110663.809
1613660400000;23.928;23.935;23.1;23.416;334051.205
1613664000000;23.407;23.627;22.916;22.983;133826.948
1613667600000;22.98;23.236;22.785;23.178;247984.99
1613671200000;23.181;23.402;22.899;22.994;122579.056
1613674800000;22.999;23.312;22.97;23.185;89408.029
1613678400000;23.183;23.5;23.079;23.218;115539.239
1613682000000;23.226;23.567;23.218;23.564;66995.145
1613685600000;23.56;23.583;23.122;23.351;86667.749
1613689200000;23.327;23.391;22.91;23.092;106277.113
1613692800000;23.087;23.373;22.91;22.98;92466.87
1613696400000;22.979;22.999;22.048;22.358;265251.797
1613700000000;22.358;22.57;21.502;22.57;325959.806
1613703600000;22.57;22.616;22.123;22.15;107343.916
1613707200000;22.153;22.366;21.725;22.178;162808.678
1613710800000;22.176;22.398;21.96;22.03;151896.099
1613714400000;22.03;22.722;21.83;22.721;227674.6
1613718000000;22.721;22.993;22.626;22.881;152907.238
1613721600000;22.866;23.141;22.709;22.832;133682.059
1613725200000;22.831;23.404;22.511;22.989;166460.128
1613728800000;22.969;23.019;22.541;22.674;126676.741
1613732400000;22.667;22.98;22.519;22.972;132963.622
1613736000000;22.98;23.304;22.867;23.182;148927.442
1613739600000;23.182;23.55;23;23.103;168198.162
1613743200000;23.125;23.263;22.436;22.482;140951.07
1613746800000;22.442;22.719;22.441;22.676;125529.701
1613750400000;22.691;22.814;22.285;22.329;133705.146
1613754000000;22.312;22.609;22.302;22.609;50625.333
1613757600000;22.608;22.623;22.42;22.452;24742.165
1613761200000;22.454;22.587;22.072;22.112;109974.276
1613764800000;22.1;22.487;22.079;22.316;96505.544
1613768400000;22.316;22.533;22.184;22.445;77949.455
1613772000000;22.462;22.57;22.23;22.565;68774.44
1613775600000;22.57;22.933;22.354;22.898;143673.859
1613779200000;22.898;24.026;22.266;23.976;464073.225
1613782800000;23.968;24.498;23.199;23.445;458661.715
1613786400000;23.43;23.955;23.124;23.6;182526.629
1613790000000;23.623;23.657;22.995;23.034;120055.962
1613793600000;23.034;23.482;22.842;23.395;104301.179
1613797200000;23.399;23.45;23.11;23.384;61694.92
1613800800000;23.416;23.772;23.046;23.697;135835.859
1613804400000;23.7;24.122;23.213;23.244;216483.08
1613808000000;23.238;23.839;23.233;23.321;139457.561
1613811600000;23.321;24.27;23.263;24.161;211022.029
1613815200000;24.161;24.456;23.903;24.1;185735.664
1613818800000;24.087;24.191;23.73;23.75;123930.428
1613822400000;23.75;24.438;23.58;24.225;199981.99
1613826000000;24.23;24.23;23.706;23.846;158058.233
1613829600000;23.833;24.199;22.803;23.092;239218.958
1613833200000;23.089;23.698;22.51;22.888;360294.097
1613836800000;22.868;23.436;22.8;23.421;180618.008
1613840400000;23.423;23.801;23.32;23.467;165093.206
1613844000000;23.474;23.92;23.435;23.475;108862.542
1613847600000;23.471;23.621;23.1;23.333;93378.817
1613851200000;23.344;23.35;22.908;23.034;93451.924
1613854800000;23.018;23.108;22.65;22.911;89871.736
1613858400000;22.92;22.92;20.439;21.642;355083.162
1613862000000;21.669;21.948;20.911;21.648;275379.364
1613865600000;21.632;22.098;21.039;21.931;245805.047
1613869200000;21.923;22.238;21.6;22.2;227160.699
1613872800000;22.163;22.377;21.953;22;173135.403
1613876400000;21.999;22.193;21.628;21.749;82379.02
1613880000000;21.74;22.234;21.521;22.198;93171.763
1613883600000;22.198;22.444;21.892;22.181;94407.569
1613887200000;22.162;22.224;21.701;21.987;75976.96
1613890800000;21.966;22.229;21.537;21.6;128432.413
1613894400000;21.622;22.243;21.551;22.163;141707.794
1613898000000;22.163;22.503;22.086;22.397;107329.21
1613901600000;22.416;22.555;22.185;22.429;135382.853
1613905200000;22.429;22.631;22.345;22.593;98887.865
1613908800000;22.578;22.656;22.056;22.257;129346.592
1613912400000;22.245;22.462;22.161;22.195;66905.801
1613916000000;22.212;22.392;21.828;22.069;190194.396
1613919600000;22.068;22.137;20.699;21.599;992000.518
1613923200000;21.608;21.701;20.979;21.123;373617.906
1613926800000;21.121;21.285;20.815;21.121;493895.694
1613930400000;21.124;21.327;20.91;21.294;197689.845
1613934000000;21.299;21.627;21.258;21.509;127148.319
1613937600000;21.508;21.53;20.76;21.007;138436.54
1613941200000;21.041;21.188;20.79;20.927;140549.934
1613944800000;20.933;21.35;20.8;21.321;105505.749
1613948400000;21.321;21.828;21.245;21.569;158893.494
1613952000000;21.573;21.678;20.8;20.863;125956.364
1613955600000;20.861;21.258;20.602;21.222;124571.568
1613959200000;21.204;21.214;20.784;20.839;92766.896
1613962800000;20.825;20.959;20.253;20.33;199305.079
1613966400000;20.351;20.881;19.8;20.414;390664.484
1613970000000;20.385;20.91;20.262;20.546;167220.934
1613973600000;20.546;21.097;20.257;20.918;168132.226
1613977200000;20.938;21.116;20.536;21.064;104978.328
1613980800000;21.053;21.095;20.37;20.405;131353.075
1613984400000;20.385;20.533;19.544;19.753;288168.238
1613988000000;19.753;20.297;18.961;19.898;438833.563
1613991600000;19.898;20.239;19.511;19.548;173052.96
1613995200000;19.548;20.03;18.5;19.214;566090.989
1613998800000;19.212;19.708;18.551;18.592;261391.666
1614002400000;18.599;19.964;16.624;19.953;947724.724
1614006000000;19.876;19.964;18.555;19.379;450089.609
1614009600000;19.426;19.832;19.12;19.341;183120.753
1614013200000;19.357;19.382;18.501;18.593;174676.757
1614016800000;18.584;19.169;18.161;19.038;198714.68
1614020400000;19.038;19.922;18.862;19.829;144056.306
1614024000000;19.801;20.802;19.694;20.582;298105.854
1614027600000;20.568;21.027;20.415;20.972;166647.238
1614031200000;20.959;21.093;20.345;20.653;154446.744
1614034800000;20.653;21.443;19.965;21.152;248861.058
1614038400000;21.11;22.2;20.704;22.1;350762.043
1614042000000;22.079;23.4;21.211;21.479;866002.619
1614045600000;21.5;21.948;20.307;20.526;560084.489
1614049200000;20.543;21.896;20.431;20.668;607871.419
1614052800000;20.667;21.179;19.179;20.091;667256.024
1614056400000;20.08;20.137;18.4;19.378;528139.186
1614060000000;19.345;19.949;18.551;18.648;371880.026
1614063600000;18.633;19.371;18.51;18.683;303711.502
1614067200000;18.683;18.873;16.3;16.309;724429.813
1614070800000;16.309;17.909;15.1;17.466;889862.161
1614074400000;17.486;18.1;16.355;17.333;444798.512
1614078000000;17.348;17.765;15.552;17.106;490550.292
1614081600000;17.106;18.215;16.185;17.673;401316.811
1614085200000;17.655;18.62;17.387;18.583;395188.884
1614088800000;18.569;19.299;17.585;18.112;541763.744
1614092400000;18.118;21;17.929;20.387;558013.118
1614096000000;20.383;22.54;20.237;21.948;988137.314
1614099600000;21.934;22.21;20.416;20.669;435753.137
1614103200000;20.631;20.98;19.631;19.667;333321.489
1614106800000;19.703;20.218;18.702;18.705;288211.418
1614110400000;18.701;20.066;18.502;19.971;228032.322
1614114000000;20.048;20.674;19.6;19.93;239343.717
1614117600000;19.923;20.2;19.204;19.846;150244.82
1614121200000;19.877;20.299;19.707;20.08;146235.528
1614124800000;20.08;20.351;18.846;19.745;263513.523
1614128400000;19.748;20.539;19.679;20.501;240781.717
1614132000000;20.503;21.086;20.214;20.819;210113.576
1614135600000;20.801;21.014;20.327;20.839;180189.691
1614139200000;20.824;21.15;20.218;20.468;206171.979
1614142800000;20.493;20.766;20.066;20.181;119585.411
1614146400000;20.2;20.482;19.602;20.106;235168.23
1614150000000;20.107;20.586;19.689;20.489;148141.82
1614153600000;20.5;20.952;20.322;20.952;178509.812
1614157200000;20.931;21.39;20.711;20.928;216537.914
1614160800000;20.933;21.021;20.254;20.282;190909.836
1614164400000;20.273;20.991;20.264;20.662;169169.275
1614168000000;20.665;21.384;20.643;20.736;178813.125
1614171600000;20.746;20.814;19.638;19.825;324020.138
1614175200000;19.825;20.131;19.14;19.6;312181.207
1614178800000;19.6;19.832;18.9;19.8;271001.776
1614182400000;19.796;20.253;19.706;19.998;170303.135
1614186000000;19.991;20.657;19.953;20.545;199928.951
1614189600000;20.556;20.589;20.234;20.246;85451.129
1614193200000;20.246;20.267;19.626;19.731;132385.309
1614196800000;19.733;20.111;19.151;19.547;167601.155
1614200400000;19.544;19.6;18.696;19.357;224966.057
1614204000000;19.339;19.369;18.655;19.258;207672.198
1614207600000;19.259;19.579;19.18;19.42;73828.938
1614211200000;19.441;20;19.288;19.819;132671.851
1614214800000;19.803;19.925;19.362;19.523;92281.987
1614218400000;19.499;19.644;19.274;19.542;112577.007
1614222000000;19.534;19.541;19.034;19.07;118876.848
1614225600000;19.062;19.203;18.768;18.844;156883.164
1614229200000;18.86;19.396;18.807;19.319;158954.534
1614232800000;19.308;19.379;18.908;19.024;120320.408
1614236400000;19.044;19.418;18.942;19.113;169348.943
1614240000000;19.127;19.42;18.704;18.801;141598.841
1614243600000;18.802;19.003;18.532;18.716;172943.252
1614247200000;18.731;19.24;18.686;19.071;134667.434
1614250800000;19.073;19.336;19.03;19.222;99897.802
1614254400000;19.221;19.576;18.961;19.555;158506.323
1614258000000;19.569;19.779;19.298;19.562;176997.13
1614261600000;19.565;19.853;19.361;19.542;173218.024
1614265200000;19.519;19.981;19.509;19.726;139525.761
1614268800000;19.724;20.667;19.603;20.148;314151.186
1614272400000;20.148;20.148;19.318;19.516;162812.199
1614276000000;19.5;19.692;19.137;19.358;126126.463
1614279600000;19.357;19.518;18.999;19.239;222764.949
1614283200000;19.217;19.283;18.77;18.938;161950.683
1614286800000;18.938;19.002;18.069;18.17;395924.314
1614290400000;18.163;18.613;17.717;18.26;306972.847
1614294000000;18.25;18.52;17.55;17.686;242688.79
1614297600000;17.775;17.797;16.71;17.231;435222.839
1614301200000;17.25;17.647;16.829;16.927;217794.201
1614304800000;16.937;17.573;16.748;17.023;414121.869
1614308400000;17.022;17.611;16.847;17.482;191825.46
1614312000000;17.481;17.693;17.202;17.269;82649.555
1614315600000;17.266;17.403;16.44;16.447;156737.529
1614319200000;16.444;17.059;16.403;16.81;144177.283
1614322800000;16.807;17;16.051;16.617;313066.735
1614326400000;16.632;17.276;16.628;17.073;234986.71
1614330000000;17.079;17.618;16.742;17.533;170975.396
1614333600000;17.522;17.756;17.323;17.661;136695.369
1614337200000;17.655;17.836;16.907;17.268;128629.997
1614340800000;17.294;17.868;17.278;17.673;109776.461
1614344400000;17.679;17.776;17.044;17.086;98679.775
1614348000000;17.08;17.916;17.065;17.8;163049.027
1614351600000;17.811;18.719;17.62;18.653;407043.802
1614355200000;18.661;18.844;18.381;18.757;301744.192
1614358800000;18.756;18.959;18.237;18.293;187597.587
1614362400000;18.307;18.924;18.2;18.492;208311.815
1614366000000;18.479;18.662;17.654;17.989;286516.318
1614369600000;18.017;18.176;17.286;17.318;244074.637
1614373200000;17.287;18.224;17.183;17.952;384092.334
1614376800000;17.952;17.985;17.45;17.52;95503.972
1614380400000;17.544;18.901;17.45;18.86;170239.637
1614384000000;18.852;19.297;18.625;19.23;311172.754
1614387600000;19.252;19.52;19.028;19.184;194330.04
1614391200000;19.188;19.481;18.817;18.888;110885.766
1614394800000;18.889;19.558;18.828;19.026;229748.896
1614398400000;19.033;19.283;18.791;19.109;150066.691
1614402000000;19.107;19.48;19.06;19.466;101398.689
1614405600000;19.462;20.489;19.32;19.994;306987.965
1614409200000;19.97;20.329;19.502;19.853;272598.356
1614412800000;19.836;20.19;19.302;19.518;256916.029
1614416400000;19.526;19.704;19.194;19.554;204945.393
1614420000000;19.552;20.25;19.518;19.85;203356.772
1614423600000;19.856;20.496;19.76;20.45;190850.532
1614427200000;20.451;20.973;20.069;20.298;405335.862
1614430800000;20.281;20.363;19.873;19.987;173629.806
1614434400000;19.983;20.209;19.44;19.939;175598.71
1614438000000;19.922;20.089;19.299;19.462;136919.634
1614441600000;19.465;19.81;19.229;19.745;147182.212
1614445200000;19.745;20.15;19.682;19.841;189759.942
1614448800000;19.841;20.059;19.791;19.936;54487.068
1614452400000;19.94;20.261;19.891;20.223;75459.314
1614456000000;20.221;20.5;19.986;20.008;103566.688
1614459600000;20.014;20.182;19.548;19.729;82623.957
1614463200000;19.729;19.739;18.969;19.032;85379.855
1614466800000;19.024;19.306;18.616;19.121;231652.386
1614470400000;19.141;19.24;18.775;19.121;115161.036
1614474000000;19.121;19.226;18.711;18.838;86651.077
1614477600000;18.85;18.874;18.131;18.304;168670.619
1614481200000;18.314;18.4;17.504;17.634;212928.132
1614484800000;17.634;18.107;17.449;17.491;147176.476
1614488400000;17.491;18.201;17.267;17.516;194128.73
1614492000000;17.538;17.855;17;17.257;200085.903
1614495600000;17.25;17.612;17.064;17.438;174375.358
1614499200000;17.437;17.974;17.411;17.672;130180.656
1614502800000;17.686;17.936;17.515;17.79;86169.402
1614506400000;17.78;17.985;17.51;17.72;101872.37
1614510000000;17.71;18.037;17.596;17.619;98460.425
1614513600000;17.608;17.743;17.101;17.305;166209.165
1614517200000;17.313;17.424;17;17.002;138479.53
1614520800000;17.006;17.357;16.622;17.271;264699.128
1614524400000;17.271;17.289;16.583;16.822;150762.279
1614528000000;16.825;17.384;16.448;17.1;177333.838
1614531600000;17.101;17.166;16.719;16.748;168596.543
1614535200000;16.75;17.176;16.723;17.095;92670.431
1614538800000;17.094;17.631;17.015;17.608;113378.053
1614542400000;17.589;17.895;17.429;17.8;131458.921
1614546000000;17.795;18.255;17.791;17.932;127550.037
1614549600000;17.933;18.106;17.501;17.799;93914.417
1614553200000;17.788;18.132;17.519;17.649;96797.074
1614556800000;17.632;18.4;17.497;18.322;187709.176
1614560400000;18.328;18.403;18.014;18.064;117528.439
1614564000000;18.056;18.384;18.044;18.213;77442.838
1614567600000;18.201;18.348;17.961;18.057;132059.1
1614571200000;18.057;18.173;17.668;17.979;80375.199
1614574800000;17.964;17.99;17.704;17.806;54929.995
1614578400000;17.824;18;17.522;17.553;91741.038
1614582000000;17.554;18.05;17.548;17.954;57433.914
1614585600000;17.962;18.306;17.96;18.26;128280.53
1614589200000;18.247;18.6;18.138;18.471;178829.569
1614592800000;18.48;18.584;18.234;18.525;112218.787
1614596400000;18.525;18.593;18.25;18.401;134344.901
1614600000000;18.376;18.556;18.25;18.453;115299.294
1614603600000;18.453;18.738;18.05;18.075;233359.859
1614607200000;18.07;18.345;18.013;18.107;107006.526
1614610800000;18.114;18.646;18.095;18.632;136795.877
1614614400000;18.633;18.856;18.27;18.624;251178.999
1614618000000;18.625;18.798;18.21;18.284;115831.63
1614621600000;18.289;18.371;17.998;18.171;92014.478
1614625200000;18.184;18.251;17.9;18.072;76297.288
1614628800000;18.082;18.303;17.958;18.106;80659.531
1614632400000;18.098;18.197;18.036;18.196;52015.679
1614636000000;18.196;18.394;18.071;18.363;53998.794
1614639600000;18.364;18.737;18.341;18.701;93431.418
1614643200000;18.682;19.05;18.494;18.611;234922.418
1614646800000;18.604;18.632;18.389;18.622;54911.068
1614650400000;18.621;19.9;18.617;19.897;332950.245
1614654000000;19.877;20.01;19.413;19.696;322398.948
1614657600000;19.695;20.516;19.604;20.022;408908.526
1614661200000;20.03;20.19;19.538;19.554;203553.391
1614664800000;19.55;19.727;19.194;19.582;199103.445
1614668400000;19.613;19.727;19.347;19.391;114082.214
1614672000000;19.394;20.2;19.361;20.09;305505.547
1614675600000;20.071;20.457;19.921;20.099;278315.215
1614679200000;20.114;20.219;19.58;19.767;181642.498
1614682800000;19.755;20.083;19.637;19.874;105929.672
1614686400000;19.89;20.172;19.727;19.941;103066.847
1614690000000;19.95;20.256;19.876;20.13;155666.343
1614693600000;20.155;20.389;19.769;19.927;212449.086
1614697200000;19.913;20.096;19.417;19.652;178790.563
1614700800000;19.66;19.874;18.507;18.749;327769.898
1614704400000;18.744;18.956;18.44;18.79;232234.107
1614708000000;18.813;18.88;18.281;18.451;174073.767
1614711600000;18.451;18.52;17.989;18.294;155747.911
1614715200000;18.299;18.429;18.01;18.348;112053.779
1614718800000;18.348;18.597;18.162;18.283;156246.522
1614722400000;18.275;18.682;18.186;18.606;76673.233
1614726000000;18.59;18.917;18.511;18.851;75329.528
1614729600000;18.837;19.088;18.654;18.904;97185.776
1614733200000;18.899;19.3;18.898;19.3;75532.218
1614736800000;19.282;19.44;19.129;19.233;88168.333
1614740400000;19.211;19.279;18.499;18.877;213044.619
1614744000000;18.869;19.51;18.847;19.371;117162.448
1614747600000;19.362;19.567;19.3;19.44;86438.427
1614751200000;19.44;19.847;19.44;19.698;115712.89
1614754800000;19.7;19.839;19.533;19.603;128530.21
1614758400000;19.612;20.183;19.612;19.973;211275.431
1614762000000;19.977;20.1;19.881;19.98;105390.772
1614765600000;19.994;20.071;19.765;19.944;108796.039
1614769200000;19.942;20.058;19.472;19.588;210779.866
1614772800000;19.588;20.03;19.47;20.012;158468.651
1614776400000;20.028;20.03;19.125;19.342;346457.454
1614780000000;19.347;19.357;18.9;19.19;221479.533
1614783600000;19.179;19.436;19.17;19.41;94759.972
1614787200000;19.417;19.566;19.35;19.475;119374.432
1614790800000;19.467;19.794;19.465;19.747;182042.521
1614794400000;19.733;20;19.65;19.98;228367.299
1614798000000;19.98;19.999;19.337;19.782;190981.83
1614801600000;19.754;20.8;19.607;20.327;432988.123
1614805200000;20.321;21.518;20.2;21.074;747775.342
1614808800000;21.074;21.845;20.876;21.817;365124.703
1614812400000;21.818;22;21.29;21.431;437823.651
1614816000000;21.431;21.507;20.81;21.237;373595.432
1614819600000;21.235;21.42;21.01;21.254;98310.531
1614823200000;21.253;21.597;21.142;21.555;102174.307
1614826800000;21.533;21.845;20.552;20.728;294825.449
1614830400000;20.736;21.049;20.365;20.428;321604.914
1614834000000;20.445;21.232;20.438;21.21;129629.525
1614837600000;21.208;21.326;20.48;20.632;229703.567
1614841200000;20.652;21.207;20.59;21.203;202259.588
1614844800000;21.19;21.471;21.092;21.249;240252.818
1614848400000;21.25;21.25;20.438;20.79;255556.318
1614852000000;20.79;20.912;20.493;20.644;157475.047
1614855600000;20.646;20.8;20.177;20.466;269082.492
1614859200000;20.467;20.858;20.378;20.457;141048.062
1614862800000;20.474;20.5;20.004;20.126;202617.278
1614866400000;20.132;20.5;19.885;20.182;256383.462
1614870000000;20.213;20.441;19.784;20.279;124056.864
1614873600000;20.293;20.389;19.912;20.291;117754.652
1614877200000;20.277;20.369;19.398;19.529;195360.07
1614880800000;19.551;19.627;18.136;18.164;487818.867
1614884400000;18.172;18.889;18.161;18.486;378755.812
1614888000000;18.486;18.721;18.187;18.721;247809.108
1614891600000;18.723;18.987;18.54;18.697;177961.86
1614895200000;18.724;19;18.593;18.842;107477.912
1614898800000;18.826;19.02;18.676;18.855;114484.411
1614902400000;18.855;18.855;17.925;18.138;282207.129
1614906000000;18.146;18.451;17.911;18.248;164985.835
1614909600000;18.252;18.543;17.94;18.448;116475.624
1614913200000;18.459;18.869;18.278;18.751;86711.75
1614916800000;18.742;18.76;18.355;18.705;169434.002
1614920400000;18.707;19.057;18.6;18.803;151203.57
1614924000000;18.802;19.077;18.701;19.067;72888.088
1614927600000;19.043;19.15;18.74;18.921;110916.341
1614931200000;18.919;19.014;18.154;18.395;135326.304
1614934800000;18.398;18.772;18.344;18.735;58595.983
1614938400000;18.734;19.3;18.717;19.001;132476.335
1614942000000;19.012;19.171;18.867;18.992;57426.286
1614945600000;19.011;19.18;18.79;19.02;96505.477
1614949200000;19.035;19.284;18.938;19.151;99840.958
1614952800000;19.166;19.437;19.103;19.177;136815.905
1614956400000;19.183;19.35;18.822;18.84;125387.084
1614960000000;18.837;18.977;17.725;18.335;331402.166
1614963600000;18.335;19.5;18.185;18.848;193974.873
1614967200000;18.837;19.1;18.735;19.012;87390.65
1614970800000;19.035;19.062;18.813;19.001;100620.578
1614974400000;18.985;19.276;18.967;19.109;128690.14
1614978000000;19.125;19.139;18.908;18.939;73226.021
1614981600000;18.933;19.133;18.823;18.961;71524.425
1614985200000;18.961;18.987;18.253;18.671;116634.388
1614988800000;18.665;18.924;18.665;18.768;75783.693
1614992400000;18.768;18.827;18.625;18.717;46638.542
1614999600000;18.721;18.956;18.498;18.847;46378.995
1615003200000;18.857;18.867;18.439;18.565;73815.631
1615006800000;18.567;19;18.467;18.884;66059.581
1615010400000;18.89;19.069;18.859;18.998;82815.177
1615014000000;18.998;19.03;18.808;18.859;108117.997
1615017600000;18.85;18.992;18.739;18.776;85614.502
1615021200000;18.787;19.03;18.763;18.905;74323.843
1615024800000;18.883;19.024;18.681;18.778;61801.594
1615028400000;18.775;19.002;18.652;18.889;111510.243
1615032000000;18.864;19.02;18.544;18.667;160963.418
1615035600000;18.67;18.676;18.211;18.425;120854.19
1615039200000;18.419;18.578;18.357;18.484;70688.793
1615042800000;18.484;18.59;18.402;18.427;53958.788
1615046400000;18.431;18.724;18.35;18.531;51318.531
1615050000000;18.521;18.774;18.43;18.657;37214.524
1615053600000;18.657;18.88;18.621;18.807;30373.986
1615057200000;18.816;18.827;18.579;18.742;56492.34
1615060800000;18.745;18.943;18.716;18.828;62456.735
1615064400000;18.836;18.978;18.77;18.836;41811.932
1615068000000;18.842;18.957;18.752;18.923;32062.113
1615071600000;18.921;18.997;18.87;18.91;30664.809
1615075200000;18.91;19.085;18.894;18.941;72595.48
1615078800000;18.946;18.98;18.736;18.782;65294.43
1615082400000;18.807;19.118;18.799;19.01;52689.764
1615086000000;19.011;19.1;18.854;18.938;30789.169
1615089600000;18.943;18.961;18.801;18.864;38058.764
1615093200000;18.843;18.88;18.753;18.855;40750.178
1615096800000;18.849;19.134;18.8;19.125;36332.179
1615100400000;19.125;19.29;19.061;19.237;99583.704
1615104000000;19.246;19.357;19.072;19.116;110956.9
1615107600000;19.121;19.485;19.112;19.453;152054.17
1615111200000;19.445;19.453;19.179;19.228;82100.056
1615114800000;19.235;19.293;19.124;19.279;70402.535
1615118400000;19.285;19.356;19.045;19.141;100197.179
1615122000000;19.152;19.215;19.067;19.126;49051.52
1615125600000;19.124;19.326;18.845;19.062;133961.885
1615129200000;19.061;19.167;18.979;19.077;32197.991
1615132800000;19.095;19.332;19.095;19.211;68181.167
1615136400000;19.211;19.293;19.169;19.276;29597.176
1615140000000;19.272;19.283;18.935;18.939;38382.349
1615143600000;18.952;19.083;18.8;18.998;80208.973
1615147200000;18.967;18.969;18.58;18.868;106129.041
1615150800000;18.873;19.141;18.825;19.136;47883.461
1615154400000;19.134;19.252;19.041;19.181;67579.797
1615158000000;19.193;19.495;19.165;19.458;99325.404
1615161600000;19.471;19.853;19.254;19.783;222176.637
1615165200000;19.79;19.833;19.418;19.548;100409.664
1615168800000;19.554;19.563;19.077;19.183;85640.051
1615172400000;19.195;19.733;19.009;19.699;137189.487
1615176000000;19.71;19.71;19.194;19.405;105310.945
1615179600000;19.41;19.674;19.409;19.584;58477.275
1615183200000;19.588;19.651;19.109;19.147;58449.911
1615186800000;19.146;19.293;18.801;18.973;104954.656
1615190400000;18.961;19.016;18.692;18.963;89791.818
1615194000000;18.974;19.048;18.678;18.876;55786.616
1615197600000;18.875;18.992;18.781;18.89;50944.099
1615201200000;18.89;18.939;18.778;18.883;58068.203
1615204800000;18.883;18.905;18.565;18.612;105982.106
1615208400000;18.612;18.9;18.603;18.881;103012.762
1615212000000;18.892;19.041;18.7;18.874;97018.063
1615215600000;18.868;19.077;18.77;19.074;86053.276
1615219200000;19.069;19.114;18.83;18.878;59887.963
1615222800000;18.866;18.942;18.801;18.848;44889.555
1615226400000;18.833;18.977;18.805;18.842;60834.21
1615230000000;18.828;19.072;18.81;19.004;96205.986
1615233600000;19.006;19.039;18.857;18.904;85821.375
1615237200000;18.905;19.016;18.836;18.964;64268.931
1615240800000;18.958;19.062;18.842;19.002;73480.518
1615244400000;19.001;19.396;18.986;19.392;122187.556
1615248000000;19.38;19.44;19.016;19.088;87493.379
1615251600000;19.087;19.441;19.017;19.378;81984.256
1615255200000;19.38;19.475;19.316;19.439;84506.256
1615258800000;19.431;19.622;19.429;19.603;97598.51
1615262400000;19.602;19.642;19.315;19.4;76316.962
1615266000000;19.412;19.958;19.396;19.788;179849.037
1615269600000;19.788;19.976;19.653;19.674;97102.29
1615273200000;19.677;19.697;19.436;19.473;115496.545
1615276800000;19.482;19.772;19.459;19.725;92979.005
1615280400000;19.725;20.243;19.723;20.058;209731.595
1615284000000;20.066;20.3;19.832;19.994;187109.177
1615287600000;19.995;20.1;19.752;20;128793.339
1615291200000;20.019;20.034;19.51;19.619;149759.048
1615294800000;19.617;20;19.532;19.988;91422.343
1615298400000;19.976;19.985;19.763;19.825;83364.01
1615302000000;19.833;19.87;19.608;19.8;98357.045
1615305600000;19.818;20.096;19.536;20.072;198628.14
1615309200000;20.072;20.648;19.901;20.437;395721.966
1615312800000;20.454;20.935;20.311;20.582;268002.321
1615316400000;20.582;20.9;20.557;20.87;119845.92
1615320000000;20.87;20.947;20.513;20.634;132160.634
1615323600000;20.645;20.807;20.302;20.445;128921.971
1615327200000;20.446;21.015;20.43;21.011;209728.477
1615330800000;21.011;21.2;20.819;21.107;187036.661
1615334400000;21.1;21.378;20.754;20.872;193224.875
1615338000000;20.872;20.913;19.87;20.151;243579.367
1615341600000;20.159;20.16;19.361;19.847;279460.839
1615345200000;19.858;20.085;19.305;19.642;139027.633
1615348800000;19.633;19.905;19.441;19.892;58014.275
1615352400000;19.897;19.905;19.5;19.834;66621.611
1615356000000;19.847;20.004;19.735;19.955;58456.905
1615359600000;19.952;20.161;19.919;20.103;78282.497
1615363200000;20.092;20.388;19.922;20.367;109746.442
1615366800000;20.367;20.436;20.175;20.275;136756.703
1615370400000;20.279;20.299;19.812;19.893;136563.11
1615374000000;19.884;19.926;19.679;19.81;92325.189
1615377600000;19.816;20.067;19.805;20;78285.908
1615381200000;20.004;20.6;19.98;20.465;223163.27
1615384800000;20.464;20.5;20.305;20.45;118828.122
1615388400000;20.451;20.655;20.19;20.316;140768.592
1615392000000;20.326;20.49;19.998;20.14;163818.182
1615395600000;20.14;20.174;19.888;20.076;136681.613
1615399200000;20.069;20.122;19.821;19.944;78439.604
1615402800000;19.93;20.129;19.897;19.96;82077.637
1615406400000;19.97;20.004;19.207;19.456;237977.43
1615410000000;19.451;19.754;19.088;19.719;137946.524
1615413600000;19.7;19.925;19.621;19.879;61063.318
1615417200000;19.863;19.889;19.469;19.61;73729.609
1615420800000;19.61;19.747;19.23;19.247;87297.971
1615424400000;19.248;19.378;19.101;19.29;117468.921
1615428000000;19.285;19.422;19.163;19.352;40454.88
1615431600000;19.352;19.423;19.198;19.287;56098.499
1615435200000;19.294;19.443;19.162;19.265;47089.045
1615438800000;19.261;19.336;19.001;19.125;71628.427
1615442400000;19.115;19.33;19.007;19.303;37280.715
1615446000000;19.285;19.402;18.914;18.945;70960.186
1615449600000;18.952;19.177;18.6;19.15;204030.518
1615453200000;19.15;19.181;18.832;18.947;82257.084
1615456800000;18.936;19.266;18.886;19.178;79898.926
1615460400000;19.183;19.329;19.177;19.283;47793.238
1615464000000;19.283;19.408;19.141;19.408;64158.748
1615467600000;19.397;19.724;19.382;19.694;127058.318
1615471200000;19.695;19.728;19.421;19.563;109843.352
1615474800000;19.562;19.619;19.048;19.27;124212.48
1615478400000;19.259;19.492;19.25;19.44;79032.024
1615482000000;19.44;19.472;19.212;19.362;80983.242
1615485600000;19.364;19.566;19.289;19.551;70759.263
1615489200000;19.55;19.571;19.191;19.217;50901.712
1615492800000;19.23;19.49;19.216;19.32;68886.547
1615496400000;19.322;19.405;19.1;19.167;71482.798
1615500000000;19.152;19.208;19.055;19.194;48469.454
1615503600000;19.186;19.333;19.078;19.333;48086.362
1615507200000;19.333;19.383;18.817;19.017;110054
1615510800000;19.001;19.19;18.962;19.084;58706.691
1615514400000;19.09;19.247;18.986;19.179;80684.541
1615518000000;19.179;19.253;19.06;19.101;37565.362
1615521600000;19.097;19.193;18.855;18.959;62503.335
1615525200000;18.959;19.138;18.9;19.104;50729.226
1615528800000;19.101;19.18;18.974;19.019;62664.829
1615532400000;19.011;19.013;18.778;18.895;78460.414
1615536000000;18.886;19.273;18.8;19.197;133243.475
1615539600000;19.197;19.496;19.057;19.44;114153.85
1615543200000;19.441;19.446;18.812;19.184;112716.438
1615546800000;19.198;19.33;19.01;19.05;72216.362
1615550400000;19.042;19.196;18.78;18.822;85502.536
1615554000000;18.807;18.811;17.68;18.289;402146.603
1615557600000;18.288;18.466;18.025;18.432;96135.832
1615561200000;18.449;18.571;18.279;18.508;122346.848
1615564800000;18.508;18.592;18.389;18.473;77665.708
1615568400000;18.463;18.529;18.096;18.191;144244.43
1615572000000;18.191;18.396;18.146;18.244;53052.214
1615575600000;18.249;18.511;18.074;18.192;76699.259
1615579200000;18.188;18.272;17.869;18.125;119639.042
1615582800000;18.136;18.496;18.052;18.273;63369.966
1615586400000;18.27;18.399;18.261;18.374;24498.847
1615590000000;18.375;18.595;18.293;18.552;39852.74
1615593600000;18.549;18.742;17.968;18.122;133625.203
1615597200000;18.122;18.131;17.828;18.011;99263.006
1615600800000;18.037;18.457;17.964;18.367;68148.988
1615604400000;18.367;18.487;18.102;18.199;38644.101
1615608000000;18.191;18.435;18.053;18.431;45958.884
1615611600000;18.422;18.646;18.337;18.605;57864.061
1615615200000;18.598;18.653;18.362;18.569;50273.683
1615618800000;18.57;18.812;18.547;18.787;65481.444
1615622400000;18.789;19.008;18.68;18.953;108923.456
1615626000000;18.953;19.016;18.776;19.005;66730.293
1615629600000;19.005;19.342;18.882;19.267;207719.218
1615633200000;19.272;19.394;19.15;19.319;113096.289
1615636800000;19.319;19.604;19.25;19.303;170583.911
1615640400000;19.306;19.318;19.093;19.204;77373.516
1615644000000;19.21;19.46;19.18;19.366;81488.953
1615647600000;19.373;19.485;19.137;19.227;92542.573
1615651200000;19.228;19.74;19.018;19.712;139192.609
1615654800000;19.7;19.861;19.545;19.607;186980.778
1615658400000;19.607;19.746;19.554;19.704;81667.632
1615662000000;19.703;19.75;19.5;19.585;61432.934
1615665600000;19.58;19.69;19.469;19.5;86703.13
1615669200000;19.499;19.639;19.301;19.383;87849.615
1615672800000;19.384;19.437;19.227;19.241;67396.379
1615676400000;19.241;19.428;19.184;19.363;84972.705
1615680000000;19.368;19.531;19.2;19.27;55716.529
1615683600000;19.257;19.371;19;19.324;125671.421
1615687200000;19.318;19.482;19.157;19.226;93125.333
1615690800000;19.238;19.374;19.157;19.278;59988.385
1615694400000;19.261;19.312;19.054;19.192;31218.96
1615698000000;19.191;19.191;18.861;19.017;146377.715
1615701600000;19.019;19.126;18.836;19.126;77522.965
1615705200000;19.106;19.207;18.957;18.991;55958.058
1615708800000;18.988;19.261;18.925;19.211;78506.585
1615712400000;19.203;19.375;19.14;19.32;42172.984
1615716000000;19.317;19.328;18.766;18.83;72220.991
1615719600000;18.831;18.96;18.446;18.863;114542.409
1615723200000;18.874;19.022;18.751;18.848;61451.79
1615726800000;18.848;18.875;18.42;18.567;82496.535
1615730400000;18.554;18.781;18.508;18.647;39219.818
1615734000000;18.656;18.682;18.439;18.559;94463.683
1615737600000;18.567;18.775;18.418;18.497;70026.438
1615741200000;18.517;18.767;18.504;18.697;49586.085
1615744800000;18.685;18.883;18.685;18.872;53820.628
1615748400000;18.869;18.929;18.803;18.869;30755.76
1615752000000;18.873;19.044;18.774;19.009;40561.156
1615755600000;19.01;19.024;18.782;18.862;27528.098
1615759200000;18.865;19;18.644;19;48506.636
1615762800000;18.999;19.091;18.444;18.444;66625.815
1615766400000;18.443;18.874;18.391;18.684;88687.322
1615770000000;18.695;18.897;18.536;18.885;41883.056
1615773600000;18.88;19.164;18.867;19.119;54011.202
1615777200000;19.12;19.376;19.071;19.082;103398.26
1615780800000;19.101;19.241;18.888;18.987;74719.7
1615784400000;18.981;18.998;18.475;18.52;100881.667
1615788000000;18.523;18.661;18.25;18.455;100040.784
1615791600000;18.466;18.548;17.986;18.438;156427.948
1615795200000;18.439;18.798;18.323;18.55;125111.322
1615798800000;18.517;18.66;17.901;18.204;206151.24
1615802400000;18.202;18.637;18.088;18.538;102602.51
1615806000000;18.542;19.023;18.254;18.964;222116.155
1615809600000;18.959;19.527;18.5;19.466;357905.568
1615813200000;19.45;19.69;19.214;19.385;326042.728
1615816800000;19.382;19.592;19.232;19.394;180448.585
1615820400000;19.394;20.475;19.394;20.1;759510.768
1615824000000;20.101;20.311;19.6;19.848;418818.947
1615827600000;19.872;19.888;19.309;19.71;216911.792
1615831200000;19.71;19.922;19.627;19.743;105310.427
1615834800000;19.741;20.039;19.556;19.622;95076.803
1615838400000;19.634;19.857;19.504;19.719;125444.746
1615842000000;19.719;20.592;19.675;20.59;208848.353
1615845600000;20.593;21.1;20.015;20.132;570943.337
1615849200000;20.138;20.499;19.814;19.838;200389.098
1615852800000;19.839;20.45;19.051;19.096;344552.41
1615856400000;19.092;19.447;18.689;19.434;169582.69
1615860000000;19.434;19.845;19.311;19.79;127614.872
1615863600000;19.793;19.827;19.239;19.388;155784.077
1615867200000;19.4;19.86;19.346;19.537;114396.029
1615870800000;19.557;19.608;18.968;19.18;102514.834
1615874400000;19.177;19.699;18.83;19.655;219481.913
1615878000000;19.653;19.776;19.318;19.741;122119.432
1615881600000;19.742;20.32;19.595;20.217;277378.256
1615885200000;20.201;20.366;19.923;20.285;180524.292
1615888800000;20.285;20.45;19.923;20.107;179554.039
1615892400000;20.096;20.28;19.7;19.93;120254.664
1615896000000;19.932;21.155;19.86;21.046;558454.078
1615899600000;21.041;21.048;20.66;20.683;260277.882
1615903200000;20.673;21.05;20.51;21.033;207965.763
1615906800000;21.036;21.234;20.755;21.186;283764.575
1615910400000;21.189;21.922;21.072;21.827;504333.777
1615914000000;21.822;22.102;20.74;21.051;436521.272
1615917600000;21.049;21.42;21.037;21.148;116028.848
1615921200000;21.162;21.531;21.1;21.321;122997.776
1615924800000;21.314;21.35;21.017;21.086;117762.028
1615928400000;21.1;21.31;21.031;21.177;69939.906
1615932000000;21.177;21.187;20.66;20.717;142618.19
1615935600000;20.709;21.06;20.709;21.008;79022.636
1615939200000;21.014;21.072;20.455;20.682;163296.558
1615942800000;20.701;20.889;20.6;20.718;87290.547
1615946400000;20.718;20.82;20.333;20.448;120825.5
1615950000000;20.445;20.776;20.392;20.438;146595.024
1615953600000;20.408;20.896;20.279;20.816;174394.97
1615957200000;20.834;21.175;20.541;21.1;154219.876
1615960800000;21.1;21.54;20.94;21.505;219924.055
1615964400000;21.502;21.674;20.911;21.042;288151.181
1615968000000;21.043;21.248;20.775;20.815;119819.639
1615971600000;20.817;20.845;19.672;20.126;345174.958
1615975200000;20.136;20.384;19.982;20.149;163716.562
1615978800000;20.141;20.2;19.8;19.929;134173.911
1615982400000;19.922;20.107;19.55;20.046;206011.045
1615986000000;20.044;20.189;19.75;20.116;175202.132
1615989600000;20.125;20.339;19.944;20.204;135395.688
1615993200000;20.194;20.35;20.01;20.3;84782.245
1615996800000;20.29;20.428;20.152;20.182;75905.258
1616000400000;20.186;20.536;20.114;20.463;85099.73
1616004000000;20.48;20.67;20.454;20.626;96626.237
1616007600000;20.626;20.798;20.473;20.651;167689.882
1616011200000;20.651;20.762;20.529;20.55;57590.607
1616014800000;20.535;20.85;20.451;20.805;81305.322
1616018400000;20.805;21.123;20.73;21.048;125137.129
1616022000000;21.051;21.142;20.846;20.896;93085.801
1616025600000;20.9;20.995;20.524;20.643;161118.285
1616029200000;20.64;20.826;20.624;20.782;73823.61
1616032800000;20.775;21.072;20.77;20.846;121598.247
1616036400000;20.85;20.974;20.697;20.722;79692.55
1616040000000;20.722;21.49;20.699;21.396;170414.397
1616043600000;21.393;21.467;21.091;21.402;152400.765
1616047200000;21.397;21.761;21.218;21.49;225341.079
1616050800000;21.507;21.687;21.091;21.403;179218.594
1616054400000;21.408;21.982;21.408;21.503;310921.29
1616058000000;21.504;22.754;21.476;22.537;638845.379
1616061600000;22.541;22.896;22.363;22.446;395330.664
1616065200000;22.446;22.689;22.115;22.517;212089.401
1616068800000;22.536;23.1;22.091;23.05;501065.798
1616072400000;23.05;23.334;22.662;22.769;343895.949
1616076000000;22.76;23.885;22.691;23.707;626550.478
1616079600000;23.712;24.523;23.572;24.267;981933
1616083200000;24.273;24.47;23.209;23.232;502863.716
1616086800000;23.222;23.6;22.898;23.048;226094.153
1616090400000;23.048;23.3;22.495;22.676;270748.415
1616094000000;22.676;23.252;22.434;22.629;268197.24
1616097600000;22.639;23.363;22.481;22.808;291284.686
1616101200000;22.818;23.1;22.652;22.818;125748.384
1616104800000;22.83;22.962;22.53;22.557;103914.144
1616108400000;22.556;22.739;21.973;22.106;268342.776
1616112000000;22.108;22.299;21.5;22.25;480694.524
1616115600000;22.24;22.606;21.973;22.512;280265.324
1616119200000;22.505;22.734;22.189;22.483;254888.008
1616122800000;22.484;22.685;22.268;22.337;88484.44
1616126400000;22.337;22.446;21.999;22.119;251970.001
1616130000000;22.122;22.671;21.974;22.639;168554.038
1616133600000;22.617;22.868;22.373;22.803;143424.348
1616137200000;22.809;23.174;22.541;22.87;257068.971
1616140800000;22.89;23.185;22.6;22.822;232711.129
1616144400000;22.832;22.973;22.453;22.587;195268.464
1616148000000;22.593;22.792;22.512;22.788;75970.724
1616151600000;22.793;23.074;22.676;22.745;104643.886
1616155200000;22.74;23.076;22.656;22.695;127915.092
1616158800000;22.689;22.701;22.264;22.36;185057.903
1616162400000;22.36;22.605;22.165;22.594;87584.27
1616166000000;22.6;22.619;22.381;22.455;110353.185
1616169600000;22.471;22.55;22.208;22.249;138078.453
1616173200000;22.258;22.325;22.1;22.188;89597.26
1616176800000;22.191;22.435;22.049;22.36;59997.448
1616180400000;22.36;22.387;22.1;22.176;53196.553
1616184000000;22.153;22.35;22.082;22.191;79358.179
1616187600000;22.191;22.758;22.137;22.72;93056.569
1616191200000;22.713;22.771;22.4;22.472;79858.738
1616194800000;22.449;22.463;22.15;22.19;40797.392
1616198400000;22.186;22.422;22.013;22.412;70618.065
1616202000000;22.408;22.5;22.275;22.492;50197.047
1616205600000;22.5;22.664;22.456;22.559;63142.428
1616209200000;22.559;22.593;22.292;22.379;51687.968
1616212800000;22.36;22.369;22.136;22.199;71660.88
1616216400000;22.201;22.447;22.149;22.368;47894.5
1616220000000;22.366;22.659;22.26;22.63;65570.711
1616223600000;22.629;22.648;22.441;22.51;52517.457
1616227200000;22.517;22.72;22.517;22.699;57008.684
1616230800000;22.7;22.726;22.464;22.5;78151.515
1616234400000;22.52;22.545;22.282;22.436;60233.847
1616238000000;22.435;22.481;22.222;22.408;70112.783
1616241600000;22.419;22.45;22.302;22.318;54040.004
1616245200000;22.321;22.381;22.1;22.146;122990.289
1616248800000;22.154;22.27;22.064;22.228;81996.765
1616252400000;22.233;22.325;22.184;22.194;48591.501
1616256000000;22.201;22.274;22.025;22.052;74262.396
1616259600000;22.053;22.299;22.033;22.238;63184.83
1616263200000;22.223;22.339;22.161;22.203;57557.466
1616266800000;22.198;22.36;22.149;22.193;39232.767
1616270400000;22.193;22.203;21.59;21.74;225958.019
1616274000000;21.729;21.933;21.696;21.84;71091.162
1616277600000;21.817;21.968;21.527;21.722;72927.305
1616281200000;21.725;21.738;20.716;20.915;247213.206
1616284800000;20.911;21.258;20.59;20.921;173980.817
1616288400000;20.901;21.11;20.744;20.982;91581.581
1616292000000;20.979;20.981;20.356;20.512;165522.579
1616295600000;20.511;20.741;20.447;20.722;68098.872
1616299200000;20.729;20.785;20.197;20.387;145380.806
1616302800000;20.396;20.499;20.192;20.456;99087.094
1616306400000;20.46;20.696;20.284;20.504;81102.469
1616310000000;20.501;20.766;20.488;20.704;69835.784
1616313600000;20.692;21.024;20.621;20.964;99600.232
1616317200000;20.971;21.027;20.271;20.489;127011.926
1616320800000;20.484;20.63;20.343;20.52;69328.693
1616324400000;20.52;20.537;20.17;20.362;102143.604
1616328000000;20.378;20.384;19.924;20.282;143804.922
1616331600000;20.326;20.766;20.307;20.669;81191.997
1616335200000;20.663;20.9;20.621;20.819;43422.791
1616338800000;20.85;20.951;20.582;20.636;50578.868
1616342400000;20.632;20.856;20.443;20.66;67128.799
1616346000000;20.65;20.824;20.566;20.816;42656.334
1616349600000;20.82;20.997;20.746;20.911;41952.123
1616353200000;20.911;20.955;20.8;20.824;38826.147
1616356800000;20.824;20.924;20.733;20.907;30695.914
1616360400000;20.917;21.13;20.87;20.99;71287.322
1616364000000;20.982;21;20.602;20.663;48453.577
1616367600000;20.67;20.746;20.471;20.52;44846.497
1616371200000;20.508;20.559;19.942;19.999;85522.661
1616374800000;19.982;20.153;19.82;20.041;112700.552
1616378400000;20.052;20.266;19.947;20.251;63701.678
1616382000000;20.251;20.484;20.251;20.425;45783.683
1616385600000;20.423;20.504;20.358;20.452;37507.868
1616389200000;20.451;20.625;20.311;20.61;41872.979
1616392800000;20.611;20.741;20.559;20.597;45303.428
1616396400000;20.597;20.629;20.378;20.426;56757.043
1616400000000;20.431;20.469;20.08;20.128;86586.729
1616403600000;20.119;20.354;20.045;20.354;48809.437
1616407200000;20.351;20.625;20.273;20.521;64635.523
1616410800000;20.518;20.924;20.513;20.83;105008.481
1616414400000;20.83;20.866;20.531;20.826;125703.761
1616418000000;20.819;21.166;20.453;20.742;214150.214
1616421600000;20.736;20.986;20.582;20.807;133964.477
1616425200000;20.787;20.91;20.606;20.66;70300.515
1616428800000;20.669;20.738;20.223;20.426;105127.787
1616432400000;20.403;20.543;20.226;20.423;104890.197
1616436000000;20.422;20.483;20.026;20.082;118295.737
1616439600000;20.087;20.103;19.68;19.804;197365.296
1616443200000;19.794;19.94;18.888;19.307;252618.714
1616446800000;19.303;19.514;19.093;19.338;151075.96
1616450400000;19.325;19.582;19.01;19.461;127393.29
1616454000000;19.451;19.56;19.169;19.179;55918.073
1616457600000;19.198;19.5;19.007;19.492;121762.996
1616461200000;19.49;19.773;19.356;19.687;99269.565
1616464800000;19.68;19.732;19.437;19.52;52765.824
1616468400000;19.496;19.55;19.25;19.379;59885.526
1616472000000;19.396;19.528;19.104;19.397;93048.55
1616475600000;19.391;19.396;18.824;19.166;115390.951
1616479200000;19.157;19.182;18.679;18.814;142544.154
1616482800000;18.8;19.473;18.8;19.396;69494.434
1616486400000;19.396;19.5;19.165;19.431;93528.011
1616490000000;19.432;19.496;19.309;19.457;51324.688
1616493600000;19.457;19.496;19.203;19.226;51131.347
1616497200000;19.256;19.383;18.885;18.998;76915.702
1616500800000;19;19.443;18.994;19.31;53518.78
1616504400000;19.317;19.6;19.27;19.488;80761.139
1616508000000;19.501;19.606;19.346;19.534;57815.696
1616511600000;19.549;19.631;19.433;19.482;38326.766
1616515200000;19.489;19.82;19.239;19.766;100589.571
1616518800000;19.766;19.863;19.588;19.829;108114.56
1616522400000;19.82;19.838;19.31;19.31;74087.923
1616526000000;19.31;19.472;19.079;19.175;42688.178
1616529600000;19.169;19.175;18.805;18.905;75512.432
1616533200000;18.909;19.007;18.729;18.9;66419.65
1616536800000;18.9;19.052;18.755;18.763;64490.012
1616540400000;18.772;19.014;18.69;18.724;55048.659
1616544000000;18.708;18.922;18.35;18.389;178428.528
1616547600000;18.395;18.637;18.269;18.59;85245.629
1616551200000;18.6;18.701;18.507;18.683;53199.46
1616554800000;18.669;18.895;18.579;18.873;53536.793
1616558400000;18.862;19.116;18.786;18.959;74491.68
1616562000000;18.962;19.171;18.865;18.946;94521.795
1616565600000;18.933;19.195;18.792;19.078;148254.835
1616569200000;19.076;19.279;19.044;19.263;151856.477
1616572800000;19.269;19.334;19.156;19.192;171464.002
1616576400000;19.192;19.504;19.104;19.436;130049.197
1616580000000;19.436;19.534;19.284;19.526;74193.567
1616583600000;19.526;19.535;19.368;19.478;67523.286
1616587200000;19.478;19.78;19.478;19.765;113320.82
1616590800000;19.765;19.79;19.386;19.453;85601.682
1616594400000;19.453;19.529;19.381;19.405;51473.613
1616598000000;19.409;19.53;18.986;19.191;142460.475
1616601600000;19.191;19.242;18.954;18.974;80674.226
1616605200000;18.971;19.174;18.9;18.929;76516.998
1616608800000;18.936;19.05;18.743;18.764;58083.55
1616612400000;18.758;18.901;18.442;18.499;94790.667
1616616000000;18.486;18.507;18.005;18.355;192294.976
1616619600000;18.35;18.44;18.062;18.114;71850.053
1616623200000;18.114;18.167;16.444;17.444;458452.076
1616626800000;17.43;17.765;17.278;17.424;147836.972
1616630400000;17.423;17.737;17.198;17.693;230571.008
1616634000000;17.677;17.764;16.991;17.052;194842.5
1616637600000;17.06;17.664;16.835;17.508;175139.881
1616641200000;17.513;17.7;17.211;17.517;78225.065
1616644800000;17.507;17.78;17.23;17.639;94951.307
1616648400000;17.614;17.892;17.559;17.858;44780.826
1616652000000;17.856;17.961;17.603;17.717;74240.441
1616655600000;17.728;17.803;17.274;17.307;66851.216
1616659200000;17.303;17.581;16.985;17.51;204871.834
1616662800000;17.504;17.8;17.34;17.765;70018.38
1616666400000;17.766;17.961;17.574;17.949;62478.813
1616670000000;17.951;18.019;17.485;17.485;74412.34
1616673600000;17.485;17.672;16.755;16.937;264112.712
1616677200000;16.937;17.326;16.767;17.167;118377.346
1616680800000;17.167;17.349;17;17.102;92962.14
1616684400000;17.081;17.247;16.861;16.966;88241.605
1616688000000;16.976;17.233;16.629;16.99;177523.189
1616691600000;17.001;17.335;16.923;17.324;60247.129
1616695200000;17.327;17.779;17.293;17.399;213701.097
1616698800000;17.403;17.537;17.163;17.327;81365.14
1616702400000;17.327;17.516;17.28;17.35;47997.48
1616706000000;17.335;17.49;17.274;17.387;27052.794
1616709600000;17.381;17.667;17.09;17.167;61951.718
1616713200000;17.189;17.35;16.99;17.1;41989.618
1616716800000;17.095;17.944;17.084;17.89;102236.275
1616720400000;17.889;17.969;17.722;17.831;69845.198
1616724000000;17.832;17.892;17.059;17.11;117722.062
1616727600000;17.117;17.47;17.11;17.358;87004.571
1616731200000;17.358;17.512;17.211;17.413;63732.201
1616734800000;17.413;17.698;17.387;17.681;63751.755
1616738400000;17.682;17.851;17.602;17.728;79240.44
1616742000000;17.727;17.962;17.6;17.935;80410.976
1616745600000;17.939;18.144;17.811;17.952;113945.268
1616749200000;17.945;18.199;17.931;18.005;78329.462
1616752800000;17.993;18.247;17.966;18.063;53158.465
1616756400000;18.061;18.429;17.933;18.408;166124.181
1616760000000;18.424;18.577;18.226;18.516;100739.397
1616763600000;18.511;18.603;18.27;18.55;94531.765
1616767200000;18.55;18.72;18.496;18.594;124414.504
1616770800000;18.603;18.676;18.398;18.478;59135.34
1616774400000;18.478;18.859;18.282;18.801;99138.615
1616778000000;18.8;18.834;18.619;18.778;86787.089
1616781600000;18.783;18.815;18.436;18.46;54241.352
1616785200000;18.461;18.534;18.31;18.461;53780.981
1616788800000;18.463;18.649;18.462;18.586;40176.485
1616792400000;18.584;18.704;18.403;18.704;45858.641
1616796000000;18.693;18.704;18.415;18.484;46504.144
1616799600000;18.473;18.99;18.45;18.94;67734.779
1616803200000;18.929;19.098;18.68;18.707;98226.626
1616806800000;18.695;18.842;18.601;18.626;31732.5
1616810400000;18.623;18.755;18.5;18.627;36745.213
1616814000000;18.634;19.135;18.454;19.009;89590.736
1616817600000;19.016;19.182;18.785;18.993;48837.564
1616821200000;18.986;19.09;18.863;19.068;62910.853
1616824800000;19.07;19.211;18.968;19.083;52322.119
1616828400000;19.084;19.163;18.702;18.842;58740.453
1616832000000;18.837;18.892;18.668;18.755;47806.23
1616835600000;18.761;18.807;18.224;18.598;200106.196
1616839200000;18.611;18.67;18.42;18.427;49736.852
1616842800000;18.431;18.522;18.169;18.237;87031.259
1616846400000;18.247;18.418;18.014;18.372;105228.706
1616850000000;18.37;18.54;18.178;18.507;44443.277
1616853600000;18.501;18.501;18.317;18.464;29391.931
1616857200000;18.457;18.562;18.4;18.474;37554.019
1616860800000;18.467;18.752;18.454;18.678;91244.392
1616864400000;18.678;18.819;18.55;18.654;62670.397
1616868000000;18.638;18.653;18.503;18.61;32347.251
1616871600000;18.611;18.729;18.549;18.627;22161.375
1616875200000;18.628;18.871;18.613;18.789;45941.433
1616878800000;18.781;18.92;18.631;18.863;40687.708
1616882400000;18.865;18.909;18.706;18.895;25262.033
1616886000000;18.895;18.917;18.662;18.704;27806.851
1616889600000;18.706;18.809;18.419;18.807;69725.418
1616893200000;18.8;19.321;18.721;19.181;157357.575
1616896800000;19.177;19.437;19.169;19.391;151042.715
1616900400000;19.412;19.464;19.206;19.235;81932.304
1616904000000;19.24;19.478;19.202;19.297;72721.572
1616907600000;19.289;19.331;19.075;19.09;70998.447
1616911200000;19.09;19.17;18.944;19.042;67476.785
1616914800000;19.042;19.212;18.999;19.199;58236.771
1616918400000;19.188;19.29;19.054;19.224;58833.005
1616922000000;19.237;19.35;19.09;19.107;66993.768
1616925600000;19.13;19.242;18.9;19.042;51484.844
1616929200000;19.028;19.094;18.834;18.933;59502.196
1616932800000;18.925;19.062;18.602;18.859;82283.781
1616936400000;18.85;19.051;18.825;18.971;40299.811
1616940000000;18.96;19.38;18.78;19.38;81996.374
1616943600000;19.379;20;19.321;19.67;324552.558
1616947200000;19.676;19.767;19.41;19.672;99962.555
1616950800000;19.672;19.695;19.393;19.435;85040.289
1616954400000;19.423;19.455;18.798;18.852;85789.187
1616958000000;18.828;19.022;18.5;18.986;90005.141
1616961600000;18.982;19.184;18.8;18.965;82130.923
1616965200000;18.95;19.228;18.95;19.119;31294.848
1616968800000;19.121;19.344;19.096;19.245;34254.574
1616972400000;19.229;19.35;19.2;19.331;36263.26
1616976000000;19.329;19.53;19.169;19.268;67702.999
1616979600000;19.276;19.301;19.06;19.215;50112.191
1616983200000;19.194;19.537;19.173;19.513;45489.348
1616986800000;19.514;19.57;19.415;19.51;37144.43
1616990400000;19.516;19.581;19.292;19.311;57424.852
1616994000000;19.316;19.361;19.161;19.234;43724.429
1616997600000;19.244;19.445;19.224;19.413;32956.949
1617001200000;19.412;19.668;19.328;19.554;69405.294
1617004800000;19.572;19.759;19.523;19.662;85086.218
1617008400000;19.669;19.936;19.557;19.82;190436.583
1617012000000;19.826;19.845;19.675;19.826;116299.937
1617015600000;19.814;19.823;19.635;19.727;76298.826
1617019200000;19.734;20.371;19.731;20.233;295573.782
1617022800000;20.224;20.989;20.2;20.552;531127.053
1617026400000;20.551;20.625;20.193;20.303;247673.687
1617030000000;20.305;20.389;19.69;20.118;192781.814
1617033600000;20.12;20.471;19.934;20.311;117743.097
1617037200000;20.314;20.508;20.27;20.448;84491.17
1617040800000;20.448;20.475;20.102;20.133;145286.184
1617044400000;20.153;20.228;19.912;19.934;99705.034
1617048000000;19.934;19.997;19.722;19.772;114481.599
1617051600000;19.771;19.957;19.736;19.917;63588.56
1617055200000;19.91;20.153;19.875;20.144;38876.592
1617058800000;20.144;20.3;19.907;20.273;59415.091
1617062400000;20.27;20.691;20.099;20.414;155969.62
1617066000000;20.408;20.408;20.005;20.037;65776.241
1617069600000;20.057;20.058;19.83;19.98;53747.684
1617073200000;19.97;20.024;19.83;19.92;47322.993
1617076800000;19.912;20.22;19.8;20.159;62321.307
1617080400000;20.138;20.585;20.082;20.571;125272.236
1617084000000;20.573;20.642;20.258;20.327;131076.323
1617087600000;20.327;20.494;20.187;20.221;117208.914
1617091200000;20.211;20.316;20.063;20.124;101092.48
1617094800000;20.129;20.248;20.033;20.2;117657.932
1617098400000;20.198;20.335;20.033;20.084;121182.509
1617102000000;20.093;20.35;19.983;20.148;125757.819
1617105600000;20.148;20.158;20;20.042;69684.111
1617109200000;20.058;20.082;19.853;19.891;95626.978
1617112800000;19.889;19.918;19.603;19.696;166296.377
1617116400000;19.695;19.782;19.471;19.561;155070.473
1617120000000;19.548;19.829;19.547;19.785;62115.514
1617123600000;19.772;19.944;19.737;19.782;47850.061
1617127200000;19.771;19.946;19.756;19.795;54023.601
1617130800000;19.795;19.966;19.667;19.89;71617.261
1617134400000;19.89;19.895;19.483;19.62;85825.434
1617138000000;19.621;19.725;19.586;19.692;38763.31
1617141600000;19.694;19.89;19.672;19.781;27756.861
1617145200000;19.788;19.98;19.71;19.968;34138.22
1617148800000;19.968;20.088;19.802;19.983;75082.658
1617152400000;19.983;19.997;19.86;19.868;25856.676
1617156000000;19.866;20.041;19.569;19.584;87399.985
1617159600000;19.584;19.584;19.026;19.282;158852.258
1617163200000;19.271;19.376;19.163;19.344;91130.181
1617166800000;19.337;19.567;19.3;19.545;52895.094
1617170400000;19.529;19.692;19.496;19.574;114242.859
1617174000000;19.562;19.614;18.955;19.15;92053.163
1617177600000;19.155;19.193;18.168;18.941;270862.818
1617181200000;18.941;19;18.768;18.91;101340.682
1617184800000;18.899;18.995;18.599;18.875;144087.851
1617188400000;18.871;18.98;18.824;18.887;194506.742
1617192000000;18.894;19.096;18.701;19.008;210745.739
1617195600000;19.005;19.168;18.939;19.02;185677.801
1617199200000;19.023;19.081;18.905;19.017;134592.227
1617202800000;19.016;19.16;18.847;19.012;161810.073
1617206400000;19.025;19.131;18.774;18.941;107886.091
1617210000000;18.93;19.2;18.883;19.076;76423.738
1617213600000;19.091;19.26;18.925;19.213;61918.046
1617217200000;19.215;19.263;18.857;18.948;82519.35
1617220800000;18.946;19.248;18.915;19.226;46797.18
1617224400000;19.223;19.481;19.2;19.323;69321.548
1617228000000;19.313;19.404;19.104;19.112;65180.789
1617231600000;19.111;19.132;18.981;19.081;169105.67
1617235200000;19.081;19.699;19.079;19.286;244329.096
1617238800000;19.276;19.307;19.056;19.119;164079.401
1617242400000;19.112;19.138;18.902;19.014;180313.133
1617246000000;19.028;19.097;18.942;19.081;125426.787
1617249600000;19.086;19.351;19.008;19.171;80221.293
1617253200000;19.157;19.44;19.15;19.227;62627.765
1617256800000;19.232;19.462;19.126;19.326;83073.062
1617260400000;19.307;19.485;19.185;19.481;133550.539
1617264000000;19.481;19.678;19.27;19.552;146859.03
1617267600000;19.533;19.829;19.53;19.704;108970.375
1617271200000;19.704;19.725;19.206;19.295;105387.263
1617274800000;19.299;19.344;19.102;19.285;77666.653
1617278400000;19.285;19.467;19.17;19.343;65799.577
1617282000000;19.327;19.658;19.284;19.51;101322.59
1617285600000;19.51;19.633;19.396;19.617;92197.302
1617289200000;19.617;19.695;19.416;19.488;112897.339
1617292800000;19.476;19.678;19.36;19.457;73799.434
1617296400000;19.464;20.2;19.1;19.265;143720.242
1617300000000;19.249;19.4;19;19.4;120560.094
1617303600000;19.4;19.42;19.202;19.257;102188.475
1617307200000;19.244;19.432;19.202;19.358;56816.558
1617310800000;19.36;19.376;19.185;19.247;55598.675
1617314400000;19.246;19.569;19.197;19.459;78177.852
1617318000000;19.461;19.6;19.383;19.473;41497.854
1617321600000;19.482;19.778;19.134;19.396;164120.419
1617325200000;19.396;19.474;19.238;19.397;82710.198
1617328800000;19.397;19.46;19.234;19.35;92505.696
1617332400000;19.35;19.569;19.311;19.357;57650.383
1617336000000;19.373;19.412;19.297;19.371;56319.755
1617339600000;19.38;19.534;19.366;19.469;37931.373
1617343200000;19.479;19.687;19.4;19.668;76607.871
1617346800000;19.668;19.726;19.514;19.587;71343.422
1617350400000;19.586;19.716;19.569;19.689;57428.252
1617354000000;19.69;19.82;19.535;19.732;74326.658
1617357600000;19.738;19.993;19.634;19.936;120630.018
1617361200000;19.919;19.968;19.722;19.768;83360.6
1617364800000;19.768;19.813;19.55;19.72;68232.003
1617368400000;19.719;19.759;19.37;19.561;67149.53
1617372000000;19.575;19.903;19.559;19.851;95287.17
1617375600000;19.87;20.4;19.829;20.033;248193.065
1617379200000;20.043;20.422;19.91;20.015;219130.192
1617382800000;20.01;20.026;19.901;19.968;75598.487
1617386400000;19.969;20.065;19.745;19.88;80135.86
1617390000000;19.873;19.893;19.57;19.812;77550.106
1617393600000;19.815;19.892;19.77;19.848;40060.51
1617397200000;19.848;20.013;19.776;20.004;57007.215
1617400800000;20.004;20.161;19.91;20.139;58306.569
1617404400000;20.139;20.355;20.108;20.315;87779.632
1617408000000;20.312;20.8;20.213;20.673;224013.769
1617411600000;20.665;20.987;20.587;20.93;242683.237
1617415200000;20.93;21.297;20.794;21.069;263046.363
1617418800000;21.058;21.354;20.864;20.981;140384.697
1617422400000;20.995;21.507;20.924;21.452;221722.008
1617426000000;21.456;21.721;21.201;21.436;152671.749
1617429600000;21.432;21.978;21.296;21.94;373349.511
1617433200000;21.94;21.952;21.603;21.651;157462.842
1617436800000;21.646;21.854;21.105;21.354;452001.999
1617440400000;21.351;21.423;21.024;21.295;167317.532
1617444000000;21.301;21.491;21.194;21.306;101963.379
1617447600000;21.323;21.75;21.3;21.347;168882.276
1617451200000;21.352;21.942;21.311;21.783;197685.297
1617454800000;21.783;22.5;21.674;22.226;406079.775
1617458400000;22.233;22.564;22.041;22.149;733712.423
1617462000000;22.157;22.4;21.569;21.603;634736.496
1617465600000;21.603;22.279;21.058;21.668;595935.495
1617469200000;21.693;21.827;20.814;21.065;430182.82
1617472800000;21.053;21.212;20.333;21.2;367794.14
1617476400000;21.202;21.366;21.01;21.295;117013.841
1617480000000;21.3;21.343;20.752;20.876;149722.319
1617483600000;20.903;21.24;20.086;20.333;208593.172
1617487200000;20.334;20.613;19.843;20.503;248040.174
1617490800000;20.505;20.677;20.016;20.033;147506.647
1617494400000;20.034;20.368;19.535;20.05;274232.181
1617498000000;20.048;20.5;19.831;20.446;203897.023
1617501600000;20.43;20.801;20.4;20.415;147968.096
1617505200000;20.403;20.647;20.202;20.594;121571.986
1617508800000;20.603;20.652;20.219;20.337;87866.579
1617512400000;20.329;20.513;20.011;20.191;116808.514
1617516000000;20.185;20.672;19.946;20.633;168460.704
1617519600000;20.654;20.784;20.44;20.782;156255.886
1617523200000;20.782;20.858;20.557;20.807;134710
1617526800000;20.8;20.912;20.567;20.763;106090.526
1617530400000;20.757;20.804;20.585;20.624;85057.275
1617534000000;20.622;20.656;20.245;20.307;142205.083
1617537600000;20.325;20.73;20.117;20.701;119169.278
1617541200000;20.7;20.85;20.59;20.629;103902.768
1617544800000;20.629;21.052;20.629;21.052;105377.122
1617548400000;21.045;21.093;20.8;20.841;110496.63
1617552000000;20.844;21.278;20.75;21.278;155744.552
1617555600000;21.27;21.933;21.173;21.801;304370.579
1617559200000;21.802;21.916;21.544;21.642;113502.821
1617562800000;21.647;21.802;21.38;21.593;100206.595
1617566400000;21.601;21.692;21.43;21.65;75288.055
1617570000000;21.653;21.816;21.521;21.604;74256.25
1617573600000;21.603;21.699;21.38;21.422;80738
1617577200000;21.423;21.676;21.369;21.525;53123.67
1617580800000;21.53;21.586;21.074;21.074;136038.308
1617584400000;21.087;21.219;20.87;21.219;125855.595
1617588000000;21.218;21.291;20.973;21.132;111217.851
1617591600000;21.131;21.177;20.724;20.843;89340.762
1617595200000;20.826;21.063;20.696;20.708;96160.424
1617598800000;20.707;20.816;20.395;20.425;127054.018
1617602400000;20.412;20.585;20.26;20.3;106917.275
1617606000000;20.302;20.75;20.155;20.712;123604.2
1617609600000;20.715;20.766;20;20.583;118710.446
1617613200000;20.574;20.801;20.48;20.675;66820.284
1617616800000;20.685;20.919;20.606;20.918;98120.264
1617620400000;20.917;21.183;20.827;21.102;121139.101
1617624000000;21.102;21.15;20.83;20.854;118632.791
1617627600000;20.866;21.01;20.632;20.967;96842.945
1617631200000;20.965;21.464;20.952;21.297;199245.36
1617634800000;21.297;21.74;21.065;21.578;189379.052
1617638400000;21.572;22.152;21.555;22.089;295773.701
1617642000000;22.089;22.22;21.466;21.595;255693.602
1617645600000;21.588;21.627;21.278;21.278;104978.808
1617649200000;21.278;21.47;21.278;21.353;179550.024
1617652800000;21.353;21.935;21.353;21.897;186677.781
1617656400000;21.922;21.922;21.424;21.598;125088.966
1617660000000;21.599;21.839;21.477;21.705;125558.055
1617663600000;21.689;21.7;21.019;21.431;128302.009
1617667200000;21.45;21.873;21.353;21.589;197816.727
1617670800000;21.592;21.635;21.045;21.252;152394.781
1617674400000;21.246;21.379;21.061;21.323;112225.207
1617678000000;21.323;21.73;21.317;21.389;89301.657
1617681600000;21.389;21.76;21.325;21.74;84422.858
1617685200000;21.741;22.08;21.685;21.735;179450.148
1617688800000;21.73;22.001;21.56;21.998;130767.921
1617692400000;21.992;22.298;21.659;21.842;291979.605
1617696000000;21.851;22.719;21.6;22.408;440735.551
1617699600000;22.425;22.99;22.404;22.936;275576.172
1617703200000;22.932;23.211;22.25;22.25;376546.529
1617706800000;22.258;22.622;22.129;22.458;215462.791
1617710400000;22.473;22.801;22.346;22.433;192419.027
1617714000000;22.454;23;22.402;22.63;233784.997
1617717600000;22.619;22.64;21.038;21.531;561448.633
1617721200000;21.52;21.616;21.179;21.478;210811.804
1617724800000;21.478;21.935;21.34;21.883;151884.952
1617728400000;21.861;22.14;21.684;22.114;104996.161
1617732000000;22.125;22.143;21.578;22.006;123674.335
1617735600000;21.977;22.104;21.464;21.816;127180.485
1617739200000;21.815;21.84;21.556;21.595;116614.322
1617742800000;21.595;21.697;21.2;21.418;112732.688
1617746400000;21.402;21.64;21.155;21.622;103932.65
1617750000000;21.613;21.788;21.57;21.656;130410.33
1617753600000;21.643;22.1;21.201;21.249;184032.544
1617757200000;21.242;21.459;21.069;21.432;138355.668
1617760800000;21.432;21.637;21.363;21.606;96264.306
1617764400000;21.619;21.81;21.362;21.411;146479.978
1617768000000;21.415;21.535;20.758;21.124;278498.02
1617771600000;21.127;21.417;20.973;21.35;169569.031
1617775200000;21.364;21.762;21.06;21.302;355504.19
1617778800000;21.292;21.438;20.85;20.953;295036.527
1617782400000;20.949;21.018;20.55;20.721;225382.497
1617786000000;20.72;20.815;19.792;20.572;342071.497
1617789600000;20.55;20.611;19.645;19.882;238903.405
1617793200000;19.891;20.164;18.682;19.512;495552.695
1617796800000;19.512;19.921;18.651;19.863;412597.746
1617800400000;19.846;20.285;19.713;20.251;281493.867
1617804000000;20.264;20.8;19.893;19.931;200510.284
1617807600000;19.951;20.236;19.634;19.771;133411.099
1617811200000;19.767;20.3;19.4;20.184;222441.62
1617814800000;20.184;20.208;19.34;19.39;140745.351
1617818400000;19.397;19.817;19.22;19.335;123893.373
1617822000000;19.35;19.602;18.979;19.531;186545.332
1617825600000;19.53;19.752;19.174;19.719;102367.91
1617829200000;19.719;19.873;19.449;19.755;99037.982
1617832800000;19.744;20.008;19.64;19.995;55676.203
1617836400000;19.974;20.06;19.502;19.558;53332.216
1617840000000;19.566;19.95;19.472;19.818;137544.085
1617843600000;19.815;20.203;19.619;20.042;106691.269
1617847200000;20.042;20.071;19.834;19.985;60390.741
1617850800000;19.976;20.117;19.761;20.042;76914.382
1617854400000;20.044;20.317;20.037;20.295;73687.66
1617858000000;20.305;20.469;20.172;20.226;65235.972
1617861600000;20.25;20.518;20.18;20.374;162364.953
1617865200000;20.374;20.443;20.165;20.176;119622.045
1617868800000;20.168;20.28;19.82;19.984;135966.114
1617872400000;19.975;20.059;19.6;19.699;149614.573
1617876000000;19.713;19.987;19.53;19.97;87084.967
1617879600000;19.968;20.027;19.783;19.95;63429.881
1617883200000;19.956;20.341;19.888;20.258;105234.216
1617886800000;20.265;20.316;20.089;20.119;94154.296
1617890400000;20.119;20.452;20.1;20.334;110970.639
1617894000000;20.342;20.5;20.218;20.333;103222.116
1617897600000;20.338;20.542;20.24;20.509;101832.668
1617901200000;20.52;20.555;20.233;20.308;103482.065
1617904800000;20.308;20.33;20.222;20.28;61788.147
1617908400000;20.281;20.369;20.186;20.207;71251.049
1617912000000;20.194;20.274;19.991;20.084;78569.412
1617915600000;20.084;20.489;19.909;20.404;122521.598
1617919200000;20.407;20.633;20.33;20.599;120042.968
1617922800000;20.594;20.639;20.457;20.543;62830.624
1617926400000;20.543;20.987;20.49;20.843;146530.789
1617930000000;20.846;20.96;20.665;20.867;74990.495
1617933600000;20.867;21.224;20.842;20.954;135341.864
1617937200000;20.957;21.006;20.825;20.908;65420.941
1617940800000;20.905;21.328;20.886;21.161;115069.614
1617944400000;21.171;21.327;21.07;21.136;97730.333
1617948000000;21.112;21.253;20.96;20.984;117155.157
1617951600000;20.981;21.082;20.885;21.038;115775.942
1617955200000;21.047;21.13;20.807;20.848;87705.487
1617958800000;20.85;21.187;20.84;21.094;96347.824
1617962400000;21.08;21.223;21.029;21.178;94396.225
1617966000000;21.18;21.34;20.94;20.99;132628.978
1617969600000;20.987;21.101;20.834;20.864;82154.48
1617973200000;20.887;21.12;20.865;20.932;70296.255
1617976800000;20.932;21.066;20.624;20.838;94385.985
1617980400000;20.831;20.904;20.704;20.889;74396.241
1617984000000;20.89;20.937;20.486;20.839;97921.885
1617987600000;20.84;20.98;20.803;20.943;60314.212
1617991200000;20.953;20.96;20.819;20.9;39405.139
1617994800000;20.907;21.5;20.805;21.364;184386.868
1617998400000;21.364;21.539;21.12;21.213;198725.462
1618002000000;21.205;21.358;21.194;21.24;64843.523
1618005600000;21.24;21.306;20.96;21.078;56894.717
1618009200000;21.091;21.402;20.903;21.393;55397.024
1618012800000;21.396;21.987;21.359;21.902;226583.708
1618016400000;21.907;22.378;21.7;22.281;376072.059
1618020000000;22.28;22.341;22.073;22.196;131516.097
1618023600000;22.192;22.216;21.806;21.923;134878.397
1618027200000;21.93;22.159;21.711;21.78;163103.959
1618030800000;21.785;22.02;21.647;21.744;212579.741
1618034400000;21.744;21.986;21.744;21.889;116261.08
1618038000000;21.879;22.118;21.795;22.003;142864.518
1618041600000;21.988;22.585;21.984;22.512;250116.311
1618045200000;22.524;22.666;22.281;22.382;214826.252
1618048800000;22.369;22.508;22.114;22.162;111117.215
1618052400000;22.162;22.318;22.075;22.174;81853.561
1618056000000;22.173;22.239;21.683;21.822;148705.009
1618059600000;21.824;22.242;21.656;21.813;253915.07
1618063200000;21.829;21.868;21.521;21.806;127434.265
1618066800000;21.792;21.871;21.586;21.719;107413.742
1618070400000;21.711;21.898;21.29;21.364;180127.331
1618074000000;21.369;21.427;20.806;21.08;236045.234
1618077600000;21.075;21.279;20.683;21.255;142825.08
1618081200000;21.245;21.261;20.966;20.966;85563.805
1618084800000;20.973;21.095;20.551;20.659;112602.167
1618088400000;20.659;21.12;20.603;21.119;47206.82
1618092000000;21.107;21.143;20.989;21.002;71431.821
1618095600000;20.989;21.216;20.986;21.025;95835.528
1618099200000;21.006;21.097;20.8;20.913;178094.134
1618102800000;20.91;21.45;20.866;21.29;125834.453
1618106400000;21.299;21.4;21.12;21.25;62897.243
1618110000000;21.24;21.383;21.161;21.327;71380.91
1618113600000;21.339;21.346;20.984;21.041;66872.13
1618117200000;21.03;21.131;20.8;20.953;69817.087
1618120800000;20.958;21.037;20.734;20.907;91180.052
1618124400000;20.919;20.971;20.775;20.796;85368.903
1618128000000;20.795;21.681;20.784;21.466;271122.423
1618131600000;21.465;21.576;21.28;21.339;136809.915
1618135200000;21.34;21.58;21.326;21.502;97391.838
1618138800000;21.502;21.732;21.441;21.629;124142.247
1618142400000;21.625;21.792;21.44;21.508;107991.78
1618146000000;21.506;21.527;21.092;21.159;81160.122
1618149600000;21.167;21.495;21.147;21.463;61953.372
1618153200000;21.471;21.839;21.456;21.782;111826.613
1618156800000;21.782;21.92;21.518;21.534;133827.328
1618160400000;21.535;21.907;21.386;21.745;78522.871
1618164000000;21.745;21.958;21.736;21.783;208989.972
1618167600000;21.776;21.818;21.571;21.657;58713.316
1618171200000;21.657;22;21.58;21.933;77329.993
1618174800000;21.954;22.013;21.772;21.918;63155.981
1618178400000;21.917;22.497;21.823;22.383;176447.604
1618182000000;22.395;23.5;22.324;23.365;608861.958
1618185600000;23.372;23.636;22.921;23.479;466406.412
1618189200000;23.466;23.785;23.199;23.296;355668.74
1618192800000;23.287;23.33;22.811;22.995;211844.515
1618196400000;23.011;23.243;22.897;23.029;155784.354
1618200000000;23.046;23.136;22.231;22.613;279682.2
1618203600000;22.637;22.701;22.377;22.497;198441.304
1618207200000;22.512;22.747;22.25;22.682;140057.677
1618210800000;22.696;23.276;22.642;23.1;271810.563
1618214400000;23.093;23.295;22.802;23.249;174670.614
1618218000000;23.253;23.578;22.2;22.453;333831.301
1618221600000;22.466;22.733;21.723;22.094;351560.537
1618225200000;22.083;22.559;22.047;22.495;160184.601
1618228800000;22.496;22.576;22.338;22.445;88449.776
1618232400000;22.447;22.761;22.394;22.541;124955.632
1618236000000;22.556;22.619;21.57;21.692;239667.913
1618239600000;21.682;21.835;21.285;21.493;231200.624
1618243200000;21.481;21.928;21.222;21.892;157956.531
1618246800000;21.877;22.06;21.736;21.994;127237.811
1618250400000;21.983;22.225;21.857;22.155;105301.237
1618254000000;22.141;22.322;22.041;22.249;65115.97
1618257600000;22.263;22.332;21.989;22.282;115507.72
1618261200000;22.266;22.277;21.911;21.959;75270.614
1618264800000;21.959;22.226;21.776;22.188;68245.223
1618268400000;22.185;22.32;22.001;22.012;62858.992
1618272000000;22.002;22.495;21.973;22.405;123927.568
1618275600000;22.388;22.573;22.157;22.219;87965.89
1618279200000;22.219;23;22.162;22.539;180650.58
1618282800000;22.533;22.54;22.203;22.367;87911.351
1618286400000;22.373;22.375;22.055;22.227;71658.885
1618290000000;22.223;22.236;21.954;21.999;74467.623
1618293600000;21.999;22.126;21.6;21.766;168084.606
1618297200000;21.77;21.86;21.524;21.805;130368.547
1618300800000;21.826;22.109;21.333;22.053;280353.142
1618304400000;22.056;22.184;21.944;22.097;151761.015
1618308000000;22.097;22.35;22.012;22.268;115267.251
1618311600000;22.271;22.43;22.003;22.371;149023.973
1618315200000;22.378;22.468;22.181;22.322;111026.163
1618318800000;22.3;22.968;22.192;22.928;194252.711
1618322400000;22.942;23.341;22.7;22.987;331820.152
1618326000000;22.98;23.152;22.72;22.831;197040.076
1618329600000;22.842;24.3;22.815;24.019;811304.508
1618333200000;24.019;24.253;23.732;24.225;278001.129
1618336800000;24.219;24.3;23.6;23.759;244404.385
1618340400000;23.759;24.651;23.759;24.587;407406.432
1618344000000;24.632;24.899;24.414;24.5;304510.035
1618347600000;24.496;24.643;23.814;23.814;206868.817
1618351200000;23.813;24.129;23.658;23.75;257426.376
1618354800000;23.777;24.165;23.759;23.829;101286.251
1618358400000;23.822;24.188;23.663;23.909;179629.073
1618362000000;23.9;24.966;23.876;24.915;350972.134
1618365600000;24.914;24.978;24.392;24.815;208558.513
1618369200000;24.804;25.632;24.61;25.16;408654.684
1618372800000;25.175;25.306;24.418;24.79;336597.047
1618376400000;24.772;24.902;24.085;24.17;370986.894
1618380000000;24.185;24.571;24.088;24.449;223369.894
1618383600000;24.44;24.442;23.943;23.95;241708.598
1618387200000;23.97;24.408;23.333;23.674;339055.104
1618390800000;23.685;24.352;23.49;24.279;609336.641
1618394400000;24.284;24.539;23.789;24.374;466498.753
1618398000000;24.383;24.85;24.194;24.832;267433.323
1618401600000;24.832;24.953;23.95;24.02;380087.834
1618405200000;24.019;24.477;23.539;23.589;335860.715
1618408800000;23.59;23.725;22.777;23.503;552611.695
1618412400000;23.509;24.143;23.32;24.056;283563.224
1618416000000;24.041;24.345;23.679;23.903;241554.341
1618419600000;23.902;23.999;23.3;23.404;227215.911
1618423200000;23.387;24.089;23.101;23.992;264183.196
1618426800000;24.002;24.1;23.563;24.095;189265.147
1618430400000;24.095;24.806;23.964;24.786;204621.531
1618434000000;24.786;26.666;24.749;25.939;911133.712
1618437600000;25.945;26.235;25.528;26.199;336449.009
1618441200000;26.199;27.138;25.946;27.068;444802.531
1618444800000;27.078;28.53;27.075;27.105;950690.592
1618448400000;27.098;27.981;26.79;27.494;499807.29
1618452000000;27.493;28;26.893;27.108;320412.539
1618455600000;27.118;27.992;26.935;27.573;333924.418
1618459200000;27.571;27.703;26.858;27;277539.303
1618462800000;27;27.158;26.265;26.699;422468.807
1618466400000;26.676;27.137;26.544;27.136;193890.937
1618470000000;27.137;27.352;26.741;26.806;203058.287
1618473600000;26.787;27.354;26.73;26.839;216069.234
1618477200000;26.842;27.608;26.819;27.5;254471.665
1618480800000;27.505;27.55;26.051;26.091;338812.707
1618484400000;26.1;26.565;25.947;26.085;313594.252
1618488000000;26.084;26.654;25.939;26.45;213728.885
1618491600000;26.434;26.918;26.303;26.733;151336.192
1618495200000;26.731;27.1;26.284;26.626;217682.653
1618498800000;26.626;27.415;26.404;27.198;214709.624
1618502400000;27.182;27.408;26.603;26.629;205749.352
1618506000000;26.63;26.747;26.135;26.3;191969.26
1618509600000;26.292;26.629;26.229;26.535;86566.691
1618513200000;26.535;26.76;26.281;26.75;101299.61
1618516800000;26.75;27.088;26.298;27.077;145111.332
1618520400000;27.077;27.826;26.831;27.21;348920.588
1618524000000;27.191;27.639;27.098;27.14;177063.399
1618527600000;27.117;28;27;27.786;217079.103
1618531200000;27.799;28.172;26.941;26.95;253027.889
1618534800000;26.949;27.151;26.026;26.643;340631.037
1618538400000;26.656;26.751;26.23;26.512;165313.746
1618542000000;26.517;27.276;26.24;27.228;148158.348
1618545600000;27.224;27.448;25.829;25.967;237690.571
1618549200000;25.967;26.8;25.583;26.093;261370.898
1618552800000;26.089;26.156;25.52;26.11;213887.534
1618556400000;26.109;26.36;25.622;26.224;139284.194
1618560000000;26.248;26.323;25.81;25.849;163352.892
1618563600000;25.865;25.868;25;25.521;288267.798
1618567200000;25.533;25.889;25.254;25.275;147901.697
1618570800000;25.283;25.55;24.645;25.371;306526.87
1618574400000;25.373;25.485;24.971;25.12;124162.879
1618578000000;25.12;25.215;24.028;24.475;329580.201
1618581600000;24.466;25.472;24.419;25.465;242180.889
1618585200000;25.44;25.917;25.118;25.883;194991.9
1618588800000;25.9;25.946;25.011;25.719;435791.545
1618592400000;25.728;26.393;25.713;26.334;212129.384
1618596000000;26.329;26.368;25.999;26.362;195044.52
1618599600000;26.358;26.393;25.681;25.894;103867.475
1618603200000;25.902;26.298;25.871;26.298;82822.036
1618606800000;26.298;26.316;25.916;25.96;71436.196
1618610400000;25.963;26.036;25.631;25.735;105115.556
1618614000000;25.735;25.96;25.3;25.46;243968.076
1618617600000;25.46;26.441;25.457;26.377;208923.41
1618621200000;26.358;26.614;26.211;26.268;150030.815
1618624800000;26.274;26.523;26.207;26.341;77754.348
1618628400000;26.336;26.419;25.992;26.362;140757.39
1618632000000;26.362;26.733;26.267;26.494;145823.81
1618635600000;26.494;26.494;26.149;26.266;96752.353
1618639200000;26.272;26.671;26.142;26.244;141556.243
1618642800000;26.264;26.511;25.998;26.394;109136.711
1618646400000;26.394;26.618;26.352;26.5;117419.92
1618650000000;26.5;26.96;26.049;26.258;254650.054
1618653600000;26.278;27.505;26.153;26.895;501079.607
1618657200000;26.909;26.913;25.059;26.007;307724.908
1618660800000;26.046;26.179;25.671;26.093;149045.918
1618664400000;26.094;26.169;25.411;25.889;172548.332
1618668000000;25.877;26.173;25.652;25.9;131379.786
1618671600000;25.916;25.916;24.879;24.947;217635.711
1618675200000;24.942;25.343;24.393;25.179;222623.179
1618678800000;25.18;25.368;24.4;24.48;161401.997
1618682400000;24.481;25.188;24.438;24.911;222715.205
1618686000000;24.914;25.096;24.853;25.078;72023.997
1618689600000;25.08;25.368;24.907;25.268;64639.301
1618693200000;25.267;25.5;25.183;25.316;61843.789
1618696800000;25.317;25.343;24.862;24.952;52776.379
1618700400000;24.971;25.067;24.282;24.342;103047.111
1618704000000;24.32;24.849;23.329;23.4;420434.586
1618707600000;23.4;23.684;22.732;23.546;383786.791
1618711200000;23.546;23.681;22.6;22.9;269987.719
1618714800000;22.901;23.226;17.1;19.995;1039336.667
1618718400000;20.028;21.177;19.329;19.526;809639.215
1618722000000;19.526;20.958;19.441;20.876;571865.147
1618725600000;20.891;21.723;20.4;21.12;412825.331
1618729200000;21.104;21.768;21.065;21.542;288363.018
1618732800000;21.565;21.79;20.553;20.786;303459.194
1618736400000;20.768;20.952;19.76;20.529;428160.357
1618740000000;20.524;20.89;20.307;20.431;226375.792
1618743600000;20.444;20.82;19.117;19.387;337215.91
1618747200000;19.399;20.668;19.381;20.606;314028.426
1618750800000;20.604;20.821;20.356;20.762;168559.365
1618754400000;20.758;21.5;20.674;20.92;226266.612
1618758000000;20.92;21.379;20.602;21.293;208325.153
1618761600000;21.259;21.85;21.152;21.24;260954.916
1618765200000;21.272;21.5;20.916;21.023;113052.304
1618768800000;21.016;21.217;20.818;20.909;81504.334
1618772400000;20.924;21.32;20.851;21.207;149520.101
1618776000000;21.213;21.57;21.084;21.429;99097.416
1618779600000;21.417;21.51;20.767;21.21;153238.881
1618783200000;21.214;21.781;21.085;21.726;155456.945
1618786800000;21.708;21.82;21.231;21.403;139100.004
1618790400000;21.388;21.935;20.776;21.919;255788.36
1618794000000;21.919;22.184;21.531;21.802;229563.668
1618797600000;21.798;21.915;21.588;21.789;94800.542
1618801200000;21.8;22.248;21.774;22.132;113592.439
1618804800000;22.134;22.141;21.616;21.62;151347.086
1618808400000;21.633;21.657;21.171;21.36;247321.227
1618812000000;21.358;21.739;21.347;21.662;142250.234
1618815600000;21.661;21.86;21.469;21.747;134074.789
1618819200000;21.762;21.962;20.721;20.754;389523.877
1618822800000;20.741;21.41;20.504;20.949;289798.517
1618826400000;20.957;21;20.167;20.495;315374.234
1618830000000;20.513;21.129;20.497;21.039;148528.322
1618833600000;21.037;21.2;20.62;20.668;139999.735
1618837200000;20.66;20.856;20.297;20.769;161320.661
1618840800000;20.778;20.782;19.305;19.611;388898.408
1618844400000;19.614;19.785;18.962;19.03;368942.125
1618848000000;19.03;20.24;18.841;19.092;347283.745
1618851600000;19.074;19.682;18.93;19.619;137460.668
1618855200000;19.628;19.953;19.516;19.676;166925.748
1618858800000;19.676;19.97;19.445;19.846;133513.427
1618862400000;19.846;20.185;19.707;20.029;90847.073
1618866000000;20.039;20.212;19.668;19.978;102028.197
1618869600000;19.994;20.023;19.624;19.737;84983.406
1618873200000;19.757;19.874;19;19.199;163644.574
1618876800000;19.196;19.338;17.644;18.1;563803.782
1618880400000;18.099;18.637;17.997;18.176;244548.095
1618891200000;18.204;19.084;18.181;19.023;114178.621
1618894800000;19.037;19.076;18.501;18.646;122740.854
1618898400000;18.657;18.944;17.655;17.903;206931.026
1618902000000;17.908;18.211;17.655;18.103;274357.27
1618905600000;18.101;18.646;17.984;18.597;282030.931
1618909200000;18.592;19.138;18.487;18.91;181105.008
1618912800000;18.922;19.94;18.839;19.721;332197.013
1618916400000;19.718;19.924;19.321;19.76;147179.992
1618920000000;19.767;19.99;19.631;19.721;142731.247
1618923600000;19.723;20.199;19.677;19.881;189636.585
1618927200000;19.896;20.078;18.83;18.877;301309.163
1618930800000;18.887;19.477;18.69;19.45;331277.233
1618934400000;19.439;20.136;19.288;20.086;315068.029
1618938000000;20.094;21.024;19.867;20.928;501446.469
1618941600000;20.92;21.3;20.729;20.928;334616.107
1618945200000;20.924;21.5;20.9;21.446;217466.833
1618948800000;21.44;21.529;20.678;20.881;210133.255
1618952400000;20.89;21.237;20.7;21.097;181904.408
1618956000000;21.095;21.39;20.774;21.347;179232.188
1618959600000;21.36;21.6;21.091;21.254;156808.367
1618963200000;21.251;21.5;20.459;20.505;216687.574
1618966800000;20.526;21.115;20.447;21.059;140183.227
1618970400000;21.058;21.065;20.77;20.838;93819.092
1618974000000;20.833;20.963;20.463;20.475;116547.185
1618977600000;20.484;20.933;20.438;20.674;157497.143
1618981200000;20.659;20.7;20.291;20.653;170914.869
1618984800000;20.65;21.205;20.343;21.048;136307.855
1618988400000;21.057;21.057;20.542;20.632;124773.307
1618992000000;20.634;20.811;20.23;20.497;190949.547
1618995600000;20.497;20.717;20.331;20.56;106538.799
1618999200000;20.567;20.567;19.625;19.732;301431.931
1619002800000;19.732;20.064;19.39;19.704;281279.201
1619006400000;19.706;20.596;19.347;20.56;356169.009
1619010000000;20.576;20.576;20.181;20.463;237575.056
1619013600000;20.468;20.771;19.986;20.71;121819.119
1619017200000;20.71;21.228;20.679;21.101;202406.97
1619020800000;21.107;21.327;20.772;20.947;140123.1
1619024400000;20.946;21.35;20.719;20.934;120081.312
1619028000000;20.936;21.091;20.636;20.703;73688.282
1619031600000;20.709;21.08;20.651;20.902;82803.083
1619035200000;20.9;20.904;20.309;20.385;142645.612
1619038800000;20.398;20.531;20.136;20.181;100922.679
1619042400000;20.173;20.435;19.402;19.623;199886.637
1619046000000;19.627;19.835;19.39;19.551;143898.877
1619049600000;19.57;19.817;19.112;19.789;204768.807
1619053200000;19.785;20.298;19.762;19.763;141400.76
1619056800000;19.766;19.786;19.023;19.624;293443.402
1619060400000;19.639;19.818;19.166;19.354;154563.398
1619064000000;19.364;19.925;19.323;19.86;160179.756
1619067600000;19.854;20.242;19.675;20.23;130589.282
1619071200000;20.232;20.483;19.942;20.065;136974.315
1619074800000;20.068;20.142;19.769;19.971;95942.492
1619078400000;19.964;20.067;19.3;19.691;204731.179
1619082000000;19.677;19.984;19.41;19.969;117835.911
1619085600000;19.971;20.09;19.731;19.735;85734.937
1619089200000;19.743;21.04;19.716;20.887;375603.652
1619092800000;20.887;21.052;20.612;20.649;198048.891
1619096400000;20.633;21.113;20.603;20.627;180179.431
1619100000000;20.633;21.125;20.61;21.044;131284.459
1619103600000;21.047;21.56;20.65;21.393;224206.732
1619107200000;21.397;21.47;21.087;21.211;123897.106
1619110800000;21.205;21.399;20.241;20.324;235753.765
1619114400000;20.309;20.842;20.123;20.607;212958.507
1619118000000;20.601;20.623;19.6;20.298;251152.707
1619121600000;20.274;20.287;19.32;19.503;302754.157
1619125200000;19.52;19.546;18.5;19.177;447391.969
1619128800000;19.168;19.5;18.8;18.989;220927.033
1619132400000;18.993;19.472;18.725;18.725;165794.282
1619136000000;18.725;19.28;18.486;18.963;304973.011
1619139600000;18.987;19.164;17.708;18.166;505779.597
1619143200000;18.133;18.273;16.56;17.639;742383.238
1619146800000;17.634;18.149;17.439;17.97;321491.484
1619150400000;17.986;18.11;17.079;17.255;337369.932
1619154000000;17.259;17.762;16.758;17.509;336112.253
1619157600000;17.509;17.589;16.965;17.493;328329.265
1619161200000;17.487;17.857;17.174;17.336;335868.284
1619164800000;17.326;18.306;17.085;18.243;401014.625
1619168400000;18.244;18.264;17.411;17.799;294764.352
1619172000000;17.787;18.432;17.713;18.248;233678.054
1619175600000;18.243;18.949;17.981;18.763;319142.602
1619179200000;18.774;18.931;18.36;18.485;171792.145
1619182800000;18.486;18.699;17.748;18.235;242819.689
1619186400000;18.246;19;18.176;18.939;144173.56
1619190000000;18.931;18.962;18.37;18.863;146910.68
1619193600000;18.867;19.108;18.701;18.946;159392.249
1619197200000;18.949;19.572;18.609;19.269;240104.147
1619200800000;19.251;19.84;19.152;19.763;175433.505
1619204400000;19.757;20.134;19.608;19.737;174058.555
1619208000000;19.773;20.527;19.684;19.765;315460.518
1619211600000;19.748;20.356;19.742;19.866;139907.509
1619215200000;19.85;20.093;19.727;19.855;92131.009
1619218800000;19.881;20.55;19.852;20.515;118630.98
1619222400000;20.497;20.549;19.168;19.335;259812.55
1619226000000;19.322;19.704;19.288;19.501;107277.397
1619229600000;19.518;19.733;19.042;19.602;107324.835
1619233200000;19.602;19.951;19.592;19.718;75318.826
1619236800000;19.704;20.08;19.477;19.987;74504.168
1619240400000;19.995;20.124;19.747;19.982;75797.809
1619244000000;19.971;20.034;19.541;19.622;94771.661
1619247600000;19.605;19.621;19.184;19.442;94560.261
1619251200000;19.437;19.801;19.331;19.466;70640.97
1619254800000;19.47;19.763;19.2;19.492;110321.108
1619258400000;19.489;19.503;18.614;18.627;186384.197
1619262000000;18.625;18.987;18.417;18.721;181764.509
1619265600000;18.698;19.235;18.575;19.165;130803.068
1619269200000;19.157;19.295;18.948;19.093;68957.592
1619272800000;19.089;19.11;18.707;18.808;93020.447
1619276400000;18.802;19.318;18.372;19.192;158371.209
1619280000000;19.205;19.228;18.642;18.656;122249.572
1619283600000;18.656;18.966;18.457;18.939;84144.537
1619287200000;18.946;19.276;18.853;19.032;90216.419
1619290800000;19.043;19.237;19.001;19.112;44740.245
1619294400000;19.113;19.294;18.822;19.235;75932.978
1619298000000;19.218;19.242;18.84;19.034;61810.927
1619301600000;19.033;19.196;18.655;18.715;91747.917
1619305200000;18.72;18.974;18.304;18.458;84948.265
1619308800000;18.462;18.789;18.251;18.418;139516.871
1619312400000;18.44;18.768;18.426;18.54;57510.232
1619316000000;18.537;18.809;18.535;18.678;66663.652
1619319600000;18.666;18.777;18.155;18.214;98016.222
1619323200000;18.196;18.331;18.195;18.315;1668.715
1619337600000;18.33;18.86;18.33;18.728;35989.478
1619341200000;18.716;19.068;18.431;19.068;162472.188
1619344800000;19.065;19.09;18.656;18.753;92230.706
1619348400000;18.747;19.006;18.69;19.006;79318.066
1619352000000;19.006;19.216;18.919;19.209;94203.492
1619355600000;19.21;19.254;18.953;19.037;96043.608
1619359200000;19.049;19.486;18.974;19.419;86550.346
1619362800000;19.426;19.643;19.343;19.571;115484.502
1619366400000;19.56;19.661;19.219;19.591;84917.306
1619370000000;19.598;19.651;19.14;19.214;66389.319
1619373600000;19.214;19.246;18.681;18.892;137782.249
1619377200000;18.895;19.121;18.527;18.626;134511.369
1619380800000;18.624;19.8;18.139;18.229;297382.531
1619384400000;18.231;18.427;17.601;18.035;186564.012
1619388000000;18.035;18.52;18.016;18.336;156751.805
1619391600000;18.337;18.71;18.232;18.687;93110.132
1619395200000;18.69;19.661;18.477;19.584;236002.936
1619398800000;19.596;20.164;19.38;19.97;242830.245
1619402400000;19.96;20.388;19.817;20.23;160710.977
1619406000000;20.224;20.311;19.965;20.075;74610.494
1619409600000;20.08;20.297;19.996;20.179;106982.703
1619413200000;20.201;20.669;20.031;20.6;125376.825
1619416800000;20.607;20.762;20.501;20.577;116051.327
1619420400000;20.592;20.636;20.2;20.466;106588.915
1619424000000;20.451;20.541;20.205;20.291;87948.686
1619427600000;20.289;20.766;20.25;20.76;125586.833
1619431200000;20.75;20.975;20.646;20.857;148481.727
1619434800000;20.868;21.113;20.75;20.806;135794.513
1619438400000;20.813;21.09;20.636;20.636;112334.276
1619442000000;20.637;20.842;20.402;20.643;92843.753
1619445600000;20.643;20.779;20.365;20.488;104732.629
1619449200000;20.496;20.806;20.303;20.778;87877.588
1619452800000;20.777;22;20.373;21.947;434114.94
1619456400000;21.941;22.627;21.682;22.184;522885.875
1619460000000;22.19;22.765;22;22.482;228326.218
1619463600000;22.482;22.66;22.09;22.599;214289.717
1619467200000;22.599;23.5;21.736;21.753;343459.809
1619470800000;21.769;22.105;21.215;22.064;241422.493
1619474400000;22.062;22.246;21.613;22.167;140541.96
1619478000000;22.178;22.378;21.919;22.058;121057.958
1619481600000;22.079;22.449;21.806;22.398;150954.022
1619485200000;22.404;22.541;22.167;22.361;82286.422
1619488800000;22.361;22.597;22.361;22.417;63453.527
1619492400000;22.392;22.408;21.766;22.159;94589.584
1619496000000;22.155;22.43;21.882;22.358;64918.729
1619499600000;22.368;22.861;22.327;22.713;127027.154
1619503200000;22.717;22.94;22.555;22.861;150303.409
1619506800000;22.845;22.96;22.24;22.424;124839.868
1619510400000;22.426;22.66;22.19;22.221;101572.221
1619514000000;22.237;22.586;21.244;22.36;193877.335
1619517600000;22.371;23.043;22.326;22.97;147219.782
1619521200000;22.981;23.129;22.644;23.046;134980.362
1619524800000;23.061;23.115;22.504;22.565;102969.907
1619528400000;22.565;23;22.169;22.22;159772.838
1619532000000;22.229;22.503;21.731;22.39;196755.487
1619535600000;22.405;22.783;22.16;22.634;113632.715
1619539200000;22.635;22.889;22.298;22.361;153845.414
1619542800000;22.354;22.539;22.155;22.426;101835.217
1619546400000;22.426;22.689;22.131;22.52;80173.769
1619550000000;22.502;22.559;22;22.344;98084.92
1619553600000;22.366;22.742;22.349;22.623;114837.512
1619557200000;22.646;23.147;22.392;23.141;182990.055
1619560800000;23.141;23.438;22.825;22.874;243650.25
1619564400000;22.868;23.4;22.747;23.038;91191.234
1619568000000;23.058;23.605;23.046;23.427;205393.204
1619571600000;23.418;23.831;23.403;23.557;149001.12
1619575200000;23.559;23.89;23.443;23.47;105654.493
1619578800000;23.443;24;23.179;23.931;205113.589
1619582400000;23.93;24.163;23.302;23.393;160397.216
1619586000000;23.405;23.545;22.661;22.864;207834.598
1619589600000;22.879;22.906;21.785;22.255;342760.77
1619593200000;22.275;22.822;22.115;22.545;109632.933
1619596800000;22.545;22.744;22.184;22.187;96224.06
1619600400000;22.182;22.39;21.838;22.189;125070.128
1619604000000;22.189;22.449;22.018;22.38;82926.052
1619607600000;22.375;22.852;22.371;22.616;132012.551
1619611200000;22.612;23.194;22.504;23.094;162142.619
1619614800000;23.103;23.164;22.42;22.716;156846.947
1619618400000;22.715;22.814;22.306;22.38;87725.163
1619622000000;22.392;22.49;21.932;22.42;115497.381
1619625600000;22.403;22.841;22.171;22.841;117390.272
1619629200000;22.838;23.1;22.655;23.069;124255.737
1619632800000;23.069;23.542;23;23.521;156232.384
1619636400000;23.534;23.625;23.282;23.552;157112.715
1619640000000;23.561;23.605;22.5;22.835;345767.528
1619643600000;22.833;23.269;22.64;23.195;85798.387
1619647200000;23.217;23.296;22.667;22.764;57930.385
1619650800000;22.762;22.983;22.712;22.927;60009.248
1619654400000;22.929;22.969;22.166;22.436;169610.082
1619658000000;22.433;22.671;22.158;22.526;124423.881
1619661600000;22.519;22.703;22.285;22.48;106079.632
1619665200000;22.482;22.528;22.059;22.259;68857.622
1619668800000;22.254;22.361;21.988;22.066;126630.24
1619672400000;22.05;22.415;21.991;22.362;99332.872
1619676000000;22.355;22.75;22.285;22.723;95360.839
1619679600000;22.704;22.776;22.418;22.6;96531.511
1619683200000;22.6;22.6;22.225;22.408;112854.943
1619686800000;22.399;22.9;22.217;22.84;129901.537
1619690400000;22.84;23.021;22.68;22.76;115861.382
1619694000000;22.765;22.851;22.5;22.664;118832.124
1619697600000;22.663;22.755;22.546;22.608;67456.389
1619701200000;22.6;22.642;22.086;22.103;154872.813
1619704800000;22.108;22.354;22.04;22.119;137747.321
1619708400000;22.122;22.381;21.92;22.068;142057.9
1619712000000;22.068;22.202;21.505;21.505;159324.302
1619715600000;21.518;21.769;21.301;21.361;189379.26
1619719200000;21.366;21.777;21.129;21.727;199613.123
1619722800000;21.717;21.879;21.6;21.709;84570.986
1619726400000;21.722;21.849;21.301;21.626;124774.486
1619730000000;21.613;21.946;21.546;21.929;40656.964
1619733600000;21.924;22.084;21.83;21.983;53414.58
1619737200000;21.99;22.297;21.969;22.222;53263.005
1619740800000;22.222;22.284;21.684;21.864;117475.207
1619744400000;21.871;22.697;21.759;22.361;148241.181
1619748000000;22.366;22.606;22.186;22.565;78805.425
1619751600000;22.564;23.345;22.548;22.988;314214.604
1619755200000;22.986;23.284;22.921;23.028;134992.881
1619758800000;23.022;23.428;22.84;22.902;190063.361
1619762400000;22.917;23.145;22.814;23.094;107785.569
1619766000000;23.084;23.335;22.71;23.089;130591.268
1619769600000;23.089;23.4;22.884;23.338;121321.762
1619773200000;23.337;23.468;23.029;23.126;92666.625
1619776800000;23.131;23.245;22.682;22.719;94098.129
1619780400000;22.736;22.842;22.651;22.745;72043.675
1619784000000;22.774;22.993;22.74;22.93;75284.945
1619787600000;22.933;22.99;22.65;22.698;119726.181
1619791200000;22.7;23.119;22.533;22.761;143327.372
1619794800000;22.76;22.974;22.733;22.798;96184.772
1619798400000;22.794;23.155;22.74;22.906;133757.293
1619802000000;22.909;23.175;22.844;22.906;54805.128
1619805600000;22.897;22.933;22.766;22.839;53085.985
1619809200000;22.839;23.046;22.752;22.77;57962.834
1619812800000;22.761;22.806;22.401;22.471;154578.77
1619816400000;22.464;22.755;22.42;22.531;125602.258
1619820000000;22.531;22.584;22.467;22.527;59674.877
1619823600000;22.516;22.759;22.508;22.704;82196.145
1619827200000;22.7;22.79;22.579;22.687;109248.266
1619830800000;22.671;22.93;22.432;22.895;72996.501
1619834400000;22.883;23.153;22.85;22.999;86232.106
1619838000000;23;23.13;22.921;23.081;44960.678
1619841600000;23.081;23.244;22.967;23.179;91441.389
1619845200000;23.169;23.375;23.083;23.151;109960.911
1619848800000;23.151;23.156;22.936;23;84304.311
1619852400000;23.001;23.108;22.777;22.933;64119.041
1619856000000;22.911;23.2;22.768;22.778;85552.648
1619859600000;22.777;22.905;22.537;22.702;115863.063
1619863200000;22.715;22.913;22.572;22.806;54839.183
1619866800000;22.807;23.03;22.8;23.004;66284.733
1619870400000;23.002;23.045;22.784;22.926;77665.299
1619874000000;22.926;23.886;22.926;23.694;447760.388
1619877600000;23.694;24.049;23.69;24.026;273237.318
1619881200000;24.03;24.176;23.5;23.881;312539.366
1619884800000;23.881;24.447;23.822;24.438;242903.948
1619888400000;24.421;24.488;24.189;24.209;138546.102
1619892000000;24.21;24.243;23.926;24.076;112925.938
1619895600000;24.088;24.2;23.801;24.17;136507.058
1619899200000;24.164;24.268;23.925;23.977;116518.027
1619902800000;23.973;24;23.538;23.619;101802.068
1619906400000;23.61;24.35;23.55;23.95;104107.332
1619910000000;23.949;23.95;23.71;23.801;69827.636
1619913600000;23.798;23.936;23.337;23.512;119926.047
1619917200000;23.515;23.642;23.239;23.542;94966.497
1619920800000;23.535;23.682;23.459;23.516;49353.907
1619924400000;23.508;23.528;22.592;22.742;181389.859
1619928000000;22.742;22.997;22.155;22.942;205000.262
1619931600000;22.927;23.175;22.62;23.057;98614.911
1619935200000;23.03;23.2;22.832;22.899;76383.465
1619938800000;22.884;22.994;22.471;22.738;103385.811
1619942400000;22.732;22.844;22.329;22.589;94006.143
1619946000000;22.577;22.747;22.305;22.747;86298.129
1619949600000;22.733;22.863;22.68;22.792;156832.94
1619953200000;22.792;23.005;22.726;22.976;70138.546
1619956800000;22.976;23.002;22.8;22.88;72965.739
1619960400000;22.891;23.027;22.698;22.869;79059.826
1619964000000;22.862;23.209;22.857;23.03;100859.673
1619967600000;23.022;23.138;22.901;23.042;71299.237
1619971200000;23.042;23.1;22.797;22.968;101279.508
1619974800000;22.968;23.344;22.962;23.16;94255.153
1619978400000;23.17;23.405;23.154;23.398;73881.357
1619982000000;23.394;23.441;23.243;23.299;70373.821
1619985600000;23.299;23.685;23.235;23.452;86595.064
1619989200000;23.457;23.476;23.088;23.11;67334.724
1619992800000;23.112;23.214;22.797;22.832;81692.227
1619996400000;22.837;23.15;22.823;23.088;40619.218
1620000000000;23.086;23.446;22.863;23.32;69859.593
1620003600000;23.334;23.559;23.16;23.5;77274.281
1620007200000;23.5;23.572;23.277;23.368;50916.27
1620010800000;23.369;23.44;23.255;23.307;50143.365
1620014400000;23.306;23.449;23.21;23.39;44463.062
1620018000000;23.389;23.4;23.137;23.254;87309.669
1620021600000;23.252;23.379;23.202;23.238;42874.916
1620025200000;23.253;23.477;23.142;23.402;80592.734
1620028800000;23.399;23.549;23.383;23.427;69741.672
1620032400000;23.431;23.445;23.16;23.22;68780.52
1620036000000;23.229;23.373;23.084;23.365;65216.101
1620039600000;23.367;23.787;23.362;23.643;194554.126
1620043200000;23.643;23.707;23.32;23.513;89871.019
1620046800000;23.518;23.654;22.835;23.053;151669.27
1620050400000;23.062;23.322;23.001;23.113;116774.031
1620054000000;23.112;23.272;22.99;23.103;69482.381
1620057600000;23.107;23.386;22.792;23.334;98799.511
1620061200000;23.336;23.53;23.203;23.25;140743.811
1620064800000;23.242;23.299;23.151;23.187;92213.146
1620068400000;23.187;23.247;22.631;22.767;253964.539
1620072000000;22.767;22.907;22.414;22.713;191184.651
1620075600000;22.719;22.921;22.549;22.876;81744.769
1620079200000;22.876;23.085;22.782;23.079;55542.834
1620082800000;23.077;23.129;22.805;22.938;58846.124
1620086400000;22.967;23.053;21.608;21.907;297511.831
1620090000000;21.885;22.206;21.666;21.972;173437.053
1620093600000;21.968;22.162;21.49;21.698;128506.641
1620097200000;21.697;21.951;21.513;21.828;95908.105
1620100800000;21.817;22.283;21.564;22.182;118497.23
1620104400000;22.166;22.221;22.102;22.18;84173.255
1620108000000;22.17;22.427;22.168;22.274;73031.572
1620111600000;22.29;22.457;22.07;22.109;72996.827
1620115200000;22.082;22.326;21.812;22.302;138624.795
1620118800000;22.302;22.933;22.293;22.811;194498.497
1620122400000;22.812;23.125;22.8;23.073;140776.333
1620126000000;23.07;23.162;22.704;22.882;105558.773
1620129600000;22.875;22.907;22.539;22.82;117871.72
1620133200000;22.819;23.4;22.652;22.877;236757.277
1620136800000;22.865;22.909;22.123;22.2;215895.208
1620140400000;22.2;22.393;21.335;21.461;331519.909
1620144000000;21.468;21.812;20.809;21.505;343806.798
1620147600000;21.509;21.769;21.371;21.675;221552.308
1620151200000;21.684;22.112;21.598;21.973;130759.162
1620154800000;21.969;21.999;21.72;21.947;81341.905
1620158400000;21.954;22.154;21.714;22.006;89820.14
1620162000000;22.024;22.207;21.747;21.806;84947.366
1620165600000;21.812;21.889;21.369;21.723;65432.152
1620169200000;21.712;21.734;20.85;20.963;106182.725
1620172800000;20.975;21.879;20.582;21.64;289521.238
1620176400000;21.638;22.096;21.519;22.073;142017.198
1620180000000;22.063;22.239;21.835;21.974;102005.723
1620183600000;21.974;22.235;21.745;22.105;100831.655
1620187200000;22.125;22.229;21.721;21.777;155576.829
1620190800000;21.779;22.121;21.677;22.049;112459.759
1620194400000;22.056;22.209;21.745;22.028;175643.793
1620198000000;22.03;22.894;21.908;22.78;253166.062
1620201600000;22.774;22.99;22.543;22.928;168262.927
1620205200000;22.923;22.969;22.765;22.834;95575.964
1620208800000;22.838;23.37;22.745;23.281;226259.108
1620212400000;23.272;23.462;22.961;23.096;157249.297
1620216000000;23.097;23.402;23.038;23.197;149351.912
1620219600000;23.196;23.4;23.1;23.352;113580.52
1620223200000;23.338;23.4;22.75;23.029;215539.519
1620226800000;23.041;23.18;22.862;22.94;98906.49
1620230400000;22.944;23.669;22.834;23.518;222281.448
1620234000000;23.518;23.58;23.297;23.311;99245.181
1620237600000;23.315;23.614;23.111;23.256;124063.249
1620241200000;23.256;23.486;23.174;23.485;102311.411
1620244800000;23.487;23.57;23.045;23.174;127720.507
1620248400000;23.164;23.775;23.095;23.472;128935.492
1620252000000;23.472;24.2;23.432;24.09;269146.725
1620255600000;24.09;24.881;23.986;24.877;363215.762
1620259200000;24.876;25.227;24.091;25.218;681486.021
1620262800000;25.201;25.8;24.761;25.788;550474.666
1620266400000;25.776;26.125;25.492;25.98;320811.617
1620270000000;25.989;26.3;25.36;26.146;332063.998
1620273600000;26.141;26.205;25.229;25.394;263949.89
1620277200000;25.4;25.518;24.972;25.402;208234.017
1620280800000;25.42;25.42;24.413;24.619;259528.414
1620284400000;24.627;25.474;24.35;25.439;204100.014
1620288000000;25.426;25.542;24.877;25.057;211137.64
1620291600000;25.043;25.999;24.884;25.909;291446.481
1620295200000;25.905;26.139;25.542;25.62;174196.556
1620298800000;25.616;26.595;25.506;26.2;349391.459
1620302400000;26.173;27.095;26.139;27.051;441384.55
1620306000000;27.057;27.119;25.968;26.072;330760.153
1620309600000;26.078;26.337;25.802;25.965;216512.437
1620313200000;25.96;26.468;25.593;25.854;286288.234
1620316800000;25.853;26.27;25.534;25.633;307454.855
1620320400000;25.635;26.211;25.6;25.72;176654.626
1620324000000;25.749;26.021;24.5;25.015;402310.43
1620327600000;25.017;25.482;24.512;25.381;245192.311
1620331200000;25.381;25.62;24.881;25.086;267484.727
1620334800000;25.086;25.473;25.069;25.372;101923.075
1620338400000;25.385;26.043;25.214;25.98;180521.459
1620342000000;25.98;25.993;25.36;25.542;77533.995
1620345600000;25.533;26.643;25.333;26.14;260087.607
1620349200000;26.148;26.496;25.656;26.428;169909.09
1620352800000;26.425;27.12;26.012;26.418;416486.608
1620356400000;26.417;27.234;26.143;26.204;460338.922
1620360000000;26.2;26.212;25.017;25.537;319344.814
1620363600000;25.547;25.69;25.241;25.241;130517.681
1620367200000;25.252;25.717;24.999;25.64;140845.965
1620370800000;25.64;25.671;25.149;25.251;192625.645
1620374400000;25.238;25.49;25.015;25.427;136089.237
1620378000000;25.424;25.671;25.274;25.548;84708.425
1620381600000;25.548;25.759;25.434;25.464;135039.044
1620385200000;25.488;26.025;25.464;25.925;129319.951
1620388800000;25.94;26.133;25.349;25.647;188191.704
1620392400000;25.647;25.838;25.399;25.749;157699.31
1620396000000;25.751;26.956;25.5;26.806;524384.683
1620399600000;26.813;31.6;26.806;30.177;2996565.144
1620403200000;30.206;32.324;29.231;29.598;2122178.784
1620406800000;29.585;30.469;29.12;29.59;645290.602
1620410400000;29.59;29.649;28.711;29.369;437541.423
1620414000000;29.377;29.543;28.447;29.335;379009.431
1620417600000;29.332;30.4;29.257;30.156;493838.535
1620421200000;30.16;30.79;28.575;28.784;464861.932
1620424800000;28.781;28.981;26.348;27.559;820243.996
1620428400000;27.524;28.761;27.498;28.641;348000.159
1620432000000;28.651;28.853;27.512;27.709;490000.949
1620435600000;27.733;28.425;27.602;28.141;255714.83
1620439200000;28.141;28.455;27.628;28.393;283053.759
1620442800000;28.372;29.3;27.877;29.154;324028.624
1620446400000;29.122;29.146;28.077;28.128;252251.024
1620450000000;28.129;29.683;28;29.546;307333.545
1620453600000;29.545;31.452;29.031;30.528;881414.91
1620457200000;30.525;31.244;29.668;30.094;579257.026
1620460800000;30.103;30.215;29.329;29.651;362763.413
1620464400000;29.669;29.716;28.917;29.457;251411.935
1620468000000;29.463;29.571;28.882;29.228;149809.794
1620471600000;29.211;29.5;28.789;28.851;147697.152
1620475200000;28.86;29.009;28.25;28.675;204822.473
1620478800000;28.679;28.767;28.1;28.21;237847.571
1620482400000;28.236;28.553;27.82;28.395;245327.672
1620486000000;28.387;28.446;27;27.318;294350.19
1620489600000;27.322;28.056;27.119;27.181;236539.993
1620493200000;27.153;27.783;26.871;27.743;199157.061
1620496800000;27.732;28.5;27.696;28.222;166301.998
1620500400000;28.186;28.353;27.878;28.162;98843.569
1620504000000;28.16;28.553;28.01;28.351;135698.314
1620507600000;28.349;28.645;27.9;28.636;156916.127
1620511200000;28.634;28.99;27.974;28.778;329821.794
1620514800000;28.769;29.544;28.531;29.524;242066.839
1620518400000;29.493;29.99;28.693;28.812;493462.396
1620522000000;28.805;28.844;28.087;28.159;178449.732
1620525600000;28.16;28.39;27.913;28.199;99011.25
1620529200000;28.188;28.361;27.114;27.284;197968.864
1620532800000;27.282;28.489;26.1;27.449;410186.101
1620536400000;27.462;27.724;27.2;27.42;177960.573
1620540000000;27.416;27.824;27.386;27.742;85133.082
1620543600000;27.744;27.906;27.424;27.553;122746.817
1620547200000;27.541;28.125;27.31;27.947;129740.667
1620550800000;27.945;28.329;27.304;27.759;195417.525
1620554400000;27.753;28.011;27.161;27.958;138877.288
1620558000000;27.951;28.32;27.606;27.651;180972.142
1620561600000;27.632;27.712;26.822;26.918;268923.36
1620565200000;26.913;27.977;26.882;27.836;153859.15
1620568800000;27.837;28.589;27.733;28.365;214205.917
1620572400000;28.371;28.789;28.189;28.215;191960.551
1620576000000;28.233;28.384;27.766;28.107;175931.921
1620579600000;28.093;28.16;27.693;27.778;120427.484
1620583200000;27.795;27.954;27.421;27.442;127606.783
1620586800000;27.425;27.572;26.939;27.223;325573.385
1620590400000;27.246;27.429;27.061;27.421;89022.338
1620594000000;27.421;27.976;27.355;27.503;148214.156
1620597600000;27.524;28.99;27.501;28.311;257957.101
1620601200000;28.313;28.879;28.255;28.712;167449.919
1620604800000;28.712;28.717;28.1;28.194;134131.777
1620608400000;28.164;28.99;28.016;28.922;177920.45
1620612000000;28.945;29.32;28.731;28.901;260501.522
1620615600000;28.908;29.9;28.888;29.627;189830.824
1620619200000;29.651;29.747;29.112;29.57;143149.965
1620622800000;29.547;29.602;28.834;28.973;113579.701
1620626400000;28.973;29.16;28.9;29.036;121496.771
1620630000000;29.036;29.094;28.68;28.711;121910.51
1620633600000;28.712;29.221;28.54;29.124;161982.516
1620637200000;29.119;29.242;27.968;28.332;199639.074
1620640800000;28.33;28.505;27.579;27.856;176385.697
1620644400000;27.842;28.056;27.193;27.789;222218.749
1620648000000;27.779;27.937;27.452;27.608;149504.775
1620651600000;27.591;27.937;27.34;27.615;107826.18
1620655200000;27.624;27.64;27;27;218295.553
1620658800000;27.002;27.797;26.855;27.688;191866.417
1620662400000;27.693;27.712;27.191;27.21;156797.663
1620666000000;27.212;27.337;26.703;26.777;149643.627
1620669600000;26.792;27.051;26.526;26.72;189232.208
1620673200000;26.696;27.351;24.986;25.543;424260.933
1620676800000;25.544;25.927;23.6;25.695;757526.756
1620680400000;25.699;26.5;25.444;26.383;292598.28
1620684000000;26.378;26.547;25.175;25.831;452429.85
1620687600000;25.832;25.834;25.031;25.357;191775.368
1620691200000;25.357;25.817;24.793;24.861;210341.169
1620694800000;24.86;25.176;24.428;25.016;204478.547
1620698400000;25.01;25.2;24.1;24.184;182359.579
1620702000000;24.186;24.664;23.834;24.498;263047.656
1620705600000;24.499;25.175;24.349;25.083;118919.426
1620709200000;25.086;25.2;24.518;24.901;92014.325
1620712800000;24.878;25.446;24.709;25.299;75409.705
1620716400000;25.302;25.651;25.162;25.561;88298.755
1620720000000;25.561;25.759;24.99;25.466;178343.019
1620723600000;25.447;26.057;25.438;26.056;101346.189
1620727200000;26.036;26.3;25.818;25.98;107128.659
1620730800000;25.967;26.092;25.139;25.231;260208.437
1620734400000;25.233;25.326;24.398;25.078;373960.918
1620738000000;25.053;25.252;24.53;25.16;332991.063
1620741600000;25.169;25.752;24.978;25.619;149983.297
1620745200000;25.619;26.164;25.425;26.074;136691.451
1620748800000;26.1;26.155;25.546;25.775;147943.837
1620752400000;25.787;26.37;25.72;26.293;84196.527
1620756000000;26.292;26.68;26.161;26.463;121831.613
1620759600000;26.485;26.628;26.268;26.319;60243.011
1620763200000;26.323;26.532;26.13;26.481;61380.697
1620766800000;26.476;26.571;25.895;26.019;57425.311
1620770400000;26.018;26.932;25.941;26.726;133912.717
1620774000000;26.724;27.065;26.659;26.902;106031.789
1620777600000;26.898;27.266;26.591;27.223;140313.967
1620781200000;27.224;27.363;26.982;27.032;86870.372
1620784800000;27.021;27.55;26.979;27.415;78387.179
1620788400000;27.418;27.778;27.268;27.768;96783.899
1620792000000;27.768;27.775;27.095;27.181;74003.022
1620795600000;27.171;27.479;27.127;27.226;52055.574
1620799200000;27.256;27.291;26.807;26.947;81794.674
1620802800000;26.944;27.12;26.754;26.828;69280.214
1620806400000;26.85;26.932;26.46;26.788;105123.78
1620810000000;26.786;27.12;26.671;26.915;79281.142
1620813600000;26.931;26.932;26.087;26.197;238395.808
1620817200000;26.194;26.661;26.171;26.445;87103.189
1620820800000;26.445;26.54;25.936;26.214;131252.275
1620824400000;26.19;26.449;25.459;26.449;193424.865
1620828000000;26.45;27.695;26.14;27.494;358376.337
1620831600000;27.486;27.494;25.595;26.285;450262.164
1620835200000;26.291;26.743;25.174;25.91;320826.558
1620838800000;25.942;26.141;25.516;25.631;140567.315
1620842400000;25.612;26.075;24.5;25.362;309124.948
1620846000000;25.345;26;24.74;25.831;312288.675
1620849600000;25.823;26.21;25.655;26.1;171412.289
1620853200000;26.089;26.571;26.022;26.506;130047.366
1620856800000;26.49;26.568;23.567;25.375;530785.027
1620860400000;25.37;25.419;22.3;23.012;448546.122
1620864000000;22.947;24.178;21.814;23.915;620487.292
1620867600000;23.9;24.71;23.697;24.256;191844.315
1620871200000;24.271;24.461;23.833;24.187;112158.373
1620874800000;24.194;24.389;23.626;24.378;132382.157
1620878400000;24.38;24.8;23.994;24.237;160013.076
1620882000000;24.218;24.923;24.203;24.758;101137.923
1620885600000;24.773;25.305;24.56;25.223;124377.075
1620889200000;25.225;25.266;24.616;24.655;127244.438
1620892800000;24.659;24.843;23.874;23.931;148695.991
1620896400000;23.936;24.23;22.401;22.927;385408.973
1620900000000;22.928;23.813;22.635;22.852;297189.435
1620903600000;22.835;23.879;22.378;23.556;280974.236
1620907200000;23.569;24.039;23.443;23.979;142356.835
1620910800000;23.978;24.271;23.605;24.248;135870.922
1620914400000;24.248;24.39;23.865;23.904;80747.939
1620918000000;23.922;23.948;23.326;23.623;109793.397
1620921600000;23.564;24.674;22.8;22.862;304061.334
1620925200000;22.89;23.21;21.883;22.909;482676.739
1620928800000;22.896;23.046;22.382;22.402;235587.207
1620932400000;22.418;23.234;22.418;22.728;117287.428
1620936000000;22.751;23.418;22.654;23.352;120103.356
1620939600000;23.35;23.528;23.088;23.201;64177.364
1620943200000;23.195;23.751;22.853;22.866;91823.556
1620946800000;22.873;23.56;22.445;23.494;84502.077
1620950400000;23.494;24.119;23.402;23.928;119346.195
1620954000000;23.941;24.151;23.695;23.801;89756.988
1620957600000;23.825;23.868;23.416;23.599;107290.992
1620961200000;23.626;23.949;23.599;23.781;69888.183
1620964800000;23.777;24.294;23.613;24.294;143776.159
1620968400000;24.294;24.569;24.1;24.382;109517.66
1620972000000;24.373;24.421;23.551;23.778;83609.067
1620975600000;23.766;24.3;23.749;24.233;57688.934
1620979200000;24.253;24.757;24.144;24.71;103477.833
1620982800000;24.696;24.8;24.262;24.61;87216.567
1620986400000;24.607;24.762;24.449;24.658;59318.883
1620990000000;24.688;24.87;24.534;24.701;114919.773
1620993600000;24.69;24.764;24.243;24.33;105032.103
1620997200000;24.335;24.59;24.081;24.431;93203.936
1621000800000;24.419;25.095;24.167;24.919;124539.516
1621004400000;24.92;25.436;24.675;25.222;181066.438
1621008000000;25.196;25.318;24.759;25.062;86907.498
1621011600000;25.078;25.409;24.882;24.963;96343.862
1621015200000;24.963;25.119;24.679;24.895;84804.347
1621018800000;24.872;25.088;24.395;24.625;103042.165
1621022400000;24.614;24.951;24.147;24.218;173867.433
1621026000000;24.245;24.977;24.206;24.869;70045.312
1621029600000;24.869;25.792;24.848;25.403;204894.236
1621033200000;25.403;25.872;25.181;25.856;104244.287
1621036800000;25.86;27.015;25.438;26.701;573844.269
1621040400000;26.701;27.353;26.604;26.762;309170.12
1621044000000;26.759;27.693;26.751;27.4;235339.993
1621047600000;27.404;27.449;26.845;27.297;148988.17
1621051200000;27.297;27.924;26.594;26.789;320615.038
1621054800000;26.787;27.278;26.412;27.166;168909.682
1621058400000;27.153;27.213;26.221;26.543;159676.518
1621062000000;26.53;27.116;25.801;26.636;314842.175
1621065600000;26.649;28.458;26.427;27.769;645163.309
1621069200000;27.762;28.179;27.001;27.401;323577.291
1621072800000;27.401;27.431;25.986;26.765;361961.751
1621076400000;26.781;27.849;26.767;27.807;362589.951
1621080000000;27.794;28.284;27.31;28.183;385687.126
1621083600000;28.175;28.749;27.581;27.904;511830.847
1621087200000;27.891;28.467;27.59;27.679;303611.458
1621090800000;27.676;27.833;27.1;27.386;189459.409
1621094400000;27.407;27.473;26.095;26.705;360378.472
1621098000000;26.711;26.799;25.761;25.817;289234.985
1621101600000;25.779;26.221;25.536;25.768;234499.361
1621105200000;25.804;25.885;24.733;25.47;362630.889
1621108800000;25.468;25.772;25.3;25.584;219945.922
1621112400000;25.586;25.863;25.56;25.792;108900.209
1621116000000;25.779;25.894;24.97;25.484;209330.7
1621119600000;25.5;25.564;24.337;24.495;264567.214
1621123200000;24.495;25.285;24.308;24.874;219110.078
1621126800000;24.878;25.639;24.878;25.453;124563.409
1621130400000;25.471;25.626;25.211;25.605;80223.67
1621134000000;25.612;25.685;25.124;25.473;83023.483
1621137600000;25.447;25.796;25.366;25.423;80842.85
1621141200000;25.42;25.767;25.404;25.693;57485.075
1621144800000;25.691;26.25;25.684;26.139;134030.683
1621148400000;26.148;26.375;25.898;26.158;132884.156
1621152000000;26.155;26.464;25.882;25.985;121410.939
1621155600000;25.98;26.559;25.963;26.506;120046.093
1621159200000;26.508;26.75;26.255;26.394;109702.058
1621162800000;26.398;26.476;25.943;26.01;92174.625
1621166400000;26.033;26.168;25.503;25.534;103118.369
1621170000000;25.551;25.933;25.533;25.851;102436.235
1621173600000;25.834;26.092;25.264;25.445;129141.392
1621177200000;25.456;25.463;24.823;24.907;166026.517
1621180800000;24.911;25.457;24.372;24.627;256328.492
1621184400000;24.622;24.788;23.88;24.472;207186.961
1621188000000;24.483;24.759;23.588;23.693;232192.342
1621191600000;23.692;24.022;22.631;23.398;354314.968
1621195200000;23.382;23.879;22.727;22.85;303111.688
1621198800000;22.839;23.891;22.739;23.675;167229.954
1621202400000;23.71;25.027;23.607;24.003;154691.743
1621206000000;24.001;24.368;23.793;24.264;120998.508
1621209600000;24.249;24.264;23.389;23.501;178266.455
1621213200000;23.512;23.55;22.655;22.835;193837.361
1621216800000;22.833;23.163;22.581;22.684;127299.816
1621220400000;22.655;22.861;21.98;22.093;303626.674
1621224000000;22.093;22.774;21.33;22.72;350539.931
1621227600000;22.706;22.769;21.651;22.616;212767.431
1621231200000;22.629;23.244;22.419;22.834;276426.494
1621234800000;22.818;23.666;22.799;23.413;128819.981
1621238400000;23.42;23.862;23.302;23.49;132724.967
1621242000000;23.478;23.621;23.189;23.46;81433.642
1621245600000;23.449;23.791;22.989;23.153;134499.137
1621249200000;23.153;23.781;23.052;23.678;99488.95
1621252800000;23.67;23.834;23.277;23.561;76071.187
1621256400000;23.576;23.782;23.061;23.287;84414.727
1621260000000;23.311;23.378;22.501;22.837;139093.504
1621263600000;22.829;22.991;21.88;22;162592.999
1621267200000;21.991;22.492;21.598;21.671;188054.656
1621270800000;21.669;21.941;21.077;21.533;254764.312
1621274400000;21.533;22.302;21.272;22.197;161838.323
1621278000000;22.193;22.296;21.898;22.153;140329.012
1621281600000;22.166;22.342;21.879;22.296;135645.016
1621285200000;22.296;22.305;21.407;21.527;90089.806
1621288800000;21.546;21.788;20.721;20.94;407274.278
1621292400000;20.926;21.3;20.648;21.091;143645.437
1621296000000;21.072;21.707;20.8;21.576;225958.042
1621299600000;21.577;22.001;21.424;21.949;155463.673
1621303200000;21.955;21.992;21.618;21.963;85359.608
1621306800000;21.939;22.37;21.899;22.032;163600.899
1621310400000;22.01;22.952;21.996;22.892;163530.508
1621314000000;22.914;23.065;22.678;22.885;150128.465
1621317600000;22.875;23.084;22.47;22.525;133115.82
1621321200000;22.528;22.74;22.327;22.525;121566.347
1621324800000;22.525;22.762;22.233;22.429;217492.415
1621328400000;22.434;22.537;22.231;22.339;86973.979
1621332000000;22.334;22.812;22.125;22.639;131477.796
1621335600000;22.637;23.307;22.588;22.924;133994.871
1621339200000;22.92;22.989;21.716;22.026;210601.624
1621342800000;22.025;22.158;21.377;21.756;255354.169
1621346400000;21.76;21.769;21.073;21.55;211321.135
1621350000000;21.549;22.004;21.215;21.902;134373.606
1621353600000;21.896;22.986;21.519;22.986;264047.198
1621357200000;22.946;23.109;22.66;22.784;138086.255
1621360800000;22.779;22.779;21.955;22.23;169330.272
1621364400000;22.22;22.656;22;22.61;97649.588
1621368000000;22.582;23.416;22.42;23.316;183910.377
1621371600000;23.315;23.41;22.768;23.057;83573.094
1621375200000;23.074;23.26;22.659;22.747;78223.153
1621378800000;22.719;22.977;22.292;22.84;147723.054
1621382400000;22.84;23.5;22.595;22.748;205853.056
1621386000000;22.764;22.764;21.18;21.512;277083.04
1621389600000;21.491;21.88;20.98;21.015;217892.882
1621393200000;21.005;21.363;20.703;20.834;209688.266
1621396800000;20.838;21.057;18.6;19.277;616300.594
1621400400000;19.281;20.002;19.233;19.47;520747.457
1621404000000;19.463;19.898;19.3;19.473;194104.978
1621407600000;19.483;20;18.68;19.784;317346.891
1621411200000;19.775;19.97;19.42;19.752;171861.995
1621414800000;19.764;19.961;19.382;19.722;109126.872
1621418400000;19.725;19.795;18.1;19;411513.28
1621422000000;18.991;19.113;15.8;17.182;877911.33
1621425600000;17.17;17.632;9.697;12.54;1040363.615
1621429200000;12.206;17.8;9.551;15.059;1464603.521
1621432800000;15.103;15.111;13.3;14.629;967825.02
1621436400000;14.632;15.497;13.75;15.254;1259339.6
1621440000000;15.255;16.479;14.341;16.287;837630.93
1621443600000;16.238;16.838;15.697;15.841;630051.678
1621447200000;15.841;16.413;14.762;15.029;428846.12
1621450800000;15.033;15.446;14.78;15.088;364558.17
1621454400000;15.098;15.6;14.571;14.604;246284.193
1621458000000;14.604;14.89;13.77;14.713;375500.97
1621461600000;14.729;17.2;14.536;15.295;333322.1
1621465200000;15.284;15.43;13.75;13.757;259709.535
1621468800000;13.795;14.555;12.133;12.721;796232.682
1621472400000;12.69;13.685;12.421;13.332;441254.458
1621476000000;13.313;14.188;13.243;14.066;529263.195
1621479600000;14.066;15.1;13.846;14.385;375137.024
1621483200000;14.37;14.795;14.265;14.495;344486.414
1621486800000;14.495;14.914;14.421;14.914;226850.419
1621490400000;14.902;15.626;14.869;15.152;381255.952
1621494000000;15.151;16.082;15.143;15.499;242725.989
1621497600000;15.499;15.733;15.103;15.454;191035.618
1621501200000;15.457;15.64;14.734;15.124;353113.887
1621504800000;15.14;15.473;14.946;15.443;263399.945
1621508400000;15.444;15.851;15.151;15.688;309965.179
1621512000000;15.669;16.856;15.421;16.676;389090.223
1621515600000;16.679;17.363;16.393;16.732;449827.449
1621519200000;16.731;17.053;16.461;16.765;267148.839
1621522800000;16.769;17.293;16.437;16.716;229385.722
1621526400000;16.726;16.779;15.148;15.837;638570.885
1621530000000;15.854;16.327;15.515;16.277;234834.088
1621533600000;16.279;16.356;15.974;16.191;180184.934
1621537200000;16.203;16.902;15.862;16.32;175934.739
1621540800000;16.32;16.534;15.982;16.082;113638.732
1621544400000;16.092;17;15.939;16.893;118681.33
1621548000000;16.891;16.891;15.985;16.695;176009.962
1621551600000;16.687;17.018;16.35;16.916;204558.956
1621555200000;16.918;17.4;16.884;17.344;241370.813
1621558800000;17.351;17.561;17.15;17.41;124182.616
1621562400000;17.41;17.471;16.953;17.022;103360.536
1621566000000;17.011;17.129;16.73;16.874;192930.647
1621569600000;16.861;17.035;16.245;16.445;166418.929
1621573200000;16.455;16.599;16.088;16.308;180060.318
1621576800000;16.309;16.581;15.9;16.502;145682.826
1621580400000;16.51;16.514;15.809;15.998;193115.955
1621584000000;15.999;16.065;15.527;15.924;237736.54
1621587600000;15.923;16.451;15.91;16.359;103991.779
1621591200000;16.346;16.429;15.984;15.995;123844.261
1621594800000;16.021;16.158;15.632;15.88;145071.069
1621598400000;15.877;16.121;15.579;15.601;155687.725
1621602000000;15.609;16.183;15.535;16.153;127640.069
1621605600000;16.143;16.221;13.558;14.298;952829.203
1621609200000;14.298;14.539;13.45;13.596;521943.224
1621612800000;13.599;14.137;13.1;13.492;661558.627
1621616400000;13.493;13.668;13.161;13.657;393975.471
1621620000000;13.666;13.666;12.806;13.424;350415.965
1621623600000;13.435;13.441;12.522;12.808;386830.919
1621627200000;12.834;13.352;12.232;12.273;429475.459
1621630800000;12.272;13.334;11.353;13.245;527614.024
1621634400000;13.222;13.4;12.888;13.08;341803.143
1621638000000;13.094;13.607;12.9;13.572;291537.078
1621641600000;13.57;13.65;12.927;13.504;292735.7
1621645200000;13.502;13.659;13.193;13.35;119030.222
1621648800000;13.332;13.699;12.902;12.925;161806.553
1621652400000;12.937;13.111;12.56;12.766;274087.184
1621656000000;12.783;12.902;12.02;12.266;346022.842
1621659600000;12.271;12.391;11.542;12.1;511943.067
1621663200000;12.099;12.179;11.354;12.002;682767.819
1621666800000;12.007;12.12;11.517;12.036;220885.721
1621670400000;12.041;12.613;12.012;12.469;239698.211
1621674000000;12.473;12.712;12.191;12.543;151428.682
1621677600000;12.548;13.249;12.316;13.165;228214.277
1621681200000;13.169;13.22;12.836;13.022;148658.249
1621684800000;13.022;13.279;12.789;12.975;163787.319
1621688400000;12.956;13.61;12.956;13.17;213667.516
1621692000000;13.17;13.325;12.634;12.827;194352.885
1621695600000;12.837;13.074;12.5;12.972;171805.209
1621699200000;12.969;13.061;12.683;12.753;144699.744
1621702800000;12.748;12.894;12.301;12.42;197756.944
1621706400000;12.42;12.567;12.251;12.516;91011.836
1621710000000;12.505;12.638;12.094;12.105;133371.512
1621713600000;12.124;12.787;12.124;12.695;100283.044
1621717200000;12.69;12.833;12.556;12.793;73729.98
1621720800000;12.798;12.868;12.339;12.454;99708.487
1621724400000;12.46;12.751;12.192;12.237;102822.571
1621728000000;12.246;13.029;11.928;13.005;311379.374
1621731600000;12.999;13.097;12.82;12.84;102493.538
1621735200000;12.848;12.921;12.509;12.658;71782.398
1621738800000;12.664;13.047;12.592;12.937;61016.488
1621742400000;12.936;12.937;12.642;12.744;92010.484
1621746000000;12.744;12.744;12.332;12.507;84642.454
1621749600000;12.502;12.654;11.933;12.143;162182.899
1621753200000;12.158;12.262;11.513;11.739;273458.913
1621756800000;11.749;11.763;10.359;10.767;768847.737
1621760400000;10.773;11.016;10.316;10.419;584557.882
1621764000000;10.415;11.1;10.374;10.699;224486.882
1621767600000;10.703;10.963;10.002;10.484;371756.901
1621771200000;10.475;10.56;9.25;9.475;816758.128
1621774800000;9.458;9.648;9.01;9.585;641519.69
1621778400000;9.594;9.968;9.211;9.708;421329.959
1621782000000;9.709;9.719;9.193;9.319;337482.647
1621785600000;9.32;9.676;8.51;9.364;851554.879
1621789200000;9.375;10.305;9.278;9.787;549129.478
1621792800000;9.799;10.08;9.398;9.954;306538.499
1621796400000;9.954;10.465;9.802;10.353;315958.236
1621800000000;10.353;11.999;10.339;11.539;541344.454
1621803600000;11.539;12.3;11.337;11.942;445630.683
1621807200000;11.952;12.143;11.369;11.523;415923.949
1621810800000;11.519;11.874;11.439;11.648;261225.763
1621814400000;11.649;12.221;11.489;11.595;339707.452
1621818000000;11.59;11.822;11.056;11.558;276518.503
1621821600000;11.566;11.788;11.367;11.692;206677.147
1621825200000;11.692;12.061;11.619;11.663;186742.871
1621828800000;11.68;11.941;11.402;11.706;276310.674
1621832400000;11.706;12.218;11.706;11.972;195833.483
1621836000000;11.961;11.995;11.708;11.899;358006
1621839600000;11.903;13;11.897;12.836;452419.603
1621843200000;12.836;13.088;12.522;12.739;292808.233
1621846800000;12.724;12.724;12.231;12.239;232779.252
1621850400000;12.244;12.793;12.23;12.779;302304.958
1621854000000;12.775;13.461;12.72;13.082;373989.198
1621857600000;13.091;13.88;12.988;13.292;419317.609
1621861200000;13.3;14;12.862;12.965;367784.197
1621864800000;12.982;13.998;12.97;13.532;305346.926
1621868400000;13.538;14;13.373;13.591;273508.282
1621872000000;13.592;13.754;12.85;13.116;328171.091
1621875600000;13.137;13.394;12.96;13.342;141155.942
1621879200000;13.336;13.773;13.2;13.737;137457.065
1621882800000;13.735;14.307;13.418;14.181;245817.882
1621886400000;14.199;14.389;13.902;14.306;186772.717
1621890000000;14.306;14.396;13.654;13.769;154597.197
1621893600000;13.78;14.149;13.586;13.865;133593.484
1621897200000;13.873;14.58;13.768;14.541;126055.42
1621900800000;14.541;14.95;14.298;14.54;348334.164
1621904400000;14.532;14.868;14.075;14.351;221003.814
1621908000000;14.338;14.607;13.955;14.141;233523.138
1621911600000;14.135;14.142;13.619;14.105;328007.225
1621915200000;14.101;14.29;13.618;14.127;248898.438
1621918800000;14.134;14.209;13.605;14.005;182817.369
1621922400000;14.014;14.492;13.836;14.349;137398.916
1621926000000;14.345;14.5;14.084;14.448;140977.834
1621929600000;14.446;14.5;13.787;13.958;193917.098
1621933200000;13.956;14.095;13.663;13.75;147722.924
1621936800000;13.738;13.738;12.542;12.951;419808.103
1621940400000;12.951;13.168;12.434;12.509;313076.264
1621944000000;12.518;12.896;12.357;12.726;325690.453
1621947600000;12.727;13.356;12.713;13.102;263876.474
1621951200000;13.095;13.587;13.08;13.317;176677.619
1621954800000;13.322;13.8;13.08;13.587;275536.637
1621958400000;13.597;13.601;13.176;13.32;163087.002
1621962000000;13.318;13.466;13.028;13.367;111147.178
1621965600000;13.369;13.733;13.255;13.691;138234.848
1621969200000;13.687;14.249;13.195;13.435;249571.446
1621972800000;13.422;13.52;13.101;13.232;208845.81
1621976400000;13.223;13.602;13.1;13.545;98924.036
1621980000000;13.538;13.982;13.529;13.933;178306.362
1621983600000;13.927;14.023;13.759;13.934;89690.751
1621987200000;13.916;14.1;13.6;13.755;103105.632
1621990800000;13.764;14.247;13.759;14.209;143516.93
1621994400000;14.207;14.429;14.124;14.359;134419.812
1621998000000;14.362;14.665;14.343;14.658;140879.01
1622001600000;14.658;14.749;14.422;14.69;116181.752
1622005200000;14.68;15.105;14.617;14.773;207966.632
1622008800000;14.773;15.421;14.77;15.285;169449.039
1622012400000;15.286;15.548;15.047;15.44;173493.92
1622016000000;15.437;15.667;14.756;15.133;347479.924
1622019600000;15.137;15.389;15.114;15.164;133982.108
1622023200000;15.168;15.422;14.778;15.413;224594.685
1622026800000;15.408;15.56;15.122;15.479;148325.483
1622030400000;15.478;15.659;15.363;15.435;108560.008
1622034000000;15.429;15.442;14.297;14.377;338300.259
1622037600000;14.36;14.736;14.305;14.579;285446.112
1622041200000;14.589;14.589;14.117;14.426;213166.419
1622044800000;14.433;14.876;14.257;14.308;178374.574
1622048400000;14.301;14.623;13.999;14.573;183052.436
1622052000000;14.573;14.633;14.314;14.558;124314.706
1622055600000;14.549;14.577;14;14.388;120992.426
1622059200000;14.379;14.811;14.246;14.811;86274.466
1622062800000;14.777;14.83;14.462;14.704;85577.414
1622066400000;14.694;14.984;14.575;14.966;103448.352
1622070000000;14.96;15.28;14.718;15.278;83440.58
1622073600000;15.277;15.315;14.594;14.81;153632.672
1622077200000;14.8;14.872;13.695;13.989;248117.343
1622080800000;13.983;14.167;13.822;14.029;172605.783
1622084400000;14.033;14.033;13.543;13.97;168003.312
1622088000000;13.971;14.041;13.649;13.954;134769.702
1622091600000;13.962;14.329;13.717;14.31;113307.064
1622095200000;14.304;14.333;14.136;14.3;74226.367
1622098800000;14.303;14.419;14.088;14.216;75590.518
1622102400000;14.213;14.549;13.962;14.479;132209.308
1622106000000;14.474;14.753;14.451;14.695;99879.582
1622109600000;14.696;14.756;14.542;14.616;76208.502
1622113200000;14.621;14.834;14.62;14.754;98900.141
1622116800000;14.759;15;14.623;14.638;137711.557
1622120400000;14.643;15.047;14.643;14.938;158429.569
1622124000000;14.942;15.267;14.939;15.082;136854.868
1622127600000;15.066;15.101;14.697;14.892;123070.468
1622131200000;14.882;15;14.379;14.573;145145.329
1622134800000;14.582;14.79;14.546;14.717;80574.991
1622138400000;14.702;14.79;14.572;14.721;63828.822
1622142000000;14.728;14.744;14.223;14.518;113019.965
1622145600000;14.501;14.568;14.181;14.216;62245.767
1622149200000;14.216;14.641;14.052;14.62;58200.573
1622152800000;14.61;14.66;14.314;14.373;57961.55
1622156400000;14.355;14.57;14.118;14.525;78560.377
1622160000000;14.536;14.627;14.011;14.013;124002.07
1622163600000;14.013;14.385;13.852;14.27;120941.383
1622167200000;14.27;14.382;14.1;14.257;42104.12
1622170800000;14.244;14.351;14.023;14.324;64792.63
1622174400000;14.321;14.321;13.685;13.705;107126.758
1622178000000;13.705;13.85;13.115;13.251;274171.897
1622181600000;13.236;13.337;12.712;13.173;321123.791
1622185200000;13.159;13.387;12.898;13.246;188946.951
1622188800000;13.265;13.32;12.553;12.71;204463.185
1622192400000;12.728;12.728;12.133;12.626;349631.251
1622196000000;12.607;12.733;12.351;12.508;146224.41
1622199600000;12.486;12.606;11.979;12.203;201815.546
1622203200000;12.185;13.057;12.08;12.982;209843.431
1622206800000;12.979;13.342;12.973;13.26;127893.377
1622210400000;13.247;13.266;12.961;13.034;57600.624
1622214000000;13.034;13.21;12.95;13.106;76103.568
1622217600000;13.099;13.174;12.538;12.538;149884.265
1622221200000;12.55;12.913;12.46;12.821;79486.703
1622224800000;12.824;13.06;12.485;12.965;231682.266
1622228400000;12.977;13.154;12.84;12.964;76024.207
1622232000000;12.956;13.169;12.365;12.408;86269.383
1622235600000;12.411;12.55;12.084;12.251;127375.946
1622239200000;12.262;12.553;12.155;12.339;111141.768
1622242800000;12.338;12.76;12.285;12.701;41729.733
1622246400000;12.702;13.109;12.647;12.982;76662.375
1622250000000;13.007;13.2;12.999;13.106;48343.147
1622253600000;13.119;13.222;12.964;13.067;46912.447
1622257200000;13.075;13.252;13.002;13.189;29294.992
1622260800000;13.199;13.279;12.7;12.756;69984.78
1622264400000;12.781;13.689;12.773;13.65;151881.27
1622268000000;13.65;14.405;13.507;14.023;325085.9
1622271600000;14.017;14.296;13.614;13.646;317323.812
1622275200000;13.643;13.777;13.318;13.398;165658.776
1622278800000;13.411;13.508;12.969;13.166;203052.267
1622282400000;13.168;13.258;12.945;13.103;100499.265
1622286000000;13.112;13.331;12.77;13.275;153167.953
1622289600000;13.288;13.3;12.589;12.678;100620.94
1622293200000;12.685;12.75;12.175;12.5;241414.27
1622296800000;12.514;12.648;12.205;12.342;106814.05
1622300400000;12.348;12.351;11.925;12.251;229850.361
1622304000000;12.25;12.599;12.01;12.508;137489.143
1622307600000;12.502;12.502;11.725;11.799;122187.286
1622311200000;11.801;11.921;11.645;11.767;109706.487
1622314800000;11.774;11.891;11.463;11.696;125279.22
1622318400000;11.684;12.027;11.38;11.716;148379.67
1622322000000;11.71;12.04;11.686;11.998;72069.396
1622325600000;12.003;12.086;11.813;12.022;47394.279
1622329200000;12.02;12.451;11.81;12.059;77604.605
1622332800000;12.064;12.065;11.303;11.56;191875.894
1622336400000;11.561;11.676;11.264;11.512;107933.945
1622340000000;11.499;11.99;11.408;11.943;68613.215
1622343600000;11.956;12.132;11.829;12.049;86210.118
1622347200000;12.05;12.224;11.952;12.057;41151.75
1622350800000;12.057;12.49;12.056;12.476;95426.407
1622354400000;12.477;12.752;12.446;12.704;108671.274
1622358000000;12.71;12.878;12.637;12.842;88959.162
1622361600000;12.858;12.953;12.616;12.738;94950.672
1622365200000;12.748;13;12.73;12.831;67145.966
1622368800000;12.852;13.034;12.753;12.753;89181.071
1622372400000;12.751;13.101;12.74;13.046;73960.371
1622376000000;13.042;13.111;12.542;12.694;105262.531
1622379600000;12.686;12.836;12.529;12.687;67151.987
1622383200000;12.686;12.73;12.333;12.405;63323.273
1622386800000;12.39;12.629;12.298;12.599;85273.344
1622390400000;12.598;12.861;12.511;12.796;53538.185
1622394000000;12.781;12.964;12.77;12.935;46372.705
1622397600000;12.922;13.075;12.894;13.032;47027.456
1622401200000;13.016;13.124;12.936;12.952;43022.76
1622404800000;12.941;13.12;12.832;12.957;64706.81
1622408400000;12.95;13.092;12.836;12.891;90094.782
1622412000000;12.889;12.977;12.63;12.664;67222.111
1622415600000;12.663;12.717;12.479;12.551;56573.789
1622419200000;12.548;12.939;12.388;12.441;120134.921
1622422800000;12.443;12.532;12.133;12.184;87115.106
1622426400000;12.178;12.284;11.986;12.147;92116.93
1622430000000;12.154;12.204;11.972;12.1;52612.917
1622433600000;12.094;12.173;11.89;12.101;92146.862
1622437200000;12.091;12.295;12.019;12.163;95843.354
1622440800000;12.164;12.585;12.149;12.536;71865.763
1622444400000;12.537;12.827;12.518;12.782;119022.735
1622448000000;12.78;13.244;12.676;13.17;206467.672
1622451600000;13.165;13.4;13.103;13.302;224560.966
1622455200000;13.302;13.762;13.302;13.563;182383.912
1622458800000;13.571;13.751;13.48;13.554;126443.849
1622462400000;13.554;13.751;13.353;13.43;110368.388
1622466000000;13.438;13.573;13.277;13.369;70853.544
1622469600000;13.384;13.416;13.08;13.343;139191.361
1622473200000;13.344;13.814;13.332;13.77;117725.975
1622476800000;13.782;13.914;13.608;13.686;91376.847
1622480400000;13.687;13.707;13.376;13.444;46606.826
1622484000000;13.446;13.471;13.275;13.294;34159.144
1622487600000;13.297;13.477;13.251;13.474;39468.521
1622491200000;13.476;13.633;13.403;13.479;58963.771
1622494800000;13.475;13.627;13.46;13.581;36976.762
1622498400000;13.584;13.815;13.543;13.691;46273.679
1622502000000;13.682;14;13.647;13.962;69018.877
1622505600000;13.947;14.3;13.904;14.253;123705.083
1622509200000;14.246;14.257;13.828;13.949;107419.065
1622512800000;13.941;14.067;13.711;13.975;77266.371
1622516400000;13.958;14.129;13.71;13.829;58938.474
1622520000000;13.809;14.041;13.739;14;73911.311
1622523600000;13.991;14.526;13.968;14.468;111652.638
1622527200000;14.456;14.532;14.103;14.186;112867.55
1622530800000;14.19;14.333;13.944;14.131;76006.01
1622534400000;14.129;14.252;13.46;13.63;167685.813
1622538000000;13.641;13.812;13.533;13.767;85060.727
1622541600000;13.767;13.981;13.677;13.977;59179.658
1622545200000;13.98;14.204;13.9;14.183;79422.698
1622548800000;14.174;14.185;13.681;13.722;108104.2
1622552400000;13.729;13.985;13.37;13.912;265559.677
1622556000000;13.921;14.054;13.742;13.818;87409.069
1622559600000;13.802;13.811;13.443;13.552;88851.376
1622563200000;13.556;13.689;13.426;13.496;58964.101
1622566800000;13.491;13.731;13.361;13.706;71974.6
1622570400000;13.707;13.89;13.7;13.773;41718.82
1622574000000;13.781;13.781;13.31;13.437;84061.87
1622577600000;13.438;13.655;13.425;13.649;39886.387
1622581200000;13.655;13.805;13.55;13.805;48563.957
1622584800000;13.796;13.816;13.432;13.502;34084.76
1622588400000;13.513;13.874;13.501;13.757;32825.39
1622592000000;13.744;13.923;13.582;13.752;65321.342
1622595600000;13.74;13.916;13.592;13.871;39925.312
1622599200000;13.862;14.17;13.797;13.99;83542.095
1622602800000;13.982;14.128;13.94;13.978;62181.57
1622606400000;13.989;14.161;13.976;14.035;74135.808
1622610000000;14.035;14.13;13.901;14.025;75984.006
1622613600000;14.032;14.172;13.976;14.008;71697.206
1622617200000;14.001;14.27;13.971;14.259;115952.704
1622620800000;14.258;14.4;14.136;14.386;75138.943
1622624400000;14.398;14.49;14.215;14.287;109018.3
1622628000000;14.281;14.303;14.03;14.126;81444.267
1622631600000;14.122;14.2;13.982;14.13;96332.476
1622635200000;14.13;14.812;14.117;14.809;246194.264
1622638800000;14.8;15.3;14.625;14.749;442377.123
1622642400000;14.752;15.042;14.66;15.001;170585.089
1622646000000;15.008;15.338;15.006;15.115;147203.827
1622649600000;15.1;15.21;14.76;14.86;99030.401
1622653200000;14.882;14.964;14.772;14.955;48024.506
1622656800000;14.944;15.124;14.853;14.908;80351.114
1622660400000;14.911;15.137;14.836;15.05;76632.735
1622664000000;15.054;15.087;14.728;15.023;61513.972
1622667600000;15.013;15.1;14.865;14.981;50777.167
1622671200000;14.994;14.994;14.6;14.792;62690.907
1622674800000;14.793;15;14.7;14.86;32101.42
1622678400000;14.873;15.081;14.651;14.784;73148.846
1622682000000;14.785;15.124;14.721;14.789;86654.226
1622685600000;14.78;15.078;14.677;15.063;94065.526
1622689200000;15.07;15.86;15.011;15.858;339352.252
1622692800000;15.855;16.776;15.71;16.674;479400.416
1622696400000;16.674;16.864;16.417;16.594;336588.715
1622700000000;16.594;16.945;16.459;16.653;186674.487
1622703600000;16.643;16.653;16.313;16.42;120279.799
1622707200000;16.413;16.591;16.275;16.425;124451.202
1622710800000;16.434;16.694;16.376;16.615;83941.127
1622714400000;16.614;16.655;16.377;16.475;101893.987
1622718000000;16.472;16.549;15.943;16.095;209732.213
1622721600000;16.11;16.5;15.934;16.366;131192.566
1622725200000;16.376;16.45;15.864;15.896;125335.908
1622728800000;15.898;16.054;15.813;15.97;92587.809
1622732400000;15.994;16.055;15.678;15.813;107318.144
1622736000000;15.807;16.38;15.757;16.354;143209.197
1622739600000;16.355;16.653;16.22;16.486;139687.505
1622743200000;16.482;16.534;16.286;16.478;89908.755
1622746800000;16.478;17.082;16.305;17.075;195133.067
1622750400000;17.063;17.2;16.703;16.711;206632.133
1622754000000;16.716;16.783;16.601;16.664;77589.849
1622757600000;16.652;16.815;16.537;16.683;59948.324
1622761200000;16.685;16.74;16.501;16.665;74818.699
1622764800000;16.667;17.11;16.551;16.615;149112.54
1622768400000;16.591;16.6;15.716;15.917;265158.562
1622772000000;15.916;16.045;15.391;16.032;173371.239
1622775600000;16.05;16.256;15.879;16.014;123468.398
1622779200000;16.009;16.173;15.855;15.869;95503.052
1622782800000;15.858;15.99;15.098;15.129;265674.048
1622786400000;15.124;15.379;14.8;15.031;264262.225
1622790000000;15.029;15.056;14.61;14.876;151033.069
1622793600000;14.88;14.937;14.555;14.586;165946.622
1622797200000;14.589;14.815;14.388;14.814;147805.286
1622800800000;14.814;14.886;14.49;14.5;174105.718
1622804400000;14.506;14.642;14.253;14.522;95950.709
1622808000000;14.509;14.789;14.014;14.783;268776.868
1622811600000;14.785;14.888;14.626;14.8;71288.766
1622815200000;14.803;14.922;14.558;14.833;86878.122
1622818800000;14.835;15.062;14.747;14.963;96017.768
1622822400000;14.971;15.312;14.867;14.986;97174.732
1622826000000;14.963;15.444;14.93;15.391;134944.285
1622829600000;15.396;15.488;15.292;15.316;66983.639
1622833200000;15.329;15.439;15.035;15.148;59413.494
1622836800000;15.144;15.462;15.144;15.325;28010.304
1622840400000;15.326;15.555;15.326;15.389;37979.005
1622844000000;15.393;15.415;14.999;15.15;77523.183
1622847600000;15.152;15.275;14.751;15.067;76270.253
1622851200000;15.071;15.709;14.848;15.589;118665.159
1622854800000;15.616;15.804;15.481;15.721;71868.946
1622858400000;15.721;15.883;15.608;15.747;64700.119
1622862000000;15.743;15.84;15.611;15.655;32987.094
1622865600000;15.673;15.979;15.661;15.767;63838.008
1622869200000;15.767;16.209;15.762;16.1;111786.471
1622872800000;16.1;16.343;16.012;16.324;85982.306
1622876400000;16.336;16.336;15.978;16.003;81333.12
1622880000000;16;16.25;15.918;16.14;92363.621
1622883600000;16.141;16.176;15.071;15.342;258439.875
1622887200000;15.317;15.588;15.222;15.372;234625.178
1622890800000;15.373;15.445;14.836;15.029;170539.659
1622894400000;15.026;15.421;14.77;15.249;140262.908
1622898000000;15.246;15.334;15.032;15.055;104129.433
1622901600000;15.051;15.444;15;15.131;85480.036
1622905200000;15.12;15.476;15.025;15.476;78081.569
1622908800000;15.472;15.48;15.189;15.22;91048.617
1622912400000;15.214;15.291;14.915;14.971;58802.625
1622916000000;14.973;15.1;14.91;14.971;34345.113
1622919600000;14.966;15.073;14.701;14.771;52151.725
1622923200000;14.765;15.035;14.665;14.846;62849.509
1622926800000;14.838;14.838;14.248;14.273;133180.054
1622930400000;14.277;14.644;14.233;14.476;95592.053
1622934000000;14.483;14.941;14.48;14.858;76685.615
1622937600000;14.851;14.889;14.68;14.738;45969.692
1622941200000;14.734;14.929;14.662;14.751;60601.081
1622944800000;14.759;14.92;14.676;14.86;38355.552
1622948400000;14.861;14.914;14.725;14.891;25587.015
1622952000000;14.89;14.999;14.726;14.819;53359.493
1622955600000;14.82;14.998;14.751;14.976;40389.793
1622959200000;14.988;15.077;14.773;14.919;52083.429
1622962800000;14.904;15.139;14.904;15.106;45124.148
1622966400000;15.098;15.163;15.011;15.063;45823.994
1622970000000;15.06;15.151;15.026;15.061;37155.868
1622973600000;15.061;15.11;14.762;14.878;62682.874
1622977200000;14.887;14.941;14.763;14.788;39422.564
1622980800000;14.793;14.915;14.765;14.8;48427.862
1622984400000;14.808;14.988;14.511;14.577;81928.586
1622988000000;14.572;14.858;14.472;14.82;52150.726
1622991600000;14.822;15.063;14.78;14.969;82235.383
1622995200000;14.966;15.399;14.965;15.213;115021.454
1622998800000;15.206;15.414;15.072;15.106;69250.421
1623002400000;15.094;15.134;14.966;14.983;34307.549
1623006000000;14.978;14.98;14.81;14.832;29276.877
1623009600000;14.824;15.046;14.759;15.016;53686.883
1623013200000;15.013;15.169;14.949;15.047;49007.339
1623016800000;15.031;15.052;14.681;14.864;40175.105
1623020400000;14.855;15.127;14.818;15.125;25524.263
1623024000000;15.131;15.339;14.962;15.292;98869.425
1623027600000;15.297;15.494;15.203;15.434;62875.954
1623031200000;15.431;15.535;15.341;15.452;46216.406
1623034800000;15.446;15.552;15.304;15.426;41226.876
1623038400000;15.425;15.6;15.364;15.409;66000.127
1623042000000;15.414;15.55;15.331;15.384;39999.511
1623045600000;15.386;15.417;15.271;15.373;36562.644
1623049200000;15.373;15.417;15.193;15.396;33776.731
1623052800000;15.402;15.584;15.35;15.513;75718.64
1623056400000;15.512;15.69;15.467;15.512;81642.841
1623060000000;15.509;15.78;15.509;15.608;128206.671
1623063600000;15.606;15.698;15.475;15.492;47745.926
1623067200000;15.503;15.71;15.466;15.699;58383.316
1623070800000;15.701;15.74;15.46;15.466;43027.515
1623074400000;15.468;15.473;15.177;15.278;78018.73
1623078000000;15.253;15.301;15.099;15.206;63882.403
1623081600000;15.219;15.252;14.968;15.053;92746.853
1623085200000;15.049;15.051;14.847;14.877;83632.227
1623088800000;14.871;14.966;14.63;14.707;101090.45
1623092400000;14.7;14.863;14.65;14.804;59453.564
1623096000000;14.793;14.896;14.1;14.267;204237.206
1623099600000;14.254;14.348;13.765;13.926;208242.097
1623103200000;13.922;14.118;13.767;13.889;99262.529
1623106800000;13.88;13.9;13.275;13.46;204524.309
1623110400000;13.46;13.724;13.101;13.416;340994.067
1623114000000;13.412;13.6;13.319;13.439;85798.345
1623117600000;13.439;13.453;12.558;12.753;279131.932
1623121200000;12.76;13.042;12.5;13.018;177455.422
1623124800000;13.025;13.149;12.937;13.035;120553.719
1623128400000;13.032;13.308;12.813;13.175;74320.944
1623132000000;13.17;13.21;12.79;12.832;84971.003
1623135600000;12.829;13.256;12.633;13.174;127183.601
1623139200000;13.165;13.5;13.133;13.195;134904.426
1623142800000;13.197;13.231;12.982;13.011;81871.491
1623146400000;13.008;13.311;12.997;13.048;73352.816
1623150000000;13.045;13.459;12.992;13.419;98418.21
1623153600000;13.419;13.524;13.05;13.063;98594.832
1623157200000;13.055;13.149;12.657;12.679;99275.881
1623160800000;12.679;13.046;12.321;12.525;325286.207
1623164400000;12.524;12.736;12.015;12.555;255311.556
1623168000000;12.561;12.988;12.408;12.804;145910.395
1623171600000;12.81;13.035;12.721;13.027;59851.909
1623175200000;13.027;13.308;12.937;13.275;87794.151
1623178800000;13.267;13.443;13.213;13.433;78442.299
1623182400000;13.411;13.667;13.365;13.582;95310.857
1623186000000;13.58;13.739;13.42;13.614;66098.828
1623189600000;13.61;13.799;13.576;13.615;40591.512
1623193200000;13.623;13.804;13.546;13.56;34710.319
1623196800000;13.573;13.666;13.143;13.187;110030.84
1623200400000;13.188;13.28;12.809;12.853;91781.961
1623204000000;12.862;13.246;12.635;12.877;156939.485
1623207600000;12.885;13.054;12.694;12.861;74854.988
1623211200000;12.88;13;12.603;12.993;72205.167
1623214800000;12.989;13.23;12.952;13.071;103700.482
1623218400000;13.071;13.495;13.015;13.477;142826.364
1623222000000;13.479;13.814;13.419;13.505;276540.312
1623225600000;13.511;13.558;13.302;13.421;104309.994
1623229200000;13.423;13.569;13.28;13.29;68751.875
1623232800000;13.29;13.686;13.255;13.547;66387.923
1623236400000;13.54;13.722;13.463;13.695;65407.685
1623240000000;13.697;13.956;13.602;13.666;220968.415
1623243600000;13.655;13.789;13.389;13.476;65344.555
1623247200000;13.476;13.592;13.12;13.149;86276.676
1623250800000;13.159;13.992;13.156;13.926;215323.125
1623254400000;13.938;13.999;13.812;13.899;80107.514
1623258000000;13.898;14.005;13.709;13.776;92948.687
1623261600000;13.777;13.925;13.534;13.599;91748.136
1623265200000;13.6;13.677;13.398;13.488;101874.347
1623268800000;13.495;13.528;13.391;13.435;52581.653
1623272400000;13.432;13.72;13.407;13.596;49376.409
1623276000000;13.589;13.944;13.589;13.787;82175.971
1623279600000;13.782;13.95;13.71;13.932;69842.118
1623283200000;13.94;13.998;13.645;13.687;75557.175
1623286800000;13.684;14.055;13.656;13.749;96846.491
1623290400000;13.752;13.892;13.707;13.797;35427.217
1623294000000;13.796;13.951;13.665;13.673;44355.162
1623297600000;13.661;13.757;13.446;13.505;53128.59
1623301200000;13.494;13.56;13.288;13.407;82440.649
1623304800000;13.409;13.409;13.186;13.244;169253.041
1623308400000;13.252;13.392;13.185;13.368;105376.953
1623312000000;13.363;13.758;13.163;13.288;243841.17
1623315600000;13.277;13.705;13.267;13.632;163438.086
1623319200000;13.628;13.866;13.608;13.751;128511.236
1623322800000;13.757;13.851;13.625;13.656;61836.634
1623326400000;13.649;13.738;13.488;13.563;84359.285
1623330000000;13.564;13.58;13.41;13.496;72939.662
1623333600000;13.502;13.592;13.137;13.242;128682.724
1623337200000;13.238;13.454;13.08;13.224;101579.803
1623340800000;13.224;13.315;13.033;13.19;59559.034
1623344400000;13.166;13.258;12.841;12.938;221429.903
1623348000000;12.938;13.064;12.892;13.033;42716.227
1623351600000;13.03;13.068;12.705;12.799;134104.292
1623355200000;12.806;12.909;12.559;12.909;111811.664
1623358800000;12.909;12.909;12.727;12.837;61155.168
1623362400000;12.835;13.026;12.791;12.966;50491.202
1623366000000;12.977;13;12.77;12.829;35706.879
1623369600000;12.833;12.948;12.472;12.532;97102.871
1623373200000;12.539;12.598;12.381;12.543;68817.38
1623376800000;12.53;12.693;12.391;12.684;49681.081
1623380400000;12.683;12.819;12.642;12.731;74204.179
1623384000000;12.728;12.88;12.712;12.817;37182.567
1623387600000;12.82;12.953;12.805;12.824;37908.956
1623391200000;12.821;12.846;12.53;12.588;68473.962
1623394800000;12.595;12.742;12.522;12.628;141130.284
1623398400000;12.625;12.698;12.417;12.503;209217.119
1623402000000;12.498;12.7;12.49;12.528;104368.13
1623405600000;12.528;12.793;12.517;12.714;108736.209
1623409200000;12.718;12.739;12.575;12.685;67349.643
1623412800000;12.686;12.711;12.489;12.582;51203.827
1623416400000;12.582;12.854;12.582;12.8;52812.503
1623420000000;12.8;12.81;12.527;12.544;52810.12
1623423600000;12.545;12.553;12.254;12.33;122797.623
1623427200000;12.33;12.406;12.049;12.117;139179.588
1623430800000;12.109;12.26;12.069;12.225;40795.205
1623434400000;12.224;12.248;11.977;12.237;77751.457
1623438000000;12.237;12.247;12.062;12.064;45532.8
1623441600000;12.06;12.17;11.923;11.923;66161.384
1623445200000;11.933;12.036;11.642;11.642;99146.532
1623448800000;11.642;12.003;11.616;11.768;74760.958
1623452400000;11.767;11.95;11.557;11.95;70252.04
1623456000000;11.941;11.949;11.5;11.648;87821.517
1623459600000;11.642;11.678;11.241;11.289;138411.792
1623463200000;11.283;11.376;11.021;11.085;124605.782
1623466800000;11.086;11.32;11.013;11.184;92692.235
1623470400000;11.179;11.25;10.914;10.969;73793.177
1623474000000;10.966;11.266;10.956;11.12;77439.412
1623477600000;11.111;11.392;11.092;11.371;68252.81
1623481200000;11.373;11.575;11.373;11.445;91876.753
1623484800000;11.451;11.454;11.2;11.233;154412.956
1623488400000;11.231;11.356;11.196;11.276;65621.075
1623492000000;11.278;11.666;11;11.663;137392.157
1623495600000;11.66;11.75;11.406;11.541;60950.468
1623499200000;11.549;11.922;11.509;11.825;90682.882
1623502800000;11.825;11.874;11.728;11.81;41415.747
1623506400000;11.806;11.838;11.652;11.676;50276.857
1623510000000;11.686;11.793;11.56;11.601;42399.055
1623513600000;11.603;11.713;11.552;11.691;35337.434
1623517200000;11.689;11.921;11.668;11.818;47311.254
1623520800000;11.828;11.994;11.8;11.968;43541.034
1623524400000;11.956;11.996;11.848;11.857;55474.454
1623528000000;11.865;12.055;11.848;11.855;50015.245
1623531600000;11.861;12.057;11.767;11.875;66766.345
1623535200000;11.866;11.95;11.707;11.778;36078.104
1623538800000;11.778;11.859;11.568;11.616;20510.873
1623542400000;11.625;11.699;11.479;11.644;54850.194
1623546000000;11.644;11.758;11.638;11.71;32562.144
1623549600000;11.715;11.754;11.562;11.593;36413.17
1623553200000;11.594;11.599;11.344;11.359;62964.772
1623556800000;11.352;11.575;11.288;11.561;58477.932
1623560400000;11.57;11.893;11.441;11.469;118371.687
1623564000000;11.464;11.585;11.39;11.554;50663.246
1623567600000;11.557;11.599;11.497;11.532;40792.463
1623571200000;11.521;11.803;11.48;11.712;74528.609
1623574800000;11.702;11.837;11.666;11.798;49055.041
1623578400000;11.796;11.947;11.739;11.877;71864.183
1623582000000;11.876;11.881;11.735;11.794;32063.081
1623585600000;11.791;11.893;11.663;11.694;46342.148
1623589200000;11.686;11.746;11.615;11.636;39659.869
1623592800000;11.625;11.679;11.415;11.426;36619.098
1623596400000;11.427;11.542;11.409;11.514;28214.318
1623600000000;11.521;11.842;11.466;11.802;89464.578
1623603600000;11.811;11.967;11.705;11.926;162758.093
1623607200000;11.929;12.128;11.921;11.985;128844.35
1623610800000;11.983;12.09;11.942;12.052;66925.528
1623614400000;12.053;12.5;12.046;12.435;209873.817
1623618000000;12.432;12.46;12.291;12.449;65023.803
1623621600000;12.456;12.528;12.335;12.459;64809.164
1623625200000;12.456;12.534;12.376;12.53;47087.993
1623628800000;12.531;12.771;12.398;12.478;126855.733
1623632400000;12.486;12.644;12.357;12.59;88144.85
1623636000000;12.589;12.616;12.347;12.404;44527.263
1623639600000;12.406;12.44;12.216;12.368;65867.568
1623643200000;12.371;12.413;12.285;12.363;27155.89
1623646800000;12.367;12.648;12.365;12.59;59998.539
1623650400000;12.591;12.704;12.5;12.666;41481.644
1623654000000;12.661;12.682;12.579;12.636;27938.333
1623657600000;12.639;12.664;12.383;12.443;68044.588
1623661200000;12.44;12.481;12.248;12.284;60614.882
1623664800000;12.281;12.476;12.233;12.378;69753.634
1623668400000;12.378;12.555;12.312;12.443;56659.059
1623672000000;12.439;12.818;12.331;12.785;90849.997
1623675600000;12.784;13;12.664;12.968;181235.602
1623679200000;12.968;13.064;12.859;12.87;90787.115
1623682800000;12.87;13.017;12.823;12.885;66863.337
1623686400000;12.887;13.199;12.716;12.949;220480.74
1623690000000;12.94;13.127;12.873;13.003;77848.526
1623693600000;13.023;13.034;12.656;12.732;45203.88
1623697200000;12.731;12.852;12.611;12.822;66631.991
1623700800000;12.816;12.914;12.76;12.841;54127.472
1623704400000;12.853;13.047;12.853;13.014;61897.392
1623708000000;13.009;13.124;12.921;13.018;51879.154
1623711600000;13.031;13.39;13.031;13.301;89550.658
1623715200000;13.315;13.507;13.275;13.388;103405.952
1623718800000;13.387;13.425;13.132;13.152;51984.243
1623722400000;13.152;13.317;13.152;13.237;35946.2
1623726000000;13.237;13.421;13.23;13.344;24553.934
1623729600000;13.339;13.575;13.308;13.507;62258.286
1623733200000;13.506;13.506;13.32;13.379;40758.675
1623736800000;13.381;13.575;13.352;13.382;53598.01
1623740400000;13.381;13.404;13.25;13.403;53135.89
1623744000000;13.405;13.519;13.1;13.144;80469.516
1623747600000;13.138;13.342;12.957;13.333;130718.924
1623751200000;13.332;13.393;13.183;13.187;53372.659
1623754800000;13.193;13.306;13.05;13.177;43448.142
1623758400000;13.178;13.355;13.082;13.274;54173.106
1623762000000;13.279;13.28;13.114;13.216;32269.813
1623765600000;13.216;13.235;12.759;12.84;114219.813
1623769200000;12.832;12.922;12.751;12.904;83686.207
1623772800000;12.899;12.999;12.811;12.964;49637.613
1623776400000;12.967;13.047;12.814;12.949;57374.154
1623780000000;12.959;13.26;12.959;13.084;146347.67
1623783600000;13.079;13.079;12.711;12.749;78941.218
1623787200000;12.758;12.874;12.641;12.789;82321.119
1623790800000;12.778;12.908;12.743;12.859;25255.556
1623794400000;12.855;13.006;12.855;12.958;21656.231
1623798000000;12.952;13.04;12.917;12.951;26381.81
1623801600000;12.951;12.951;12.588;12.608;66611.191
1623805200000;12.614;12.702;12.463;12.702;69222.406
1623808800000;12.698;12.829;12.643;12.783;23316.755
1623812400000;12.78;12.871;12.651;12.75;45723.796
1623816000000;12.752;12.956;12.737;12.871;53024.043
1623819600000;12.873;13.028;12.851;12.979;57299.476
1623823200000;12.977;13.086;12.921;13.009;34623.443
1623826800000;13.015;13.37;13.013;13.169;114583.882
1623830400000;13.181;13.287;13.076;13.146;76687.02
1623834000000;13.145;13.2;13.031;13.05;32857.809
1623837600000;13.054;13.105;12.879;12.941;65655.807
1623841200000;12.935;12.954;12.553;12.59;149224.748
1623844800000;12.593;12.642;12.408;12.503;89469.051
1623848400000;12.493;12.664;12.424;12.634;79378.992
1623852000000;12.632;12.793;12.346;12.419;102336.362
1623855600000;12.418;12.569;12.313;12.555;103601.363
1623859200000;12.546;12.77;12.416;12.483;88504.356
1623862800000;12.475;12.779;12.412;12.753;41558.035
1623866400000;12.74;13.196;12.559;13.15;189921.158
1623870000000;13.151;13.179;12.999;13.048;76204.666
1623873600000;13.047;13.139;12.911;12.998;56796.089
1623877200000;13.003;13.414;12.989;13.405;116753.543
1623880800000;13.405;13.477;13.17;13.43;104970.912
1623884400000;13.43;13.433;13;13.425;94377.743
1623888000000;13.419;14.248;13.385;14.204;422463.323
1623891600000;14.213;14.42;14.089;14.302;263670.258
1623895200000;14.305;14.463;14.194;14.337;118810.315
1623898800000;14.331;14.49;14.142;14.264;196003.026
1623902400000;14.263;14.385;14.17;14.212;84457.753
1623906000000;14.212;14.261;14.063;14.125;93618.239
1623909600000;14.132;14.238;14.01;14.199;96603.185
1623913200000;14.204;14.225;14.054;14.089;44235.714
1623916800000;14.088;14.14;13.775;13.847;127266.148
1623920400000;13.858;13.906;13.703;13.821;79468.501
1623924000000;13.822;13.854;13.691;13.749;55923.597
1623927600000;13.752;13.886;13.672;13.68;54541.687
1623931200000;13.673;13.69;13.436;13.546;120670.464
1623934800000;13.543;13.799;13.478;13.675;106393.821
1623938400000;13.673;13.898;13.489;13.851;138909.6
1623942000000;13.85;14.683;13.771;14.468;543576.04
1623945600000;14.467;14.66;14.03;14.136;348875.039
1623949200000;14.132;14.175;13.785;13.827;201884.347
1623952800000;13.827;13.946;13.686;13.712;112073.907
1623956400000;13.719;13.886;13.641;13.788;64277.581
1623960000000;13.783;13.792;13.487;13.603;179434.997
1623963600000;13.6;13.652;13.497;13.604;59253.478
1623967200000;13.609;13.609;13.292;13.462;126898.993
1623970800000;13.468;13.708;13.435;13.618;93343.48
1623974400000;13.623;13.623;13.326;13.377;62493.627
1623978000000;13.381;13.447;13.142;13.224;107086.897
1623981600000;13.224;13.402;13.05;13.219;107363.209
1623985200000;13.223;13.355;13.21;13.285;42195.858
1623988800000;13.285;13.419;13.237;13.393;41994.307
1623992400000;13.388;13.434;13.194;13.214;80869.388
1623996000000;13.209;13.3;13.02;13.023;61806.055
1623999600000;13.021;13.258;13.017;13.23;58870.859
1624003200000;13.236;13.341;13.142;13.264;43223.392
1624006800000;13.259;13.27;12.947;12.985;87441.203
1624010400000;12.986;13.149;12.75;13.14;143229.021
1624014000000;13.139;13.246;12.98;13.007;65739.781
1624017600000;13.011;13.045;12.8;12.849;64701.136
1624021200000;12.846;12.981;12.702;12.756;83155.198
1624024800000;12.757;12.789;12.366;12.495;147992.789
1624028400000;12.486;12.633;12.33;12.357;87009.22
1624032000000;12.356;12.8;12.29;12.49;203570.961
1624035600000;12.49;12.497;12.214;12.231;118613.481
1624039200000;12.226;12.344;11.927;12.032;202817.46
1624042800000;12.017;12.18;11.986;11.994;106549.76
1624046400000;11.994;12.35;11.945;12.189;104875.966
1624050000000;12.189;12.415;12.128;12.391;76506.636
1624053600000;12.39;12.48;12.259;12.317;74590.931
1624057200000;12.309;12.505;12.194;12.472;64878.221
1624060800000;12.46;12.522;12.323;12.453;55423.304
1624064400000;12.438;12.643;12.427;12.579;93280.724
1624068000000;12.585;12.646;12.356;12.388;53515.901
1624071600000;12.391;12.408;12.157;12.284;61773.65
1624075200000;12.289;12.4;12.174;12.34;38057.734
1624078800000;12.346;12.667;12.332;12.642;65003.071
1624082400000;12.653;12.721;12.558;12.595;63482.963
1624086000000;12.609;12.639;12.484;12.621;39255.94
1624089600000;12.613;12.653;12.543;12.591;37432.838
1624093200000;12.595;12.645;12.431;12.47;33901.476
1624096800000;12.47;12.531;12.377;12.383;37473.618
1624100400000;12.379;12.602;12.379;12.572;31499.766
1624104000000;12.573;12.721;12.421;12.475;65758.857
1624107600000;12.471;12.539;12.327;12.375;35720.15
1624111200000;12.376;12.468;12.297;12.445;58922.922
1624114800000;12.45;12.462;12.298;12.402;48970.745
1624118400000;12.395;12.432;12.225;12.294;38345.118
1624122000000;12.287;12.32;12.165;12.241;39148.113
1624125600000;12.237;12.242;11.975;12.187;109912.295
1624129200000;12.179;12.277;12.1;12.236;59290.542
1624132800000;12.224;12.275;12.007;12.248;94347.954
1624136400000;12.245;12.28;12.08;12.088;34433.819
1624140000000;12.08;12.08;11.859;11.895;64015.873
1624143600000;11.896;12.026;11.809;11.85;52843.279
1624147200000;11.854;11.9;11.632;11.724;91793.78
1624150800000;11.723;11.863;11.689;11.807;36197.673
1624154400000;11.807;11.915;11.614;11.878;53906.738
1624158000000;11.879;11.957;11.744;11.862;71297.177
1624161600000;11.85;12.105;11.828;12.096;65166.476
1624165200000;12.075;12.187;12.05;12.107;31759.335
1624168800000;12.106;12.204;12.024;12.049;39165.819
1624172400000;12.035;12.091;11.931;12.068;41014.442
1624176000000;12.067;12.117;11.862;11.891;38780.017
1624179600000;11.891;12.004;11.75;11.76;107272.603
1624183200000;11.76;11.786;11.266;11.368;233333.467
1624186800000;11.372;11.417;11.138;11.228;140118.506
1624190400000;11.228;11.299;11.04;11.229;156860.181
1624194000000;11.229;11.46;11.196;11.394;93550.195
1624197600000;11.385;11.649;11.335;11.606;119911.475
1624201200000;11.61;12.477;11.565;11.776;128991.187
1624204800000;11.775;12.002;11.7;11.912;116108.685
1624208400000;11.926;12.017;11.861;11.984;87632.216
1624212000000;11.988;12.164;11.922;12.154;94037.409
1624215600000;12.147;12.354;12.125;12.332;98125.966
1624219200000;12.339;12.401;12.24;12.293;133894.606
1624222800000;12.293;12.328;12.153;12.239;50303.862
1624226400000;12.232;12.309;12.197;12.234;63653.943
1624230000000;12.237;12.248;11.933;11.977;122999.84
1624233600000;11.983;12.109;11.802;11.926;85092.595
1624237200000;11.921;11.964;11.657;11.675;66352.033
1624240800000;11.675;11.756;11.466;11.624;67135.182
1624244400000;11.624;11.635;11.384;11.393;42099.732
1624248000000;11.387;11.407;10.962;11.304;194452.045
1624251600000;11.301;11.431;11.121;11.43;99410.479
1624255200000;11.421;11.598;10.557;10.791;501759.611
1624258800000;10.792;10.944;10.532;10.759;261710.898
1624262400000;10.763;10.982;10.672;10.7;147170.39
1624266000000;10.698;10.91;10.462;10.679;291100.472
1624269600000;10.675;10.703;10.162;10.185;206638.065
1624273200000;10.19;10.519;9.934;10.427;347812.767
1624276800000;10.433;10.519;10.106;10.178;148745.505
1624280400000;10.167;10.713;10.035;10.698;174793.621
1624284000000;10.701;10.794;10.46;10.71;155088.501
1624287600000;10.698;10.72;10.359;10.514;99506.747
1624291200000;10.506;10.601;10.044;10.117;178879.001
1624294800000;10.11;10.384;10.008;10.081;108592.043
1624298400000;10.085;10.502;10.078;10.464;93747.72
1624302000000;10.46;10.501;10.102;10.349;84931.161
1624305600000;10.344;10.528;10.279;10.288;98454.471
1624309200000;10.281;10.299;9.753;9.755;200354.525
1624312800000;9.76;10.169;9.518;9.54;172939.686
1624316400000;9.532;9.932;9.473;9.519;233325.667
1624320000000;9.517;9.705;9.177;9.6;349640.325
1624323600000;9.604;10.267;9.604;10.243;228991.751
1624327200000;10.243;10.406;10.072;10.393;126217.033
1624330800000;10.391;10.57;10.274;10.513;122041.362
1624334400000;10.513;10.542;10.289;10.296;107448.974
1624338000000;10.295;10.338;9.946;10.014;158672.854
1624341600000;10.016;10.222;9.911;10.179;170354.951
1624345200000;10.187;10.237;9.856;9.928;147421.769
1624348800000;9.932;9.954;9.338;9.38;309148.976
1624352400000;9.381;9.457;9.081;9.304;267752.683
1624356000000;9.311;9.568;8.916;9.218;495951.924
1624359600000;9.221;9.274;8.759;8.77;301236.307
1624363200000;8.775;8.804;8.146;8.457;662811.035
1624366800000;8.478;8.636;7.83;8.045;622785.233
1624370400000;8.045;8.886;7.908;8.733;584040.232
1624374000000;8.726;9.188;8.581;9.127;475555.494
1624377600000;9.12;9.56;8.959;9.282;405319.294
1624381200000;9.273;9.403;9.114;9.345;156695.871
1624384800000;9.355;9.493;9.197;9.35;104218.146
1624388400000;9.357;9.391;8.953;8.974;114898.142
1624392000000;8.964;9.372;8.931;9.302;90009.84
1624395600000;9.316;9.347;8.863;8.92;127698.605
1624399200000;8.931;9.193;8.901;9.118;83565.37
1624402800000;9.117;9.173;8.764;9.002;78638.886
1624406400000;8.992;9.238;8.565;9.193;366895.945
1624410000000;9.194;9.699;9.142;9.676;252908.032
1624413600000;9.689;9.912;9.606;9.72;137907.011
1624417200000;9.729;9.9;9.638;9.863;82733.954
1624420800000;9.864;10.095;9.792;9.903;117580.743
1624424400000;9.904;10.117;9.765;10.107;121814.532
1624428000000;10.092;10.253;10;10.07;127714.937
1624431600000;10.069;10.326;9.985;10.242;106821.822
1624435200000;10.241;10.435;10.136;10.136;148439.574
1624438800000;10.136;10.321;9.995;10.03;125263.33
1624442400000;10.037;10.298;9.98;10.278;79793.221
1624446000000;10.265;10.381;10.061;10.134;109781.608
1624449600000;10.131;10.316;10.081;10.308;57987.153
1624453200000;10.314;10.489;10.054;10.075;193877.927
1624456800000;10.075;10.293;9.959;10.192;96860.531
1624460400000;10.19;10.209;9.779;9.884;193887.43
1624464000000;9.88;10.194;9.862;10.089;144387.732
1624467600000;10.079;10.089;9.865;9.966;102745.641
1624471200000;9.959;9.959;9.536;9.588;143582.236
1624474800000;9.595;9.745;9.303;9.313;130061.179
1624478400000;9.313;9.577;9.307;9.409;113306.154
1624482000000;9.41;9.623;9.354;9.564;105708.146
1624485600000;9.55;9.555;9.35;9.413;108619.607
1624489200000;9.409;9.622;9.306;9.613;103795.294
1624492800000;9.605;9.709;9.35;9.372;125467.645
1624496400000;9.371;10.148;9.138;9.195;233253.968
1624500000000;9.191;9.252;9.024;9.037;190126.957
1624503600000;9.041;9.361;9.01;9.285;143198.556
1624507200000;9.285;9.423;9.148;9.251;133680.859
1624510800000;9.255;9.504;9.21;9.501;121039.992
1624514400000;9.497;9.624;9.455;9.584;157743.922
1624518000000;9.586;9.662;9.509;9.582;103773.675
1624521600000;9.583;9.907;9.561;9.896;149681.404
1624525200000;9.907;9.935;9.777;9.815;99553.614
1624528800000;9.815;9.894;9.747;9.796;82138.871
1624532400000;9.804;10.019;9.802;9.972;72759.564
1624536000000;9.978;10.134;9.977;10.092;119436.858
1624539600000;10.087;10.106;9.917;10.066;66763.059
1624543200000;10.07;10.432;9.971;10.316;173289.304
1624546800000;10.313;10.466;10.24;10.247;161900.182
1624550400000;10.239;10.424;10.198;10.397;96111.564
1624554000000;10.4;10.462;10.294;10.366;78343.165
1624557600000;10.382;10.514;10.371;10.506;77130.117
1624561200000;10.501;10.524;10.387;10.463;71324.433
1624564800000;10.475;10.713;10.463;10.652;167483.863
1624568400000;10.657;10.694;10.516;10.537;89878.923
1624572000000;10.533;10.545;10.203;10.351;111310.968
1624575600000;10.348;10.431;10.238;10.386;70764.543
1624579200000;10.386;10.703;10.375;10.397;180856.489
1624582800000;10.398;10.582;10.223;10.562;122117.098
1624586400000;10.562;10.562;10.091;10.123;427298.313
1624590000000;10.113;10.241;10.057;10.154;155301.132
1624593600000;10.151;10.246;10.03;10.075;96855.273
1624597200000;10.089;10.167;9.896;9.941;123992.782
1624600800000;9.942;10.126;9.907;10.036;127278.171
1624604400000;10.023;10.029;9.682;9.802;145414.551
1624608000000;9.798;9.898;9.617;9.851;121993.185
1624611600000;9.847;9.955;9.695;9.71;138837.739
1624615200000;9.705;9.847;9.58;9.711;161890.592
1624618800000;9.705;9.737;9.415;9.491;174461.913
1624622400000;9.496;9.644;9.356;9.521;128760.641
1624626000000;9.527;9.698;9.374;9.595;150728.891
1624629600000;9.586;9.731;9.337;9.356;183362.261
1624633200000;9.361;9.422;9.183;9.34;264581.487
1624636800000;9.352;9.45;8.984;9.112;330596.584
1624640400000;9.095;9.244;8.899;8.959;182186.762
1624644000000;8.965;9.237;8.85;9.208;154619.069
1624647600000;9.208;9.331;9.067;9.276;125071.58
1624651200000;9.257;9.398;9.169;9.323;85580.86
1624654800000;9.327;9.327;9.102;9.169;71291.868
1624658400000;9.17;9.328;8.981;9;96351.255
1624662000000;9.002;9.332;8.985;9.066;67807.595
1624665600000;9.066;9.374;8.95;9.317;178814.053
1624669200000;9.317;9.35;8.912;9.164;104869.1
1624672800000;9.171;9.292;9;9.28;93423.85
1624676400000;9.274;9.345;9.173;9.184;45975.567
1624680000000;9.185;9.335;9.185;9.328;39588.92
1624683600000;9.328;9.428;9.22;9.262;57795.186
1624687200000;9.259;9.366;9.079;9.113;81528.038
1624690800000;9.113;9.142;8.755;8.804;195969.133
1624694400000;8.81;8.9;8.647;8.768;165827.516
1624698000000;8.759;9.059;8.677;8.97;111453.456
1624701600000;8.969;9.034;8.811;9.002;74741.428
1624705200000;9.01;9.263;9.008;9.173;112574.851
1624708800000;9.172;9.3;9.068;9.069;72754.793
1624712400000;9.08;9.221;8.92;8.92;98940.053
1624716000000;8.926;9.124;8.796;9.094;91880.485
1624719600000;9.09;9.143;8.899;9.06;101832.177
1624723200000;9.066;9.067;8.763;9.043;91779.727
1624726800000;9.037;9.152;8.887;9.143;70819.323
1624730400000;9.137;9.231;9.046;9.088;75089.283
1624734000000;9.082;9.216;9.016;9.137;75026.121
1624737600000;9.139;9.15;8.952;8.984;50124.046
1624741200000;8.984;9.041;8.88;9.036;31911.188
1624744800000;9.038;9.24;9.025;9.229;34320.168
1624748400000;9.221;9.6;9.159;9.596;159902.958
1624752000000;9.59;9.83;9.486;9.742;204581.422
1624755600000;9.743;9.754;9.611;9.727;114338.295
1624759200000;9.734;9.809;9.685;9.772;93250.597
1624762800000;9.773;9.783;9.642;9.741;42377.283
1624766400000;9.746;9.916;9.706;9.73;97691.561
1624770000000;9.738;9.812;9.556;9.631;51948.47
1624773600000;9.629;9.717;9.507;9.57;47824.671
1624777200000;9.564;9.817;9.56;9.754;71665.583
1624780800000;9.763;9.77;9.604;9.608;59555.382
1624784400000;9.607;9.757;9.455;9.498;106352.443
1624788000000;9.493;9.588;9.439;9.476;50531.449
1624791600000;9.465;9.599;9.417;9.511;63396.187
1624795200000;9.51;9.727;9.494;9.694;65346.619
1624798800000;9.688;9.713;9.532;9.567;48855.772
1624802400000;9.563;9.779;9.492;9.726;100196.336
1624806000000;9.718;9.722;9.53;9.644;59882.838
1624809600000;9.644;9.998;9.573;9.866;254772.895
1624813200000;9.848;9.848;9.622;9.75;87035.198
1624816800000;9.742;9.744;9.545;9.642;82722.261
1624820400000;9.639;9.72;9.522;9.679;82329.684
1624824000000;9.673;9.683;9.459;9.47;79673.263
1624827600000;9.471;9.613;9.419;9.591;68528.562
1624831200000;9.59;10;9.576;9.949;116372.854
1624834800000;9.958;10.087;9.91;10.087;70644.089
1624838400000;10.08;10.299;9.973;10.172;149245.157
1624842000000;10.16;10.248;10.026;10.026;65304.194
1624845600000;10.024;10.152;10.024;10.063;48858.18
1624849200000;10.071;10.082;9.938;9.984;62898.328
1624852800000;9.994;10.031;9.917;9.987;39155.658
1624856400000;9.99;10.05;9.942;10.013;63260.012
1624860000000;10.008;10.139;9.978;10.134;81436.916
1624863600000;10.125;10.329;10.052;10.256;114276.364
1624867200000;10.25;10.29;10.146;10.236;59244.914
1624870800000;10.232;10.284;10.155;10.194;69896.808
1624874400000;10.188;10.246;9.957;10.003;100604.703
1624878000000;9.997;10.05;9.944;10.037;40869.464
1624881600000;10.044;10.153;9.973;10.07;54760.315
1624885200000;10.066;10.105;10.004;10.045;37493.747
1624888800000;10.033;10.11;9.995;10.095;88442.039
1624892400000;10.096;10.388;10.08;10.381;94817.444
1624896000000;10.378;10.424;10.227;10.382;82773.203
1624899600000;10.384;10.395;10.227;10.263;78569.995
1624903200000;10.25;10.602;10.243;10.576;155615.873
1624906800000;10.57;10.7;10.536;10.605;115717.174
1624910400000;10.6;10.752;10.577;10.706;65134.793
1624914000000;10.701;10.836;10.577;10.812;64986.564
1624917600000;10.793;10.798;10.584;10.657;67597.252
1624921200000;10.664;10.9;10.57;10.89;83223.812
1624924800000;10.899;11.107;10.825;11.094;203850.771
1624928400000;11.099;11.31;11.002;11.071;167012.03
1624932000000;11.071;11.249;11.001;11.033;87042.841
1624935600000;11.026;11.14;10.989;11.098;49751.179
1624939200000;11.094;11.304;11.092;11.224;57262.959
1624942800000;11.229;11.287;11.096;11.217;127076.09
1624946400000;11.225;11.4;11.132;11.292;130269.161
1624950000000;11.291;11.555;11.243;11.379;162613.347
1624953600000;11.378;11.692;11.364;11.652;170997.444
1624957200000;11.647;11.775;11.52;11.716;113626.494
1624960800000;11.715;11.912;11.643;11.901;102442.548
1624964400000;11.907;12.031;11.85;11.999;176636.729
1624968000000;12;12.08;11.881;11.893;218568.219
1624971600000;11.892;12.664;11.864;12.558;328099.263
1624975200000;12.558;12.875;12.36;12.36;554916.431
1624978800000;12.363;12.414;11.888;12.04;450909.45
1624982400000;12.041;12.091;11.777;12;213611.634
1624986000000;11.998;12.058;11.87;11.956;145760.561
1624989600000;11.96;12.013;11.814;11.95;79816.638
1624993200000;11.954;11.992;11.621;11.818;214074.366
1624996800000;11.81;11.925;11.602;11.672;87059.96
1625000400000;11.664;11.881;11.591;11.853;75966.154
1625004000000;11.859;11.866;11.5;11.58;89005.56
1625007600000;11.582;11.863;11.54;11.65;111140.286
1625011200000;11.638;11.927;11.432;11.838;190513.492
1625014800000;11.83;11.872;11.478;11.692;90830.172
1625018400000;11.673;11.773;11.534;11.743;48729.372
1625022000000;11.748;11.748;11.379;11.433;122265.49
1625025600000;11.441;11.631;11.251;11.262;110657.905
1625029200000;11.275;11.484;11.221;11.382;104052.057
1625032800000;11.37;11.689;11.34;11.452;155480.57
1625036400000;11.45;11.746;11.353;11.724;86739.702
1625040000000;11.734;11.819;11.45;11.457;124840.036
1625043600000;11.464;11.707;11.389;11.553;111544.761
1625047200000;11.543;11.761;11.536;11.693;125033.334
1625050800000;11.692;11.817;11.604;11.744;83912.12
1625054400000;11.745;11.798;11.473;11.49;68928.29
1625058000000;11.493;11.565;11.341;11.535;97199.423
1625061600000;11.525;11.631;11.358;11.431;58024.282
1625065200000;11.424;11.482;11.034;11.132;164147.203
1625068800000;11.144;11.261;11.072;11.136;74914.259
1625072400000;11.135;11.408;11.135;11.397;71942.377
1625076000000;11.399;11.649;11.361;11.631;77899.32
1625079600000;11.633;11.888;11.59;11.874;104085.768
1625083200000;11.877;11.999;11.704;11.801;175055.346
1625086800000;11.799;12.045;11.799;11.937;104074.711
1625090400000;11.95;11.998;11.818;11.936;63497.066
1625094000000;11.958;12.052;11.925;12.045;56554.693
1625097600000;12.045;12.078;11.67;11.699;134154.022
1625101200000;11.697;11.886;11.694;11.866;35700.136
1625104800000;11.88;11.889;11.565;11.588;60598.424
1625108400000;11.591;11.668;11.465;11.465;50904.851
1625112000000;11.464;11.568;11.43;11.555;43126.273
1625115600000;11.564;11.614;11.444;11.573;36159.846
1625119200000;11.574;11.805;11.328;11.372;131540.049
1625122800000;11.366;11.486;11.208;11.272;160380.337
1625126400000;11.278;11.361;11.081;11.175;129452.795
1625130000000;11.168;11.24;10.971;11;145714.726
1625133600000;11;11.064;10.854;10.997;122512.161
1625137200000;10.99;11.282;10.963;11.232;136739.629
1625140800000;11.224;11.302;11.106;11.251;52691.275
1625144400000;11.255;11.317;11.147;11.158;56517.228
1625148000000;11.157;11.25;10.9;11.047;104709.77
1625151600000;11.03;11.209;11.016;11.087;79776.652
1625155200000;11.085;11.107;10.915;10.923;40095.959
1625158800000;10.93;11.07;10.9;11.023;60342.144
1625162400000;11.019;11.097;10.957;10.976;36055.429
1625166000000;10.984;11.009;10.713;10.824;82098.591
1625169600000;10.824;10.995;10.82;10.946;45011.857
1625173200000;10.947;11.103;10.901;11.073;30471.853
1625176800000;11.07;11.24;11.037;11.198;41598.156
1625180400000;11.205;11.217;11.032;11.033;46345.686
1625184000000;11.036;11.355;10.97;11.344;88384.092
1625187600000;11.345;11.369;11.078;11.083;84733.72
1625191200000;11.085;11.113;10.947;11.021;56965.986
1625194800000;11.023;11.027;10.785;10.836;65194.81
1625198400000;10.824;10.893;10.754;10.821;80118.322
1625202000000;10.831;10.886;10.646;10.69;59075.649
1625205600000;10.693;10.793;10.57;10.744;87773.818
1625209200000;10.74;10.907;10.685;10.883;45070.982
1625212800000;10.882;11.106;10.815;10.947;116315.704
1625216400000;10.939;10.953;10.6;10.653;108895.445
1625220000000;10.654;10.721;10.522;10.682;102837.513
1625223600000;10.678;10.846;10.594;10.648;98060.38
1625227200000;10.64;10.856;10.599;10.814;71258.733
1625230800000;10.813;11.334;10.774;11.241;168914.67
1625234400000;11.246;11.442;11.172;11.363;173223.291
1625238000000;11.367;11.429;11.217;11.407;85106.088
1625241600000;11.413;11.574;11.379;11.509;141267.485
1625245200000;11.51;11.58;11.416;11.524;70083.51
1625248800000;11.524;11.538;11.365;11.377;43603.292
1625252400000;11.378;11.405;11.241;11.389;72675.563
1625256000000;11.396;11.45;11.182;11.209;77900.246
1625259600000;11.216;11.42;11.203;11.408;86131.432
1625263200000;11.409;11.696;11.38;11.691;83058.181
1625266800000;11.692;11.81;11.616;11.795;80402.326
1625270400000;11.795;11.892;11.654;11.697;100160.835
1625274000000;11.701;11.765;11.618;11.693;51167.474
1625277600000;11.705;11.827;11.632;11.671;67826.83
1625281200000;11.669;11.687;11.526;11.664;154198.743
1625284800000;11.679;11.816;11.609;11.796;75268.798
1625288400000;11.79;12.009;11.724;11.914;96619.026
1625292000000;11.913;11.982;11.836;11.846;68260.565
1625295600000;11.846;12.055;11.81;12;192945.343
1625299200000;12.001;12.034;11.928;12.031;124416.29
1625302800000;12.03;12.2;12.026;12.062;132485.113
1625306400000;12.057;12.08;11.92;11.958;124683.047
1625310000000;11.957;11.966;11.819;11.829;42072.656
1625313600000;11.836;11.867;11.747;11.818;87330.105
1625317200000;11.817;11.855;11.751;11.845;35978.641
1625320800000;11.845;11.853;11.754;11.774;35615.122
1625324400000;11.768;11.841;11.673;11.771;62750.606
1625328000000;11.768;11.844;11.707;11.823;41773.838
1625331600000;11.818;11.974;11.806;11.964;46391.698
1625335200000;11.964;12.042;11.865;11.87;91028.908
1625338800000;11.865;11.953;11.84;11.948;20546.704
1625342400000;11.948;11.952;11.821;11.913;31334.002
1625346000000;11.915;11.999;11.764;11.799;33900.035
1625349600000;11.788;11.866;11.701;11.817;39231.427
1625353200000;11.806;11.824;11.66;11.8;47458.27
1625356800000;11.804;11.816;11.653;11.664;36878.059
1625360400000;11.662;11.675;11.52;11.533;31940.958
1625364000000;11.524;11.673;11.515;11.65;16482.086
1625367600000;11.65;11.748;11.618;11.687;15486.216
1625371200000;11.686;11.984;11.685;11.951;53128.766
1625374800000;11.947;12.255;11.9;12.209;108334.154
1625378400000;12.214;12.309;12.174;12.254;83336.214
1625382000000;12.258;12.345;12.21;12.311;78156.94
1625385600000;12.312;12.355;12.204;12.265;71351.543
1625389200000;12.27;12.283;12.117;12.172;85093.615
1625392800000;12.174;12.329;12.147;12.284;66652.013
1625396400000;12.288;12.367;12.209;12.283;57864.678
1625400000000;12.287;12.287;12.055;12.069;64294.321
1625403600000;12.078;12.174;12.023;12.087;56464.011
1625407200000;12.085;12.294;12.064;12.266;41008.784
1625410800000;12.266;12.327;12.177;12.307;24746.857
1625414400000;12.319;12.344;12.2;12.213;39848.869
1625418000000;12.213;12.44;12.171;12.385;130156.028
1625421600000;12.39;12.452;12.278;12.317;99364.083
1625425200000;12.322;12.324;12.188;12.198;80270.802
1625428800000;12.198;12.261;12.142;12.191;51668.545
1625432400000;12.191;12.385;12.166;12.355;40586.032
1625436000000;12.362;12.394;12.123;12.176;57297.123
1625439600000;12.169;12.334;12.075;12.307;85942.518
1625443200000;12.312;12.312;12.112;12.122;49013.166
1625446800000;12.111;12.2;11.927;11.969;67816.961
1625450400000;11.984;12.127;11.956;12.123;97239.003
1625454000000;12.114;12.685;12.057;12.667;213028.447
1625457600000;12.655;12.829;12.516;12.681;219817.727
1625461200000;12.674;12.905;12.488;12.71;170826.027
1625464800000;12.714;12.882;12.58;12.826;97602.989
1625468400000;12.82;12.821;12.587;12.737;83913.973
1625472000000;12.738;12.95;12.604;12.806;150333.826
1625475600000;12.805;12.994;12.787;12.869;144192.699
1625479200000;12.868;13.388;12.84;13.24;234413.378
1625482800000;13.231;13.527;12.499;12.811;730405.854
1625486400000;12.805;12.976;12.615;12.629;238008.957
1625490000000;12.629;13.068;12.621;13.031;158618.077
1625493600000;13.033;13.154;12.929;12.986;258125.045
1625497200000;12.995;13;12.644;12.653;284090.831
1625500800000;12.655;12.8;12.511;12.645;243957.706
1625504400000;12.63;12.73;12.231;12.571;295499.925
1625508000000;12.573;12.781;12.565;12.711;133109.021
1625511600000;12.711;13.357;12.71;13.244;317880.5
1625515200000;13.242;13.894;13.232;13.604;707669.375
1625518800000;13.591;13.966;13.586;13.707;260627.867
1625522400000;13.714;13.845;13.433;13.522;247079.01
1625526000000;13.522;13.771;13.486;13.531;144125.611
1625529600000;13.541;14.049;13.535;13.724;360592.698
1625533200000;13.71;13.78;13.482;13.526;93228.082
1625536800000;13.513;13.628;13.313;13.395;108068.551
1625540400000;13.396;13.458;13.265;13.288;90174.605
1625544000000;13.289;13.57;13.278;13.442;184183.161
1625547600000;13.44;13.495;13.3;13.487;124937.958
1625551200000;13.486;13.707;13.473;13.561;132506.092
1625554800000;13.563;13.592;13.384;13.433;64501.654
1625558400000;13.433;13.592;13.347;13.568;68251.225
1625562000000;13.562;13.592;12.924;13.088;200256.332
1625565600000;13.088;13.182;12.943;13.088;133014.612
1625569200000;13.084;13.252;12.981;13.083;101067.766
1625572800000;13.083;13.386;13.001;13.341;128255.832
1625576400000;13.334;13.389;13.039;13.13;101436.597
1625580000000;13.13;13.257;13.002;13.242;61367.596
1625583600000;13.241;13.298;13.061;13.212;81256.444
1625587200000;13.215;13.326;13.001;13.125;80952.112
1625590800000;13.126;13.133;12.812;13.083;119010.363
1625594400000;13.083;13.269;13.053;13.165;65633.785
1625598000000;13.154;13.378;13.145;13.183;79208.034
1625601600000;13.183;13.228;13.061;13.079;46229.68
1625605200000;13.079;13.113;12.93;12.986;81148.237
1625608800000;12.981;13.218;12.962;13.178;40467.209
1625612400000;13.178;13.296;13.1;13.136;85447.851
1625616000000;13.143;13.205;12.93;13.11;94550.788
1625619600000;13.107;13.253;13.088;13.142;76153.537
1625623200000;13.146;13.206;13.025;13.203;55382.073
1625626800000;13.202;13.477;13.188;13.433;131225.736
1625630400000;13.43;13.5;13.336;13.467;84574.709
1625634000000;13.467;13.471;13.335;13.35;44529.354
1625637600000;13.355;13.412;13.192;13.203;53428.408
1625641200000;13.203;13.278;13.077;13.142;65041.156
1625644800000;13.141;13.215;13.11;13.152;48997.877
1625648400000;13.15;13.171;12.94;12.95;91149.154
1625652000000;12.95;13.06;12.82;13.033;81296.698
1625655600000;13.039;13.158;12.998;13.128;60564.627
1625659200000;13.131;13.216;13.073;13.145;57202.655
1625662800000;13.142;13.204;13.076;13.176;55450.063
1625666400000;13.177;13.29;13.1;13.118;77664.886
1625670000000;13.11;13.179;13.013;13.08;49593.579
1625673600000;13.088;13.371;13.058;13.268;110762.377
1625677200000;13.267;13.43;13.236;13.373;57029.738
1625680800000;13.372;13.51;13.332;13.409;70938.298
1625684400000;13.416;13.491;13.344;13.391;85403.687
1625688000000;13.384;13.384;13.212;13.28;53453.737
1625691600000;13.28;13.28;13.093;13.105;41023.12
1625695200000;13.105;13.209;13.04;13.053;26109.971
1625698800000;13.05;13.056;12.901;12.939;65940.542
1625702400000;12.945;12.974;12.517;12.566;161430.099
1625706000000;12.559;12.68;12.518;12.535;46950.406
1625709600000;12.534;12.599;12.472;12.546;83695.124
1625713200000;12.54;12.54;12.231;12.346;149831.876
1625716800000;12.345;12.372;12.19;12.339;69130.837
1625720400000;12.336;12.382;12.051;12.071;80205.931
1625724000000;12.065;12.37;12.057;12.101;65484.635
1625727600000;12.105;12.242;11.76;11.845;168580.879
1625731200000;11.852;11.96;11.701;11.927;114067.09
1625734800000;11.927;12.025;11.848;11.898;65246.913
1625738400000;11.898;12.084;11.865;11.889;64782.05
1625742000000;11.892;11.94;11.689;11.928;73980.877
1625745600000;11.922;12.003;11.759;11.878;84667.462
1625749200000;11.884;11.92;11.661;11.69;78542.26
1625752800000;11.681;11.984;11.672;11.984;48224.474
1625756400000;11.983;12.214;11.887;12.2;78176.72
1625760000000;12.2;12.301;12.163;12.286;66766.722
1625763600000;12.28;12.524;12.28;12.46;116246.245
1625767200000;12.457;12.52;12.367;12.405;77665.764
1625770800000;12.413;12.446;12.22;12.404;46710.237
1625774400000;12.408;12.42;12.171;12.186;73006.219
1625778000000;12.189;12.348;12.016;12.016;47542.896
1625781600000;12.022;12.099;11.745;11.755;102352.018
1625785200000;11.754;12.082;11.754;11.916;112797.743
1625788800000;11.92;11.921;11.411;11.546;314627.868
1625792400000;11.557;11.767;11.461;11.738;168155.683
1625796000000;11.753;12.177;11.71;12.163;131896.764
1625799600000;12.165;12.389;12.123;12.285;144695.328
1625803200000;12.285;12.939;12.258;12.887;314554.411
1625806800000;12.877;12.988;12.641;12.701;185894.484
1625810400000;12.702;13.018;12.592;12.953;208528.986
1625814000000;12.958;13.006;12.543;12.667;250745.037
1625817600000;12.67;12.67;12.309;12.447;260085.229
1625821200000;12.448;12.779;12.44;12.713;179429.355
1625824800000;12.714;12.828;12.52;12.663;114032.051
1625828400000;12.663;12.665;12.361;12.448;83213.315
1625832000000;12.444;12.873;12.309;12.872;126240.975
1625835600000;12.863;13.35;12.801;13.292;349928.163
1625839200000;13.3;13.449;13.206;13.262;187450.448
1625842800000;13.266;13.476;13.177;13.297;162896.467
1625846400000;13.302;13.699;13.27;13.399;249320.379
1625850000000;13.399;13.417;13.177;13.233;107218.604
1625853600000;13.235;13.258;13.051;13.143;104154.945
1625857200000;13.143;13.2;13.037;13.133;36944.575
1625860800000;13.134;13.255;13.049;13.163;76071.204
1625864400000;13.164;13.506;13.157;13.248;100792.033
1625868000000;13.248;13.539;13.238;13.409;132572.893
1625871600000;13.407;13.422;13.143;13.181;85737.856
1625875200000;13.183;13.48;13.18;13.363;130841.257
1625878800000;13.358;13.737;13.228;13.564;234554.545
1625882400000;13.559;13.566;13.234;13.263;136781.032
1625886000000;13.264;13.33;13.181;13.194;86981.692
1625889600000;13.196;13.319;13.054;13.061;130517.081
1625893200000;13.058;13.323;12.958;13.306;111817.558
1625896800000;13.306;13.78;13.286;13.614;190551.149
1625900400000;13.614;13.649;13.343;13.603;96216.664
1625904000000;13.604;13.726;13.472;13.696;71317.516
1625907600000;13.686;13.86;13.465;13.494;119925.586
1625911200000;13.499;13.569;13.256;13.311;94595.221
1625914800000;13.302;13.533;13.244;13.437;54842.804
1625918400000;13.417;13.575;13.321;13.566;54443.162
1625922000000;13.561;13.6;13.339;13.383;41769.111
1625925600000;13.391;13.48;13.339;13.421;49117.653
1625929200000;13.423;13.625;13.412;13.468;70321.945
1625932800000;13.471;13.871;13.457;13.712;184056.224
1625936400000;13.714;13.757;13.147;13.2;237929.453
1625940000000;13.192;13.414;13.161;13.404;55256.069
1625943600000;13.405;13.71;13.301;13.518;133942.967
1625947200000;13.513;13.865;13.227;13.865;177681.724
1625950800000;13.86;13.978;13.616;13.948;120793.242
1625954400000;13.935;14.311;13.863;14.262;263868.411
1625958000000;14.254;14.541;14.206;14.425;262941.48
1625961600000;14.429;14.487;14.11;14.372;167405.959
1625965200000;14.378;14.605;14.285;14.285;161869.061
1625968800000;14.288;14.501;14.266;14.278;76857.59
1625972400000;14.278;14.362;14.057;14.134;77825.533
1625976000000;14.141;14.165;13.871;14.099;132762.539
1625979600000;14.097;14.71;14.012;14.599;214600.461
1625983200000;14.608;14.739;14.358;14.471;150583.747
1625986800000;14.465;14.79;14.437;14.686;155217.517
1625990400000;14.69;14.8;14.537;14.679;130711.076
1625994000000;14.68;14.728;14.533;14.639;80050.016
1625997600000;14.645;14.738;14.44;14.471;80486.631
1626001200000;14.484;14.513;14.362;14.513;120659.833
1626004800000;14.504;14.559;14.263;14.288;89872.404
1626008400000;14.29;14.432;14.246;14.397;115988.049
1626012000000;14.418;14.536;14.3;14.51;64067.347
1626015600000;14.514;14.67;14.442;14.555;157802.737
1626019200000;14.549;14.596;14.395;14.44;110665.43
1626022800000;14.431;14.499;14.166;14.205;117030.613
1626026400000;14.206;14.344;14.108;14.267;111249.1
1626030000000;14.261;14.277;14.11;14.153;54149.979
1626033600000;14.16;14.262;14.05;14.097;49129.119
1626037200000;14.093;14.433;13.975;14.364;125425.717
1626040800000;14.369;14.43;14.093;14.109;126333.16
1626044400000;14.107;14.107;13.947;14.077;96199.72
1626048000000;14.078;14.129;13.934;13.981;69110.97
1626051600000;13.979;13.989;13.809;13.917;79319.168
1626055200000;13.909;14.094;13.742;14.054;97265.12
1626058800000;14.055;14.07;13.835;13.966;91319.828
1626062400000;13.965;14.076;13.854;13.869;68671.833
1626066000000;13.862;13.961;13.791;13.954;43211.093
1626069600000;13.962;14.029;13.824;14.004;91925.697
1626073200000;14.009;14.059;13.903;13.934;62923.956
1626076800000;13.934;14.031;13.904;13.945;39629.707
1626080400000;13.94;14.001;13.717;13.729;104491.216
1626084000000;13.728;13.73;13.556;13.641;108270.057
1626087600000;13.643;13.646;13.417;13.419;90611.736
1626091200000;13.422;13.587;13.392;13.527;58073.469
1626094800000;13.522;13.649;13.457;13.622;45062.713
1626098400000;13.613;13.65;13.512;13.601;43640.284
1626102000000;13.601;13.606;13.364;13.367;100901.329
1626105600000;13.376;13.5;13.155;13.285;141225.2
1626109200000;13.289;13.348;13.067;13.114;133179.877
1626112800000;13.114;13.234;13.001;13.115;72667.619
1626116400000;13.089;13.34;12.928;12.962;169850.646
1626120000000;12.958;13.022;12.752;12.941;213462.214
1626123600000;12.931;13.027;12.881;12.94;61972.368
1626127200000;12.929;13.12;12.914;13.084;89768.932
1626130800000;13.081;13.1;12.969;12.981;61616.755
1626134400000;12.982;13.132;12.812;13.051;77026.579
1626138000000;13.048;13.184;12.9;13.146;48856.357
1626141600000;13.131;13.343;13.112;13.254;112042.857
1626145200000;13.26;13.729;13.251;13.459;184481.057
1626148800000;13.458;13.563;13.313;13.505;98172.638
1626152400000;13.511;13.53;12.949;13.053;136838.572
1626156000000;13.044;13.4;13.035;13.232;70518.211
1626159600000;13.236;13.49;13.234;13.365;67825.325
1626163200000;13.365;13.496;13.359;13.419;38680.223
1626166800000;13.418;13.463;13.282;13.453;47295.839
1626170400000;13.454;13.525;13.348;13.393;41946.427
1626174000000;13.395;13.697;13.291;13.622;94862.017
1626177600000;13.606;13.611;13.039;13.073;168139.759
1626181200000;13.093;13.291;12.854;12.973;211245.549
1626184800000;12.971;13.007;12.642;12.769;279582.21
1626188400000;12.772;12.938;12.684;12.844;143427.928
1626192000000;12.844;12.887;12.698;12.788;62343.964
1626195600000;12.802;12.917;12.761;12.878;89890.451
1626199200000;12.879;12.879;12.401;12.419;144005.304
1626202800000;12.419;12.549;11.982;12.032;418503.863
1626206400000;12.027;12.096;11.919;12.017;219958.03
1626210000000;12.019;12.109;11.807;11.961;117234.363
1626213600000;11.966;12.094;11.811;11.97;105352.025
1626217200000;11.966;12.188;11.926;12.092;152866.698
1626220800000;12.087;12.231;11.518;11.611;400951.34
1626224400000;11.61;11.644;11.312;11.501;392438.909
1626228000000;11.509;11.639;11.336;11.605;181366.103
1626231600000;11.596;11.619;11.019;11.246;287581.139
1626235200000;11.241;11.468;11.17;11.378;133768.419
1626238800000;11.375;11.417;11.184;11.265;168653.411
1626242400000;11.269;11.425;11.176;11.239;102506.02
1626246000000;11.239;11.51;11.225;11.431;93826.183
1626249600000;11.431;11.513;11.272;11.292;105934.565
1626253200000;11.289;11.8;11.2;11.73;268075.482
1626256800000;11.739;11.96;11.707;11.885;118306.898
1626260400000;11.878;11.962;11.73;11.785;175240.223
1626264000000;11.785;11.848;11.576;11.643;163996.986
1626267600000;11.646;12.04;11.644;12.016;283843.228
1626271200000;12.019;12.143;11.951;12.036;171376.627
1626274800000;12.039;12.063;11.796;11.907;107163.035
1626278400000;11.908;12.035;11.82;11.97;81667.891
1626282000000;11.97;12.007;11.869;11.943;39991.359
1626285600000;11.94;12.062;11.807;11.825;65987.522
1626289200000;11.833;11.864;11.667;11.68;124851.034
1626292800000;11.682;11.847;11.667;11.819;57908.177
1626296400000;11.821;11.958;11.809;11.885;46577.913
1626300000000;11.888;12.022;11.845;11.943;53834.954
1626303600000;11.942;11.946;11.644;11.747;103707.521
1626307200000;11.749;11.9;11.52;11.888;127463.514
1626310800000;11.893;12.065;11.725;11.742;108307.148
1626314400000;11.742;11.863;11.69;11.725;63740.173
1626318000000;11.725;11.725;11.584;11.59;67492.564
1626321600000;11.583;11.648;11.469;11.577;76450.06
1626325200000;11.584;11.602;11.446;11.506;82370.857
1626328800000;11.503;11.503;11.245;11.354;130458.854
1626332400000;11.35;11.488;11.289;11.463;61630.324
1626336000000;11.456;11.602;11.371;11.387;94596.019
1626339600000;11.384;11.48;11.326;11.391;112613.542
1626343200000;11.385;11.431;10.85;10.876;300459.261
1626346800000;10.878;11.063;10.848;11.005;169822.813
1626350400000;10.999;11.134;10.819;10.937;149100.638
1626354000000;10.929;11.08;10.806;11.058;128164.143
1626357600000;11.06;11.127;10.929;11.023;93122.125
1626361200000;11.031;11.141;10.977;11.072;86364.136
1626364800000;11.055;11.124;10.698;10.856;162654.928
1626368400000;10.857;10.89;10.653;10.841;142174.892
1626372000000;10.848;11.098;10.803;11.036;106999.184
1626375600000;11.029;11.235;11.015;11.209;144265.645
1626379200000;11.217;11.405;11.217;11.375;128039.033
1626382800000;11.382;11.479;11.341;11.4;110619.173
1626386400000;11.4;11.528;11.34;11.415;96979.103
1626390000000;11.418;11.545;11.26;11.474;135612.374
1626393600000;11.468;11.6;11.319;11.565;180373.468
1626397200000;11.578;11.72;11.546;11.657;137194.943
1626400800000;11.658;11.802;11.639;11.795;97992.655
1626404400000;11.798;12.037;11.734;12.037;126176.398
1626408000000;12.037;12.058;11.84;11.885;108533.567
1626411600000;11.889;11.928;11.651;11.674;129464.137
1626415200000;11.684;11.722;11.321;11.322;115075.343
1626418800000;11.322;11.557;11.321;11.53;158287.11
1626422400000;11.527;11.568;11.131;11.259;194508.262
1626426000000;11.263;11.381;11.162;11.281;122428.04
1626429600000;11.28;11.305;10.976;11.24;208936.143
1626433200000;11.235;11.47;11.111;11.323;165173.463
1626436800000;11.316;11.995;11.304;11.773;481410.642
1626440400000;11.765;11.91;11.618;11.688;196613.332
1626444000000;11.695;11.966;11.663;11.877;175120.174
1626447600000;11.876;13;11.799;12.5;716314.314
1626451200000;12.499;12.9;12.309;12.881;731572.711
1626454800000;12.883;13.19;12.821;12.846;906110.373
1626458400000;12.85;12.999;12.686;12.756;336546.384
1626462000000;12.745;12.83;12.568;12.589;192237.436
1626465600000;12.597;12.703;12.28;12.284;226659.131
1626469200000;12.282;12.39;12.061;12.094;353043.147
1626472800000;12.094;12.15;11.54;11.577;396383.87
1626476400000;11.577;11.62;11.094;11.149;592970.714
1626480000000;11.149;11.289;11.004;11.236;546709.306
1626483600000;11.236;11.239;10.738;10.866;401295.274
1626487200000;10.865;10.98;10.713;10.848;249452.655
1626490800000;10.843;11.025;10.744;10.863;212200.139
1626494400000;10.86;11.083;10.765;11.049;244238.361
1626498000000;11.053;11.338;11.032;11.258;253137.073
1626501600000;11.259;11.48;11.2;11.445;218072.648
1626505200000;11.441;11.446;11.123;11.211;204178.721
1626508800000;11.214;11.508;10.967;11.277;298954.747
1626512400000;11.272;11.364;11.09;11.133;151333.188
1626516000000;11.133;11.156;10.85;10.865;199118.322
1626519600000;10.856;11.099;10.835;11.058;152551.746
1626523200000;11.057;11.281;11;11.27;150724.933
1626526800000;11.268;11.289;10.982;11.123;161253.986
1626530400000;11.114;11.203;10.942;11.027;114927.559
1626534000000;11.027;11.094;10.95;11.094;84539.439
1626537600000;11.091;11.15;10.986;11.045;137222.734
1626541200000;11.043;11.171;10.973;11.17;77804.032
1626544800000;11.17;11.296;11.028;11.108;107359.503
1626548400000;11.104;11.268;11.07;11.126;128172.517
1626552000000;11.131;11.275;11.087;11.143;97674.635
1626555600000;11.151;11.244;11.08;11.146;66463.743
1626559200000;11.147;11.193;11.027;11.101;88383.028
1626562800000;11.107;11.151;10.955;11.022;117852.929
1626566400000;11.02;11.427;10.975;11.313;185596.612
1626570000000;11.314;11.557;11.3;11.344;147320.634
1626573600000;11.35;11.48;11.35;11.456;134136.83
1626577200000;11.462;11.464;11.203;11.237;103106.074
1626580800000;11.237;11.301;11.144;11.179;72726.048
1626584400000;11.184;11.295;11.152;11.23;75913.152
1626588000000;11.227;11.239;11.033;11.061;127035.415
1626591600000;11.058;11.151;11.027;11.092;94564.866
1626595200000;11.094;11.179;11.08;11.175;62963.798
1626598800000;11.175;11.305;11.134;11.173;93141.988
1626602400000;11.166;11.24;11.113;11.225;72620.141
1626606000000;11.205;11.305;11.191;11.257;67723.618
1626609600000;11.257;11.296;11.155;11.229;56406.923
1626613200000;11.235;11.258;11.112;11.153;101181.067
1626616800000;11.148;11.224;10.766;10.826;241347.561
1626620400000;10.82;10.971;10.737;10.908;115790.164
1626624000000;10.901;10.982;10.791;10.903;71546.729
1626627600000;10.906;11.265;10.886;11.149;262961.684
1626631200000;11.143;11.248;11.089;11.145;83431.417
1626634800000;11.152;11.162;11.065;11.135;49844.591
1626638400000;11.123;11.134;11.009;11.04;58447.694
1626642000000;11.038;11.165;10.954;11.142;55551.683
1626645600000;11.142;11.187;10.857;10.916;87534.096
1626649200000;10.909;11.059;10.868;10.972;39065.854
1626652800000;10.981;11.07;10.574;10.684;198476.324
1626656400000;10.675;10.711;10.53;10.684;125049.371
1626660000000;10.679;10.733;10.52;10.591;84569.839
1626663600000;10.594;10.685;10.593;10.614;46664.828
1626667200000;10.616;10.718;10.604;10.635;65891.515
1626670800000;10.633;10.843;10.624;10.832;68645.236
1626674400000;10.831;10.87;10.771;10.82;51942.505
1626678000000;10.823;10.952;10.731;10.752;49367.166
1626681600000;10.754;10.855;10.712;10.725;37576.081
1626685200000;10.718;10.776;10.665;10.688;49398.732
1626688800000;10.676;10.714;10.432;10.488;126146.687
1626692400000;10.497;10.586;10.401;10.44;140442.771
1626696000000;10.434;10.461;10.017;10.103;301920.136
1626699600000;10.101;10.229;9.962;10;217953.283
1626703200000;9.99;10.196;9.981;10.181;123498.686
1626706800000;10.181;10.275;10.091;10.127;115716.512
1626710400000;10.122;10.255;10.079;10.122;86927.149
1626714000000;10.126;10.214;10.094;10.175;58335.798
1626717600000;10.178;10.227;10;10.052;87546.528
1626721200000;10.055;10.201;9.992;10.147;105029.925
1626724800000;10.153;10.198;10.071;10.114;77780.22
1626728400000;10.114;10.196;9.923;9.941;75699.335
1626732000000;9.941;10.192;9.941;10.039;98632.979
1626735600000;10.039;10.138;9.933;9.98;67131.375
1626739200000;9.984;10.166;9.898;9.902;143189.319
1626742800000;9.903;9.927;9.565;9.681;240130.16
1626746400000;9.669;9.788;9.504;9.523;195871.759
1626750000000;9.523;9.6;9.183;9.244;307595.052
1626753600000;9.242;9.429;9.23;9.281;113932.388
1626757200000;9.28;9.389;9.225;9.355;137213.79
1626760800000;9.351;9.415;9.275;9.377;106087.148
1626764400000;9.386;9.494;9.345;9.446;145704.848
1626768000000;9.441;9.464;9.165;9.183;134493.446
1626771600000;9.184;9.282;8.93;9.035;263512.144
1626775200000;9.041;9.2;8.96;9.193;139517.991
1626778800000;9.19;9.285;9.112;9.245;112927.254
1626782400000;9.245;9.364;9.228;9.329;115158.904
1626786000000;9.327;9.372;9.127;9.199;106383.237
1626789600000;9.196;9.368;9.118;9.352;193398.148
1626793200000;9.357;9.659;9.329;9.569;254362.23
1626796800000;9.565;9.643;9.415;9.421;87333.653
1626800400000;9.421;9.511;9.379;9.465;65050.387
1626804000000;9.47;9.616;9.442;9.575;52887.643
1626807600000;9.581;9.669;9.531;9.632;81803.917
1626811200000;9.627;9.743;9.618;9.64;97186
1626814800000;9.642;9.688;9.547;9.584;68089.506
1626818400000;9.577;9.646;9.38;9.394;67032.614
1626822000000;9.402;9.528;9.306;9.443;105909.989
1626825600000;9.449;9.554;9.188;9.219;137403.02
1626829200000;9.224;9.327;9.135;9.296;113667.332
1626832800000;9.296;9.599;9.294;9.538;143245.182
1626836400000;9.535;9.638;9.452;9.575;77969.592
1626840000000;9.579;10.046;9.571;9.978;240825.465
1626843600000;9.974;10.065;9.869;10.02;159872.701
1626847200000;10.013;10.167;9.992;10.132;114059.538
1626850800000;10.14;10.344;10.073;10.12;168029.754
1626854400000;10.118;10.164;9.954;10.069;148771.401
1626858000000;10.068;10.216;10.028;10.208;122573.551
1626861600000;10.222;10.361;10.148;10.357;161056.068
1626865200000;10.359;10.514;10.287;10.441;180685.807
1626868800000;10.442;10.565;10.333;10.353;240278.263
1626872400000;10.346;10.416;10.281;10.301;71924.632
1626876000000;10.309;10.563;10.3;10.525;101554.215
1626879600000;10.527;10.596;10.408;10.556;106082.796
1626883200000;10.558;10.701;10.446;10.446;157135.065
1626886800000;10.445;10.473;10.259;10.332;145075.755
1626890400000;10.344;10.544;10.121;10.14;203041.481
1626894000000;10.14;10.312;10.058;10.215;134078.299
1626897600000;10.219;10.262;10.089;10.156;66075.976
1626901200000;10.153;10.228;10.073;10.219;36004.408
1626904800000;10.224;10.381;10.18;10.381;55126.163
1626908400000;10.385;10.481;10.293;10.481;59849.513
1626912000000;10.476;10.545;10.337;10.39;95969.542
1626915600000;10.385;10.435;10.224;10.31;66617.136
1626919200000;10.305;10.335;10.181;10.186;64583.653
1626922800000;10.189;10.374;10.178;10.269;75008.43
1626926400000;10.267;10.512;10.254;10.458;93238.702
1626930000000;10.464;10.472;10.281;10.318;67782.164
1626933600000;10.314;10.558;10.29;10.55;84435.795
1626937200000;10.549;10.735;10.504;10.605;126360.788
1626940800000;10.604;11.2;10.56;11.085;514953.121
1626944400000;11.081;11.081;10.639;10.721;203297.58
1626948000000;10.72;10.885;10.692;10.767;93549.124
1626951600000;10.765;10.868;10.707;10.823;59664.052
1626955200000;10.815;11.038;10.588;10.973;141428.259
1626958800000;10.97;11.072;10.871;10.954;114289.79
1626962400000;10.95;11.12;10.88;11.07;159188.218
1626966000000;11.07;11.278;11.064;11.253;195983.248
1626969600000;11.26;11.419;11.095;11.404;193972.811
1626973200000;11.402;11.571;11.298;11.551;192373.683
1626976800000;11.549;11.62;11.389;11.459;196408.655
1626980400000;11.463;11.548;11.421;11.493;75251.121
1626984000000;11.494;11.55;11.348;11.354;78215.476
1626987600000;11.356;11.472;11.205;11.205;45641.49
1626991200000;11.219;11.318;11.176;11.218;70628.028
1626994800000;11.207;11.396;11.175;11.377;66375.717
1626998400000;11.378;11.519;11.252;11.323;91801.812
1627002000000;11.322;11.549;11.317;11.469;112461.071
1627005600000;11.469;11.549;11.359;11.368;56100.7
1627009200000;11.369;11.38;11.136;11.174;102782.481
1627012800000;11.169;11.356;11.113;11.33;116135.56
1627016400000;11.332;11.477;11.31;11.393;104068.549
1627020000000;11.386;11.412;11.153;11.214;104691.457
1627023600000;11.212;11.224;11.029;11.128;142807.387
1627027200000;11.128;11.208;10.958;11.143;158689.173
1627030800000;11.142;11.315;11.052;11.08;121490.368
1627034400000;11.077;11.132;10.961;11.102;81648.329
1627038000000;11.105;11.254;11.06;11.06;108446.063
1627041600000;11.057;11.117;10.958;11.077;118489.196
1627045200000;11.086;11.307;11.067;11.267;116721.044
1627048800000;11.258;11.363;11.144;11.193;96301.67
1627052400000;11.197;11.207;11.011;11.023;74653.432
1627056000000;11.027;11.035;10.677;10.754;192522.828
1627059600000;10.755;10.874;10.696;10.825;68032.446
1627063200000;10.816;10.981;10.79;10.899;92333.157
1627066800000;10.894;10.972;10.832;10.919;53403.568
1627070400000;10.916;11.104;10.861;11.062;76280.249
1627074000000;11.069;11.15;11.004;11.107;59657.279
1627077600000;11.111;11.416;11.097;11.272;247190.282
1627081200000;11.282;11.467;11.216;11.442;96414.653
1627084800000;11.449;11.479;11.304;11.346;99133.958
1627088400000;11.348;11.44;11.251;11.393;84289.552
1627092000000;11.393;11.46;11.361;11.447;61203.787
1627095600000;11.447;11.459;11.313;11.421;65430.298
1627099200000;11.424;11.445;11.266;11.272;75594.02
1627102800000;11.278;11.323;11.147;11.302;195874.909
1627106400000;11.302;11.351;11.221;11.343;73066.854
1627110000000;11.346;11.418;11.287;11.309;77715.437
1627113600000;11.307;11.341;11.192;11.196;64743.38
1627117200000;11.196;11.354;11.19;11.308;72914.195
1627120800000;11.302;11.394;11.265;11.332;46807.091
1627124400000;11.345;11.394;11.251;11.376;65338.761
1627128000000;11.38;11.719;11.318;11.511;275840.735
1627131600000;11.509;11.673;11.467;11.502;173174.685
1627135200000;11.498;11.505;11.369;11.481;72812.643
1627138800000;11.481;11.596;11.438;11.477;81810.302
1627142400000;11.482;11.767;11.475;11.755;147037.724
1627146000000;11.76;11.761;11.62;11.673;108946.796
1627149600000;11.676;11.714;11.582;11.653;114043.473
1627153200000;11.638;11.647;11.262;11.292;128528.385
1627156800000;11.292;11.348;11.059;11.219;143999.48
1627160400000;11.231;11.362;11.148;11.299;72974.602
1627164000000;11.29;11.367;11.239;11.343;60060.101
1627167600000;11.35;11.465;11.279;11.426;83829.109
1627171200000;11.428;11.621;11.21;11.286;120909.902
1627174800000;11.273;11.363;11.115;11.133;126966.154
1627178400000;11.13;11.283;11.101;11.253;55687.831
1627182000000;11.259;11.342;11.205;11.244;31501.706
1627185600000;11.249;11.447;11.216;11.361;42070.824
1627189200000;11.364;11.401;11.273;11.34;37369.161
1627192800000;11.335;11.416;11.306;11.367;35215.35
1627196400000;11.366;11.517;11.353;11.47;62256.978
1627200000000;11.475;11.499;11.349;11.393;59501.115
1627203600000;11.394;11.397;11.282;11.377;40527.485
1627207200000;11.379;11.465;11.21;11.217;65173.057
1627210800000;11.21;11.3;11.159;11.211;42018.177
1627214400000;11.212;11.322;11.14;11.295;112135.68
1627218000000;11.295;11.322;11.084;11.219;105279.949
1627221600000;11.213;11.247;10.967;11.109;98439.781
1627225200000;11.097;11.192;11.032;11.128;50424.439
1627228800000;11.131;11.179;11.053;11.122;50470.019
1627232400000;11.121;11.244;11.082;11.242;48716.263
1627236000000;11.235;11.289;11.227;11.266;33290.287
1627239600000;11.273;11.358;11.194;11.293;52034.023
1627243200000;11.277;11.319;11.179;11.29;41643.611
1627246800000;11.286;11.375;11.275;11.354;38497.859
1627250400000;11.349;11.349;11.216;11.34;58565.031
1627254000000;11.338;11.457;11.291;11.446;78616.568
1627257600000;11.442;11.789;11.384;11.711;207330.118
1627261200000;11.704;12.147;11.689;12.076;482307.654
1627264800000;12.078;12.098;11.876;11.963;147984.862
1627268400000;11.959;12.162;11.939;12.138;113056.797
1627272000000;12.134;12.263;12.075;12.186;166771.448
1627275600000;12.186;12.26;12.013;12.256;147308.41
1627279200000;12.255;12.449;12.156;12.162;229923.926
1627282800000;12.159;12.309;11.913;12.015;218765.924
1627286400000;12.018;12.067;11.784;11.94;238599.099
1627290000000;11.945;12.003;11.91;11.949;79622.565
1627293600000;11.951;12.19;11.946;12.163;86270.307
1627297200000;12.149;12.149;11.98;12.14;73926.185
1627300800000;12.143;12.258;12.033;12.172;113335.383
1627304400000;12.17;12.2;11.843;11.951;200320.895
1627308000000;11.953;12.16;11.939;12.04;114986.094
1627311600000;12.04;12.178;11.962;12.111;144836.323
1627315200000;12.108;12.209;12.032;12.126;116276.197
1627318800000;12.12;12.283;12.054;12.125;195249.745
1627322400000;12.12;12.206;12.03;12.156;86815.258
1627326000000;12.148;12.32;11.912;11.924;218985.037
1627329600000;11.912;11.958;11.41;11.571;423953.051
1627333200000;11.567;11.668;11.31;11.527;223646.338
1627336800000;11.517;11.566;11.343;11.528;95752.08
1627340400000;11.504;11.517;11.343;11.386;111216.837
1627344000000;11.38;11.554;11.218;11.486;198454.851
1627347600000;11.478;11.507;11.106;11.11;138704.062
1627351200000;11.108;11.24;11.058;11.076;113895.839
1627354800000;11.083;11.253;11.02;11.156;91832.273
1627358400000;11.151;11.202;11.098;11.12;112969.603
1627362000000;11.12;11.216;11.1;11.189;118381.044
1627365600000;11.189;11.294;11.156;11.209;99549.895
1627369200000;11.208;11.298;11.144;11.248;77116.22
1627372800000;11.242;11.312;11.14;11.285;78749.163
1627376400000;11.28;11.468;11.258;11.408;111325.25
1627380000000;11.405;11.554;11.303;11.515;135575.644
1627383600000;11.512;11.6;11.445;11.6;78521.203
1627387200000;11.596;11.734;11.476;11.697;109678.503
1627390800000;11.695;11.806;11.576;11.68;188902.278
1627394400000;11.689;11.735;11.358;11.595;166149.299
1627398000000;11.6;11.696;11.456;11.529;96475.962
1627401600000;11.528;11.56;11.196;11.222;126546.823
1627405200000;11.226;11.322;11.184;11.266;66724.169
1627408800000;11.276;11.391;11.162;11.338;92498.056
1627412400000;11.339;11.487;11.323;11.386;83650.572
1627416000000;11.393;11.483;11.369;11.424;56710.555
1627419600000;11.433;11.6;11.407;11.551;68025.615
1627423200000;11.563;11.674;11.486;11.587;50623.685
1627426800000;11.594;11.731;11.47;11.702;78968.221
1627430400000;11.697;11.731;11.514;11.554;82519.436
1627434000000;11.561;11.757;11.459;11.751;60514.74
1627437600000;11.751;11.797;11.629;11.671;85071.257
1627441200000;11.673;11.683;11.512;11.523;64559.591
1627444800000;11.518;11.563;11.433;11.445;68700.225
1627448400000;11.451;11.635;11.413;11.59;57681.975
1627452000000;11.578;11.671;11.451;11.462;74274.062
1627455600000;11.456;11.969;11.45;11.844;200515.341
1627459200000;11.836;11.864;11.571;11.639;132122.343
1627462800000;11.64;11.77;11.6;11.715;79960.25
1627466400000;11.722;11.8;11.698;11.71;123309.263
1627470000000;11.709;11.946;11.671;11.851;178580.486
1627473600000;11.856;11.95;11.59;11.6;132234.685
1627477200000;11.61;11.749;11.578;11.705;106707.197
1627480800000;11.718;11.761;11.6;11.708;52455.157
1627484400000;11.698;11.846;11.668;11.783;61651.82
1627488000000;11.795;11.888;11.722;11.88;46750.023
1627491600000;11.882;11.909;11.419;11.435;207106.114
1627495200000;11.432;11.632;11.374;11.574;138807.103
1627498800000;11.573;11.599;11.5;11.542;77297.259
1627502400000;11.54;11.554;11.434;11.479;90088.22
1627506000000;11.474;11.663;11.464;11.555;61815.374
1627509600000;11.545;11.611;11.416;11.47;91825.541
1627513200000;11.463;11.599;11.408;11.589;63652.912
1627516800000;11.591;11.599;11.344;11.349;106825.333
1627520400000;11.355;11.454;11.311;11.446;183911.694
1627524000000;11.433;11.7;11.427;11.565;117554.571
1627527600000;11.561;11.585;11.35;11.393;88618.839
1627531200000;11.396;11.52;11.324;11.504;170389.53
1627534800000;11.504;11.605;11.428;11.593;84748.885
1627538400000;11.59;11.613;11.477;11.495;101984.332
1627542000000;11.493;11.55;11.459;11.487;93177.353
1627545600000;11.488;11.599;11.45;11.541;75816.269
1627549200000;11.547;11.683;11.531;11.676;80812.264
1627552800000;11.683;11.7;11.555;11.63;65852.825
1627556400000;11.629;11.7;11.456;11.522;90959.353
1627560000000;11.516;11.554;11.44;11.544;56218.079
1627563600000;11.547;11.673;11.519;11.661;64518.835
1627567200000;11.664;11.822;11.57;11.745;154501.572
1627570800000;11.746;11.787;11.688;11.753;88471.724
1627574400000;11.755;11.801;11.632;11.651;133945.667
1627578000000;11.651;11.771;11.643;11.676;68289.901
1627581600000;11.682;11.783;11.45;11.481;103646.6
1627585200000;11.485;11.635;11.475;11.599;50792.183
1627588800000;11.598;11.776;11.587;11.703;62245.173
1627592400000;11.703;11.739;11.603;11.617;31612.443
1627596000000;11.626;11.73;11.614;11.71;41942.852
1627599600000;11.706;11.898;11.673;11.799;214280.997
1627603200000;11.799;11.972;11.66;11.721;143187.169
1627606800000;11.723;11.99;11.707;11.98;120487.586
1627610400000;11.98;12.035;11.888;12;114558.994
1627614000000;12.011;12.15;12.002;12.037;102211.397
1627617600000;12.033;12.109;11.921;11.973;64314.455
1627621200000;11.979;11.997;11.837;11.879;70774.159
1627624800000;11.876;12;11.813;11.99;99761.496
1627628400000;11.992;11.992;11.755;11.905;144652.965
1627632000000;11.897;11.935;11.428;11.547;228452.077
1627635600000;11.551;11.589;11.44;11.589;143502.168
1627639200000;11.587;11.656;11.501;11.629;66893.481
1627642800000;11.615;11.645;11.48;11.495;87678.861
1627646400000;11.492;11.578;11.461;11.492;46135.191
1627650000000;11.498;11.548;11.43;11.474;59766.851
1627653600000;11.471;11.602;11.467;11.567;83769.109
1627657200000;11.567;11.649;11.513;11.634;64475.494
1627660800000;11.637;11.645;11.517;11.551;82291.266
1627664400000;11.55;11.737;11.55;11.733;81468.786
1627668000000;11.728;11.8;11.668;11.78;79253.363
1627671600000;11.773;11.837;11.717;11.727;91173.762
1627675200000;11.727;12.033;11.727;11.973;144547.456
1627678800000;11.979;12.129;11.945;12.051;211780.147
1627682400000;12.044;12.188;11.968;12.132;91009.416
1627686000000;12.133;12.165;12.022;12.14;114642.759
1627689600000;12.123;12.266;11.94;12.184;226328.322
1627693200000;12.192;12.244;12.063;12.154;63233.552
1627696800000;12.157;12.238;12.078;12.155;88618.885
1627700400000;12.156;12.217;12.035;12.1;77331.09
1627704000000;12.1;12.145;11.969;12.062;71296.954
1627707600000;12.069;12.122;11.878;11.955;77442.814
1627711200000;11.959;11.982;11.89;11.964;48518.293
1627714800000;11.968;12.139;11.963;12.103;72745.096
1627718400000;12.109;12.513;12.087;12.449;243147.743
1627722000000;12.445;12.453;12.224;12.23;95940.689
1627725600000;12.236;12.464;12.22;12.373;109642.125
1627729200000;12.379;12.423;12.136;12.231;121835.567
1627732800000;12.225;12.347;12.166;12.338;73659.864
1627736400000;12.333;12.473;12.272;12.393;147414.54
1627740000000;12.393;12.549;12.277;12.508;117828.401
1627743600000;12.5;12.57;12.407;12.561;104168.364
1627747200000;12.562;12.848;12.518;12.59;280728.882
1627750800000;12.59;12.649;12.452;12.504;91772.297
1627754400000;12.5;12.73;12.469;12.695;76955.091
1627758000000;12.686;12.863;12.648;12.796;150272.042
1627761600000;12.79;12.926;12.7;12.824;118436.875
1627765200000;12.825;12.935;12.712;12.744;88068.463
1627768800000;12.745;12.828;12.645;12.752;82555.953
1627772400000;12.751;12.787;12.562;12.598;71244.85
1627776000000;12.6;13.109;12.5;13.007;278631.673
1627779600000;13.008;13.012;12.822;12.903;124972.616
1627783200000;12.897;13.053;12.882;12.914;74026.102
1627786800000;12.905;13.153;12.856;13.12;81104.606
1627790400000;13.117;13.141;12.993;13.03;69066.064
1627794000000;13.031;13.099;12.847;12.957;113254.062
1627797600000;12.957;13;12.831;12.938;59439.513
1627801200000;12.934;12.996;12.843;12.895;52180.945
1627804800000;12.89;13.192;12.85;13.169;101018.709
1627808400000;13.162;13.444;13.145;13.327;207733.979
1627812000000;13.327;13.42;13.058;13.115;155188.434
1627815600000;13.118;13.223;12.867;13.074;131314.239
1627819200000;13.074;13.204;13.038;13.092;48894.926
1627822800000;13.083;13.133;12.917;12.967;114868.592
1627826400000;12.957;13.053;12.914;12.962;69596.168
1627830000000;12.955;13.16;12.914;13.013;123005.099
1627833600000;13.011;13.039;12.569;12.877;214006.291
1627837200000;12.875;12.95;12.691;12.832;105229.779
1627840800000;12.824;12.948;12.738;12.912;80318.386
1627844400000;12.899;12.98;12.614;12.913;142784.709
1627848000000;12.915;13.1;12.877;12.954;117102.309
1627851600000;12.952;12.971;12.829;12.893;75672.605
1627855200000;12.89;12.954;12.472;12.58;138758.745
1627858800000;12.577;12.691;12.12;12.312;232068.864
1627862400000;12.319;12.484;12.138;12.171;127633.411
1627866000000;12.168;12.331;12.098;12.19;65394.731
1627869600000;12.189;12.42;12.16;12.391;60356.215
1627873200000;12.385;12.433;12.308;12.331;48908.502
1627876800000;12.328;12.395;12.202;12.214;45192.537
1627880400000;12.209;12.334;12.179;12.271;50567.14
1627884000000;12.256;12.551;12.173;12.54;99390.419
1627887600000;12.549;12.646;12.406;12.452;135719.926
1627891200000;12.452;12.504;12.251;12.319;95228.486
1627894800000;12.311;12.475;12.24;12.426;64601.345
1627898400000;12.426;12.52;12.377;12.505;75765.738
1627902000000;12.495;12.518;12.356;12.497;59152.91
1627905600000;12.499;12.596;12.198;12.399;112095.812
1627909200000;12.404;12.599;12.36;12.583;76892.836
1627912800000;12.57;12.665;12.5;12.655;66693.53
1627916400000;12.655;12.74;12.594;12.602;53256.801
1627920000000;12.602;12.761;12.588;12.743;62483.238
1627923600000;12.746;12.758;12.642;12.687;44177.552
1627927200000;12.694;12.736;12.636;12.649;28564.96
1627930800000;12.655;12.711;12.5;12.528;76517.45
1627934400000;12.529;12.583;12.376;12.405;70604.16
1627938000000;12.399;12.492;12.36;12.476;34895.544
1627941600000;12.478;12.587;12.443;12.561;23255.252
1627945200000;12.566;12.619;12.446;12.476;32046.476
1627948800000;12.476;12.658;12.302;12.54;60216.169
1627952400000;12.535;12.535;12.185;12.196;85277.274
1627956000000;12.189;12.316;12.15;12.22;48685.156
1627959600000;12.219;12.284;12.105;12.169;55153.651
1627963200000;12.162;12.255;11.942;11.976;106628.729
1627966800000;11.976;11.979;11.731;11.923;156587.136
1627970400000;11.915;12.034;11.879;12.008;48876.552
1627974000000;11.992;12.19;11.931;12.118;117129.926
1627977600000;12.114;12.118;11.995;12.003;39807.769
1627981200000;11.994;12.089;11.926;12.082;37746.098
1627984800000;12.081;12.168;12.011;12.097;56294.669
1627988400000;12.081;12.175;12.02;12.037;65085.845
1627992000000;12.037;12.221;11.83;12.217;137596.954
1627995600000;12.218;12.292;12.182;12.208;79656.876
1627999200000;12.217;12.29;12.128;12.144;68585.479
1628002800000;12.144;12.196;11.937;12.104;92857.176
1628006400000;12.104;12.156;11.989;12.124;77255.23
1628010000000;12.124;12.19;12.006;12.01;62133.831
1628013600000;12.01;12.082;11.9;12.024;73385.346
1628017200000;12.032;12.085;11.97;11.984;42664.562
1628020800000;11.997;12.061;11.897;12.05;63777.043
1628024400000;12.044;12.14;12.04;12.126;29686.27
1628028000000;12.134;12.267;12.134;12.218;50682.905
1628031600000;12.217;12.269;12.056;12.12;34505.878
1628035200000;12.128;12.265;11.971;12.246;51776.842
1628038800000;12.256;12.386;12.206;12.304;69341.213
1628042400000;12.306;12.371;12.204;12.219;33591.97
1628046000000;12.219;12.248;12.116;12.153;29784.088
1628049600000;12.148;12.193;11.996;12.02;72807.772
1628053200000;12.025;12.158;12.019;12.091;71260.444
1628056800000;12.085;12.249;12.003;12.12;97394.282
1628060400000;12.12;12.128;12;12.084;41470.57
1628064000000;12.089;12.135;11.966;12.013;43975.718
1628067600000;12.003;12.07;11.955;12.055;34866.478
1628071200000;12.058;12.2;11.974;12.149;49746.671
1628074800000;12.149;12.241;12.117;12.225;39685.149
1628078400000;12.227;12.681;12.224;12.633;197389.283
1628082000000;12.635;12.755;12.485;12.7;125546.209
1628085600000;12.702;12.738;12.605;12.688;100250.015
1628089200000;12.698;12.824;12.656;12.686;99177.954
1628092800000;12.685;12.87;12.675;12.87;76829.666
1628096400000;12.871;12.899;12.663;12.686;82648.437
1628100000000;12.688;12.779;12.67;12.678;49472.033
1628103600000;12.674;12.761;12.651;12.741;42671.922
1628107200000;12.747;12.814;12.721;12.772;45329.197
1628110800000;12.768;12.833;12.73;12.819;29846.575
1628114400000;12.819;12.877;12.637;12.737;56879.853
1628118000000;12.73;12.916;12.673;12.808;46651.099
1628121600000;12.813;12.978;12.76;12.778;69574.281
1628125200000;12.771;12.807;12.567;12.78;64565.826
1628128800000;12.769;12.933;12.724;12.792;54327.466
1628132400000;12.788;12.955;12.761;12.948;41187.275
1628136000000;12.936;12.95;12.768;12.833;53154.489
1628139600000;12.814;12.938;12.783;12.908;42467.253
1628143200000;12.905;12.908;12.708;12.769;45056.954
1628146800000;12.76;12.825;12.651;12.803;55489.45
1628150400000;12.809;12.864;12.635;12.65;50329.554
1628154000000;12.649;12.717;12.468;12.497;134742.627
1628157600000;12.5;12.656;12.451;12.616;101259.702
1628161200000;12.613;12.816;12.595;12.75;71695.856
1628164800000;12.751;12.829;12.405;12.591;89875.464
1628168400000;12.605;12.731;12.553;12.72;51928.12
1628172000000;12.72;13.01;12.685;12.976;182739.523
1628175600000;12.971;13.12;12.85;12.932;138016.321
1628179200000;12.923;13.085;12.858;13.017;65484.782
1628182800000;13.031;13.178;12.985;13.153;86717.751
1628186400000;13.154;13.195;13.032;13.168;84352.519
1628190000000;13.168;13.236;12.95;12.976;85491.283
1628193600000;12.975;12.982;12.86;12.907;81017.592
1628197200000;12.906;13.001;12.863;12.953;76337.059
1628200800000;12.953;12.974;12.899;12.942;36299.296
1628204400000;12.939;13.092;12.934;13.032;99673.852
1628208000000;13.034;13.086;12.756;12.819;96102.661
1628211600000;12.822;12.921;12.8;12.914;33010.464
1628215200000;12.915;12.924;12.732;12.794;38763.415
1628218800000;12.78;12.898;12.746;12.791;21883.02
1628222400000;12.786;12.844;12.724;12.79;36809.849
1628226000000;12.794;12.929;12.778;12.929;31296.263
1628229600000;12.912;13.018;12.83;12.989;97338.741
1628233200000;12.987;13.055;12.843;12.915;67105.108
1628236800000;12.909;13.044;12.851;13.037;60297.881
1628240400000;13.037;13.093;12.904;13.072;115240.69
1628244000000;13.071;13.172;12.954;13.055;96941.975
1628247600000;13.05;13.358;12.992;13.273;181643.859
1628251200000;13.278;13.715;13.183;13.571;323566.043
1628254800000;13.57;13.78;13.567;13.687;269318.474
1628258400000;13.699;13.731;13.5;13.592;145397.523
1628262000000;13.595;13.791;13.477;13.753;145294.052
1628265600000;13.769;13.901;13.601;13.662;241222.05
1628269200000;13.662;13.89;13.662;13.784;80485.538
1628272800000;13.79;13.908;13.727;13.895;113048.061
1628276400000;13.892;14.031;13.67;13.733;134890.706
1628280000000;13.735;13.78;13.531;13.637;76770.123
1628283600000;13.64;13.668;13.48;13.482;41945.681
1628287200000;13.484;13.593;13.434;13.543;33196.962
1628290800000;13.547;13.612;13.473;13.589;24522.554
1628294400000;13.603;13.87;13.511;13.789;102435.095
1628298000000;13.775;13.883;13.662;13.812;54703.53
1628301600000;13.807;13.943;13.74;13.824;107643.679
1628305200000;13.83;13.946;13.737;13.94;63635.633
1628308800000;13.931;14.034;13.82;13.827;102966.292
1628312400000;13.832;14.014;13.823;13.961;61926.778
1628316000000;13.953;14.254;13.769;14.254;210038.843
1628319600000;14.242;14.322;14.051;14.1;153950.374
1628323200000;14.099;14.188;14.01;14.144;93222.995
1628326800000;14.136;14.333;14.089;14.212;91720.482
1628330400000;14.218;14.356;14.098;14.184;108873.837
1628334000000;14.184;14.212;14.01;14.199;67113.301
1628337600000;14.195;14.329;13.588;13.762;251780.562
1628341200000;13.762;14.022;13.559;13.771;239205.289
1628344800000;13.773;14.125;13.773;14.109;114192.059
1628348400000;14.102;14.18;13.926;13.943;102987.14
1628352000000;13.943;14.024;13.443;13.837;291272.355
1628355600000;13.835;13.85;13.524;13.651;111314.365
1628359200000;13.649;13.747;13.534;13.707;53962.815
1628362800000;13.706;13.95;13.665;13.881;78539.01
1628366400000;13.89;13.956;13.801;13.873;50505.342
1628370000000;13.881;14;13.664;13.728;80823.438
1628373600000;13.724;13.903;13.67;13.808;88148.796
1628377200000;13.807;14.088;13.807;14.006;112797.651
1628380800000;14.012;14.17;13.861;14.128;127583.33
1628384400000;14.128;14.134;13.601;13.682;105159.493
1628388000000;13.683;13.737;13.57;13.696;51289.426
1628391600000;13.692;13.977;13.677;13.914;49731.46
1628395200000;13.904;14.01;13.824;13.896;46242.78
1628398800000;13.901;13.91;13.702;13.865;96401.487
1628402400000;13.866;14.24;13.866;14.222;132978.555
1628406000000;14.225;14.237;14.02;14.047;84824.06
1628409600000;14.056;14.124;13.832;13.838;93248.52
1628413200000;13.838;13.952;13.83;13.879;74115.376
1628416800000;13.882;13.94;13.648;13.766;96108.756
1628420400000;13.757;13.82;13.656;13.673;65949.032
1628424000000;13.667;13.908;13.664;13.903;57471.447
1628427600000;13.895;13.931;13.749;13.8;51887.792
1628431200000;13.8;13.861;13.396;13.421;144118.774
1628434800000;13.432;13.475;13.294;13.35;186933.951
1628438400000;13.35;13.452;13.188;13.231;99228.251
1628442000000;13.234;13.329;13.103;13.197;81545.191
1628445600000;13.195;13.314;13.118;13.151;44818.19
1628449200000;13.143;13.207;13.01;13.146;72626.345
1628452800000;13.14;13.24;13.01;13.111;68543.042
1628456400000;13.118;13.315;13.096;13.295;36939.638
1628460000000;13.294;13.4;13.279;13.34;52986.782
1628463600000;13.335;13.423;13.102;13.139;56767.949
1628467200000;13.14;13.207;12.787;12.828;141936.921
1628470800000;12.834;12.947;12.653;12.834;90846.35
1628474400000;12.829;12.962;12.806;12.91;51716.74
1628478000000;12.902;13.047;12.853;13.004;35504.281
1628481600000;13.003;13.092;12.895;13.08;56394.404
1628485200000;13.069;13.148;13.065;13.147;67146.326
1628488800000;13.142;13.188;12.925;13.057;46614.805
1628492400000;13.045;13.249;13.003;13.242;73580.47
1628496000000;13.249;13.6;13.195;13.502;146235.517
1628499600000;13.506;13.684;13.447;13.654;107540.529
1628503200000;13.66;13.723;13.395;13.667;147373.078
1628506800000;13.665;13.765;13.557;13.743;141864.293
1628510400000;13.738;14.1;13.693;13.813;238097.013
1628514000000;13.816;13.934;13.642;13.69;113358.277
1628517600000;13.696;13.965;13.689;13.75;107616.336
1628521200000;13.764;14;13.752;13.975;103059.481
1628524800000;13.968;14.066;13.775;13.948;112833.309
1628528400000;13.945;13.988;13.798;13.873;51298.91
1628532000000;13.867;13.977;13.828;13.852;44048.733
1628535600000;13.859;13.941;13.714;13.778;54260.274
1628539200000;13.764;13.912;13.481;13.488;112237.708
1628542800000;13.502;13.629;13.265;13.495;155223.625
1628546400000;13.497;13.717;13.474;13.717;48123.845
1628550000000;13.717;13.82;13.569;13.651;100558.298
1628553600000;13.645;13.772;13.516;13.699;77171.93
1628557200000;13.695;13.909;13.56;13.842;50508.95
1628560800000;13.845;13.978;13.779;13.86;56934.477
1628564400000;13.86;13.903;13.65;13.699;49565.339
1628568000000;13.695;13.718;13.61;13.635;45313.409
1628571600000;13.631;13.703;13.602;13.699;53076.391
1628575200000;13.698;13.87;13.605;13.819;75836.896
1628578800000;13.815;13.928;13.711;13.895;45142.595
1628582400000;13.884;13.996;13.855;13.976;77654.551
1628586000000;13.967;14.242;13.958;14.215;214234.246
1628589600000;14.216;14.24;13.888;13.937;130193.324
1628593200000;13.947;14.266;13.932;14.073;148529.465
1628596800000;14.059;14.4;14.052;14.297;219511.817
1628600400000;14.298;14.399;13.978;14.133;156396.647
1628604000000;14.14;14.173;13.83;13.936;120830.442
1628607600000;13.934;13.993;13.625;13.776;98539.387
1628611200000;13.771;13.832;13.398;13.577;168093.982
1628614800000;13.571;13.76;13.564;13.704;58404.951
1628618400000;13.69;13.784;13.64;13.757;42413.031
1628622000000;13.753;13.85;13.728;13.836;32590.57
1628625600000;13.836;14.02;13.812;13.996;95183.614
1628629200000;13.985;14.136;13.903;13.951;124865.246
1628632800000;13.945;14.194;13.945;14.089;76918.083
1628636400000;14.077;14.143;13.986;14.105;52436.248
1628640000000;14.101;14.311;14.086;14.217;88109.979
1628643600000;14.215;14.548;14.15;14.496;191328.104
1628647200000;14.501;14.634;14.367;14.447;125146.344
1628650800000;14.442;14.744;14.401;14.71;147268.346
1628654400000;14.71;14.975;14.613;14.807;251438.288
1628658000000;14.805;14.976;14.717;14.944;112533.71
1628661600000;14.942;15.31;14.942;15.142;299289.122
1628665200000;15.137;15.359;15.004;15.145;142872.126
1628668800000;15.15;15.249;14.944;15.133;118358.508
1628672400000;15.12;15.34;15.032;15.271;135427.083
1628676000000;15.279;15.311;15.016;15.058;118156.222
1628679600000;15.052;15.201;14.861;14.878;113395.439
1628683200000;14.881;15.07;14.773;15.05;135973.445
1628686800000;15.047;15.385;14.942;15.256;156134.524
1628690400000;15.249;15.456;15.159;15.266;147103.308
1628694000000;15.257;15.28;14.905;14.97;146863.371
1628697600000;14.981;15.23;14.896;15.013;112363.922
1628701200000;15.016;15.07;14.911;15.007;70543.881
1628704800000;15.001;15.035;14.802;14.94;104150.753
1628708400000;14.936;15.144;14.906;15.126;64463.757
1628712000000;15.113;15.21;15.033;15.095;97071.322
1628715600000;15.09;15.09;14.555;14.846;188209.605
1628719200000;14.837;14.837;14.329;14.504;186099.754
1628722800000;14.515;14.668;14.46;14.558;101930.155
1628726400000;14.552;14.892;14.517;14.892;96801.858
1628730000000;14.87;14.989;14.758;14.952;78125.305
1628733600000;14.961;15.196;14.947;15.149;84799.253
1628737200000;15.159;15.161;14.918;14.945;56966.637
1628740800000;14.94;15.016;14.665;14.716;97566.991
1628744400000;14.714;14.739;14.065;14.337;240964.108
1628748000000;14.335;14.403;14.086;14.336;146590.976
1628751600000;14.337;14.561;14.299;14.539;84478.167
1628755200000;14.544;14.746;14.45;14.506;103353.818
1628758800000;14.507;14.674;14.276;14.662;82057.628
1628762400000;14.668;14.774;14.64;14.653;67419.311
1628766000000;14.665;14.731;14.224;14.246;111069.571
1628769600000;14.246;14.377;13.998;14.24;171785.419
1628773200000;14.242;14.299;14.1;14.107;79564.418
1628776800000;14.107;14.107;13.578;13.728;204494.292
1628780400000;13.715;13.962;13.69;13.81;109583.197
1628784000000;13.813;13.914;13.547;13.693;122412.569
1628787600000;13.675;13.889;13.62;13.775;58765.734
1628791200000;13.777;14.063;13.776;14.036;71652.704
1628794800000;14.028;14.06;13.957;14.007;36899.693
1628798400000;14.004;14.107;13.872;14.033;64023.892
1628802000000;14.027;14.07;13.77;13.869;60269.337
1628805600000;13.864;13.929;13.616;13.677;52294.99
1628809200000;13.68;14.077;13.68;14.06;68202.312
1628812800000;14.063;14.204;13.859;14.139;116264.086
1628816400000;14.146;14.254;14.118;14.152;50068.075
1628834400000;14.16;14.68;14.159;14.652;112301.739
1628838000000;14.654;14.806;14.596;14.698;157229.116
1628841600000;14.701;14.895;14.636;14.895;168502.061
1628845200000;14.895;14.945;14.734;14.778;92029.379
1628848800000;14.785;14.986;14.776;14.841;86218.203
1628852400000;14.84;14.991;14.756;14.785;100141.167
1628856000000;14.791;14.93;14.791;14.898;129345.61
1628859600000;14.905;14.93;14.806;14.845;91504.445
1628863200000;14.85;14.904;14.578;14.746;130772.37
1628866800000;14.751;14.806;14.401;14.539;101376.947
1628870400000;14.532;14.751;14.493;14.751;59242.12
1628874000000;14.749;14.812;14.649;14.79;68170.326
1628877600000;14.797;14.824;14.62;14.723;61515.221
1628881200000;14.725;14.818;14.626;14.696;48492.706
1628884800000;14.691;15.068;14.647;14.932;160546.071
1628888400000;14.932;15.195;14.869;15.182;111095.326
1628892000000;15.181;15.19;15.031;15.077;59750.39
1628895600000;15.072;15.339;15.069;15.212;119939.806
1628899200000;15.21;15.391;15.011;15.133;117890.901
1628902800000;15.144;15.324;15.117;15.129;49404.806
1628906400000;15.129;15.216;15.049;15.141;32277.062
1628910000000;15.136;15.292;15.076;15.184;55323.886
1628913600000;15.186;15.739;15.04;15.549;289267.242
1628917200000;15.543;15.774;15.513;15.697;126078.238
1628920800000;15.69;15.744;15.425;15.633;149692.051
1628924400000;15.624;15.772;15.558;15.761;120858.18
1628928000000;15.767;15.774;15.546;15.601;70207.121
1628931600000;15.605;15.762;14.929;15.075;180578.363
1628935200000;15.094;15.29;14.743;14.867;348487.147
1628938800000;14.853;15.053;14.686;15.003;144135.441
1628942400000;15.008;15.045;14.805;14.814;89573.885
1628946000000;14.81;14.982;14.778;14.954;84581.401
1628949600000;14.961;15.244;14.914;15.205;116728.912
1628953200000;15.205;15.274;15.027;15.213;119992.679
1628956800000;15.206;15.236;15.019;15.068;85750.328
1628960400000;15.068;15.128;14.947;15.043;95289.856
1628964000000;15.055;15.127;15;15.013;57483.842
1628967600000;15.009;15.225;14.932;15.153;102492.776
1628971200000;15.147;15.156;14.74;14.955;110340.71
1628974800000;14.94;15.379;14.94;15.379;94658.87
1628978400000;15.372;15.587;15.232;15.41;138608.779
1628982000000;15.409;15.56;15.333;15.56;78571.284
1628985600000;15.56;15.622;15.31;15.519;136172.982
1628989200000;15.518;15.868;15.491;15.712;192782.419
1628992800000;15.716;15.906;15.69;15.894;90824.824
1628996400000;15.9;15.919;15.478;15.489;81569.627
1629000000000;15.505;15.51;15.21;15.509;135868.087
1629003600000;15.504;15.55;15.3;15.37;58689.749
1629007200000;15.36;15.493;15.2;15.229;73075.564
1629010800000;15.238;15.302;14.9;14.957;127195.693
1629014400000;14.961;15.189;14.874;15.099;112096.065
1629018000000;15.081;15.33;15.014;15.314;60895.226
1629021600000;15.312;15.385;15.145;15.22;50336.504
1629025200000;15.217;15.329;15.04;15.265;58218.789
1629028800000;15.262;15.376;14.955;15.078;82632.736
1629032400000;15.08;15.188;14.891;15.149;102473.603
1629036000000;15.166;15.482;15.063;15.111;135018.795
1629039600000;15.106;15.22;15.057;15.162;55509.208
1629043200000;15.153;15.292;15.084;15.102;54821.225
1629046800000;15.095;15.28;14.934;15.26;68316.597
1629050400000;15.256;15.416;15.17;15.372;101878.367
1629054000000;15.373;15.48;15.281;15.441;63371.801
1629057600000;15.442;15.609;15.434;15.523;83131.992
1629061200000;15.522;15.678;15.424;15.63;73200.281
1629064800000;15.63;15.79;15.58;15.772;84480.904
1629068400000;15.765;15.955;15.662;15.91;124223.894
1629072000000;15.912;16.013;15.674;15.866;194822.936
1629075600000;15.876;16.11;15.807;16.1;126669.516
1629079200000;16.101;16.154;15.928;15.955;99720.083
1629082800000;15.964;15.977;15.711;15.725;78651.87
1629086400000;15.724;15.908;15.692;15.892;97974.615
1629090000000;15.89;16.189;15.883;16.159;118143.469
1629093600000;16.154;16.218;15.85;16.11;118557.273
1629097200000;16.105;16.279;16.098;16.245;108949.646
1629100800000;16.235;16.309;15.961;16.276;110448.575
1629104400000;16.272;16.328;16.002;16.15;76606.495
1629108000000;16.15;16.241;16.064;16.126;121293.308
1629111600000;16.134;16.52;16.113;16.484;162960.615
1629115200000;16.478;16.484;16;16.163;180253.641
1629118800000;16.165;16.268;15.49;15.649;215123.788
1629122400000;15.65;15.808;15.5;15.511;141532.663
1629126000000;15.509;15.873;15.501;15.865;104577.066
1629129600000;15.864;16.072;15.802;16.071;91797.339
1629133200000;16.062;16.5;16.044;16.449;207726.582
1629136800000;16.45;16.688;16.266;16.598;193933.447
1629140400000;16.595;16.601;16.03;16.069;181599.757
1629144000000;16.06;16.082;15.589;15.869;231272.266
1629147600000;15.852;16.249;15.731;16.005;119564.223
1629151200000;15.995;16.308;15.896;16.085;86655.652
1629154800000;16.088;16.112;15.704;15.784;79749.79
1629158400000;15.786;15.827;15.049;15.26;294897.611
1629162000000;15.26;15.801;15.233;15.798;93416.383
1629165600000;15.798;15.954;15.638;15.954;74806.157
1629169200000;15.943;16.325;15.891;16.191;181501.773
1629172800000;16.207;16.255;15.895;16.079;106832.398
1629176400000;16.081;16.165;15.732;15.744;95385.574
1629180000000;15.742;15.901;15.548;15.576;105533.179
1629183600000;15.587;15.779;15.491;15.778;88164.402
1629187200000;15.782;16.26;15.723;16.036;138051.575
1629190800000;16.043;16.442;16.038;16.404;174544.289
1629194400000;16.417;16.9;16.41;16.574;362486.985
1629198000000;16.574;17.327;16.574;17.095;521436.459
1629201600000;17.094;17.5;16.881;16.889;444521.649
1629205200000;16.895;17.123;16.742;16.868;234889.313
1629208800000;16.88;17.089;16.671;16.709;221220.166
1629212400000;16.707;16.86;16.408;16.429;202083.381
1629216000000;16.437;16.8;16.25;16.276;272674.913
1629219600000;16.267;16.48;16.111;16.42;156399.595
1629223200000;16.421;17.15;16.39;16.939;350167.733
1629226800000;16.939;17.5;16.622;17.3;397848.507
1629230400000;17.3;17.308;15.688;16.339;737781.431
1629234000000;16.328;16.365;15.901;16.133;167419.333
1629237600000;16.133;16.545;15.757;16.49;193586.294
1629241200000;16.493;16.499;15.906;16.003;107692.153
1629244800000;16.007;16.425;15.389;15.71;278520.404
1629248400000;15.702;15.873;14.985;15.799;331823.505
1629252000000;15.8;15.838;15.458;15.551;161206.866
1629255600000;15.557;15.588;15.168;15.558;108567.364
1629259200000;15.559;15.826;15.453;15.752;210367.224
1629262800000;15.754;16.118;15.714;16.07;141102.327
1629266400000;16.082;16.144;15.905;15.932;116797.514
1629270000000;15.932;15.982;15.422;15.525;224208.572
1629273600000;15.522;15.753;15.412;15.551;138130.071
1629277200000;15.555;15.72;15.459;15.655;138491.182
1629280800000;15.655;15.734;15.241;15.257;117494.855
1629284400000;15.256;15.479;15;15.053;144610.613
1629288000000;15.048;15.308;15;15.232;140473.113
1629291600000;15.224;15.537;15.224;15.421;106569.281
1629295200000;15.405;15.7;15.352;15.688;125583.812
1629298800000;15.688;16;15.53;15.999;154258.581
1629302400000;15.997;16.487;15.892;16.431;250963.075
1629306000000;16.434;17.15;16.396;16.9;442032.457
1629309600000;16.904;17.647;16.621;17.308;796857.205
1629313200000;17.299;17.651;16.931;17.085;664820.469
1629316800000;17.082;17.237;16.666;16.746;241408.083
1629320400000;16.744;16.996;16.532;16.702;202137.013
1629324000000;16.712;17.141;16.645;17.12;168426.273
1629327600000;17.118;18.575;17.045;17.948;855791.969
1629331200000;17.932;19.5;17.917;19.026;1385095.924
1629334800000;19.033;20.27;18.88;19.674;1143956.211
1629338400000;19.674;20.089;19.431;19.581;446229.356
1629342000000;19.581;20.435;19.141;20.364;842229.376
1629345600000;20.362;20.37;19.412;19.656;722186.299
1629349200000;19.643;19.799;19.24;19.381;367654.769
1629352800000;19.381;19.46;18.889;18.947;466842.265
1629356400000;18.941;19.157;18.644;19.05;359195.443
1629360000000;19.05;19.208;18.591;18.66;339272.122
1629363600000;18.665;18.999;18.523;18.909;198507.033
1629367200000;18.909;19.306;18.183;18.258;486721.898
1629370800000;18.258;18.492;17.805;17.92;306451.645
1629374400000;17.919;18.48;17.773;18.418;518980.773
1629378000000;18.422;18.759;17.896;18.733;400383.799
1629381600000;18.743;18.997;18.434;18.602;369591.898
1629385200000;18.595;18.771;18.24;18.454;359570.668
1629388800000;18.454;19.09;18.452;18.568;375546.293
1629392400000;18.572;18.91;18.404;18.715;255782.875
1629396000000;18.716;19.19;18.692;18.8;297217.172
1629399600000;18.809;19.116;18.716;18.823;204868.339
1629403200000;18.816;19.057;18.52;18.608;170590.392
1629406800000;18.606;18.924;18.511;18.568;159965.632
1629410400000;18.563;18.636;18.331;18.564;132174.787
1629414000000;18.564;18.796;18.43;18.688;107104.745
1629417600000;18.71;18.888;18.362;18.729;179285.365
1629421200000;18.739;18.889;18.445;18.716;187751.023
1629424800000;18.716;19.498;18.686;19.356;329753.56
1629428400000;19.348;19.397;19.036;19.175;221298.475
1629432000000;19.18;19.302;18.931;18.991;115215.327
1629435600000;18.994;19.823;18.816;19.711;326892.204
1629439200000;19.709;20;19.465;19.553;363040.528
1629442800000;19.551;19.71;19.025;19.243;266891.992
1629446400000;19.243;19.282;18.956;19.202;178971.056
1629450000000;19.207;19.328;19.097;19.3;133930.063
1629453600000;19.307;19.437;19.179;19.31;124511.727
1629457200000;19.319;19.321;19.04;19.121;133777.623
1629460800000;19.121;19.378;19.08;19.292;77231.467
1629464400000;19.284;19.795;19.194;19.691;250742.761
1629468000000;19.691;19.691;19.286;19.538;266465.943
1629471600000;19.538;19.538;19.17;19.27;197567.552
1629475200000;19.274;19.586;19.2;19.323;141245.685
1629478800000;19.323;19.976;19.302;19.854;336833.572
1629482400000;19.85;19.923;19.08;19.13;206896.618
1629486000000;19.141;19.345;18.843;18.98;269612.223
1629489600000;18.979;19.082;18.878;18.998;145424.173
1629493200000;18.999;19.348;18.919;19.258;130434.647
1629496800000;19.253;19.257;18.706;18.846;196771.08
1629500400000;18.846;19.001;18.744;18.928;127694.821
1629504000000;18.923;18.937;18.531;18.805;168525.038
1629507600000;18.803;18.992;18.759;18.944;56689.103
1629511200000;18.926;19.256;18.828;18.847;146015.171
1629514800000;18.843;19.222;18.772;19.181;88292.975
1629518400000;19.195;19.219;18.95;19.117;84059.44
1629522000000;19.113;19.399;19.054;19.384;143742.5
1629525600000;19.383;19.383;19.032;19.05;102201.286
1629529200000;19.05;19.6;19.029;19.548;188221.394
1629532800000;19.543;19.627;19.377;19.456;134405.808
1629536400000;19.455;19.67;19.23;19.541;168809.418
1629540000000;19.558;21.117;19.555;20.939;1260935.803
1629543600000;20.949;21.731;19.857;21.661;1071491.158
1629547200000;21.68;23.55;21.491;23.211;2398617.171
1629550800000;23.214;23.26;22.705;22.903;708018.342
1629554400000;22.904;23.9;22.845;23.114;964603.977
1629558000000;23.125;23.4;22.796;23.178;403803.178
1629561600000;23.174;23.549;22.919;23.085;354379.376
1629565200000;23.071;23.726;23.009;23.121;385846.93
1629568800000;23.121;23.3;22.6;22.939;320229.362
1629572400000;22.939;23.063;22.159;22.46;428744.077
1629576000000;22.447;22.523;21.805;21.897;283512.715
1629579600000;21.897;22.345;21.86;22.283;176472.496
1629583200000;22.287;22.974;22.091;22.708;349891.363
1629586800000;22.732;22.76;22.038;22.14;191734.213
1629590400000;22.152;24.743;22.072;23.456;1590725.484
1629594000000;23.462;23.635;23.03;23.113;358379.013
1629597600000;23.118;23.376;22.827;23.243;262805.162
1629601200000;23.241;23.247;22.562;22.687;270022.303
1629604800000;22.673;23.154;22.6;22.802;143269.008
1629608400000;22.794;22.892;22.595;22.611;146809.753
1629612000000;22.621;22.982;22.534;22.885;172189.096
1629615600000;22.884;22.917;22.31;22.484;236730.754
1629619200000;22.474;22.644;22.256;22.319;204245.213
1629622800000;22.324;22.66;22.324;22.45;164919.078
1629626400000;22.45;22.982;22.421;22.802;311267.025
1629630000000;22.81;23.178;22.73;22.77;409107.387
1629633600000;22.767;22.77;22.288;22.416;195134.489
1629637200000;22.412;22.459;21.89;22.033;270641.355
1629640800000;22.05;22.147;21.165;21.459;364521.466
1629644400000;21.459;21.761;21.198;21.693;215164.501
1629648000000;21.708;22.2;21.624;21.81;277708.815
1629651600000;21.801;21.966;21.525;21.676;142867.896
1629655200000;21.674;21.738;21.141;21.491;222666.801
1629658800000;21.471;21.657;21.246;21.269;157243.108
1629662400000;21.26;21.299;20.972;21.202;198614.099
1629666000000;21.197;21.465;21.139;21.38;109563.955
1629669600000;21.378;21.631;21.25;21.547;166190.974
1629673200000;21.558;22.018;21.55;21.862;212091.517
1629676800000;21.85;22.657;21.466;22.018;556762.278
1629680400000;22.027;22.366;21.841;22.31;250099.37
1629684000000;22.32;23.111;22.201;22.701;491152.822
1629687600000;22.698;22.774;22.199;22.571;270722.153
1629691200000;22.579;22.596;22.161;22.314;177505.712
1629694800000;22.313;22.641;22.104;22.266;205549.657
1629698400000;22.267;22.38;22.061;22.198;133478.012
1629702000000;22.197;22.281;21.905;22.027;160408.005
1629705600000;22.027;22.263;22.027;22.114;104603.522
1629709200000;22.114;22.306;22;22.057;196973.847
1629712800000;22.049;22.066;21.689;21.821;240228.107
1629716400000;21.824;22.111;21.741;22.009;130574.125
1629720000000;22.015;22.248;21.885;22.064;112440.801
1629723600000;22.072;22.422;21.966;22.171;164004.49
1629727200000;22.168;22.482;21.418;21.497;354529.3
1629730800000;21.502;21.663;21.311;21.499;209070.635
1629734400000;21.511;21.65;21.409;21.614;125473.943
1629738000000;21.613;21.731;21.397;21.483;153112.339
1629741600000;21.478;21.812;21.451;21.731;100120.633
1629745200000;21.739;21.74;21.4;21.592;79720.994
1629748800000;21.571;21.831;21.282;21.809;73141.023
1629752400000;21.825;21.861;21.71;21.758;48957.958
1629756000000;21.761;21.942;21.638;21.785;71093.012
1629759600000;21.767;22.212;21.755;21.808;157488.601
1629763200000;21.811;21.832;20.994;21.17;196946.368
1629766800000;21.16;21.177;20.873;20.976;163349.645
1629770400000;20.976;21.342;20.95;21.295;82055.439
1629774000000;21.282;21.498;21.247;21.351;111338.207
1629777600000;21.361;21.549;21.206;21.361;204905.6
1629781200000;21.362;21.406;21.24;21.326;124916.816
1629784800000;21.329;21.389;20.971;21.334;243095.993
1629788400000;21.342;22.036;21.326;21.652;248334.885
1629792000000;21.641;21.71;21.303;21.312;105139.746
1629795600000;21.317;21.436;21.2;21.377;103006.011
1629799200000;21.372;21.517;21.101;21.112;89875.824
1629802800000;21.105;21.265;21.02;21.22;110538.617
1629806400000;21.219;21.224;20.668;20.806;247825.164
1629810000000;20.809;20.894;20.012;20.314;433249.268
1629813600000;20.313;20.313;19.6;20.136;332755.709
1629817200000;20.132;20.259;19.553;19.751;216193.563
1629820800000;19.76;19.915;19.2;19.673;355727.844
1629824400000;19.661;19.953;19.599;19.707;139472.641
1629828000000;19.694;20.085;19.534;20.075;188886.613
1629831600000;20.066;20.158;19.749;20.091;103681.312
1629835200000;20.091;20.284;20.033;20.283;107256.065
1629838800000;20.285;20.328;19.78;20.04;80564.84
1629842400000;20.04;20.309;19.954;20.204;66328.693
1629846000000;20.194;20.402;19.52;19.538;138336.774
1629849600000;19.538;19.704;19.27;19.613;250400.747
1629853200000;19.611;19.662;19.109;19.647;179421.362
1629856800000;19.635;20.22;19.593;20.077;110726.205
1629860400000;20.084;20.17;19.634;19.668;113956.008
1629864000000;19.664;19.869;19.522;19.665;89567.102
1629867600000;19.66;20.181;19.65;20.147;86980.293
1629871200000;20.154;20.259;19.982;20.151;97775.36
1629874800000;20.153;20.297;19.821;19.852;109538.946
1629878400000;19.861;19.879;18.736;18.774;267796.389
1629882000000;18.776;19.07;18.603;18.704;224245.231
1629885600000;18.703;19.193;18.66;19.046;213905.546
1629889200000;19.041;19.4;18.957;19.343;89489.41
1629892800000;19.341;19.566;19.121;19.499;131582.268
1629896400000;19.49;19.604;19.253;19.346;111759.193
1629900000000;19.34;20.054;18.841;19.961;314043.712
1629903600000;19.961;19.981;19.656;19.902;142535.612
1629907200000;19.9;19.973;19.652;19.941;147920.518
1629910800000;19.933;20.098;19.727;20.009;105981.044
1629914400000;20.009;20.351;19.9;20.042;115792.597
1629918000000;20.054;20.875;20.028;20.428;368839.845
1629921600000;20.42;20.556;20.07;20.105;101187.407
1629925200000;20.104;20.279;19.901;20.094;89932.605
1629928800000;20.091;20.159;19.833;19.953;85927.459
1629932400000;19.946;20.132;19.9;20.056;60150.747
1629936000000;20.048;20.33;19.84;20.222;98625.404
1629939600000;20.221;20.311;19.686;19.732;113136.429
1629943200000;19.733;19.798;19.43;19.515;140099.415
1629946800000;19.508;19.546;19;19.207;164069.973
1629950400000;19.198;19.25;18.96;19.159;116113.868
1629954000000;19.161;19.25;18.6;18.805;144565.97
1629957600000;18.806;18.91;18.132;18.27;156001.731
1629961200000;18.26;18.49;17.97;18.35;175283.007
1629964800000;18.35;18.55;18.16;18.45;105633.51
1629968400000;18.46;18.57;18.13;18.14;98102.13
1629972000000;18.14;18.61;18.06;18.54;81565.16
1629975600000;18.53;18.71;18.44;18.46;87160.22
1629979200000;18.46;18.85;18.01;18.36;189124.56
1629982800000;18.35;18.73;18.33;18.61;89724.88
1629986400000;18.61;18.89;18.38;18.4;124740.41
1629990000000;18.41;18.55;18.18;18.27;78571.9
1629993600000;18.26;18.36;17.666;18.24;169833.811
1629997200000;18.23;18.62;18.23;18.31;75020.24
1630000800000;18.32;18.4;17.87;18.23;111005.23
1630004400000;18.23;18.27;17.78;18.16;76396.34
1630008000000;18.15;18.36;18.05;18.34;77696.31
1630011600000;18.36;18.66;18.32;18.54;80989.55
1630015200000;18.52;18.57;18.25;18.31;44183.87
1630018800000;18.29;18.34;17.9;17.9;172702.82
1630022400000;17.92;18.11;17.25;17.76;286608.619
1630026000000;17.75;18.26;17.75;18.02;112289.98
1630029600000;18.03;18.45;17.98;18.01;97146.92
1630033200000;18.03;18.09;17.65;17.83;112657.64
1630036800000;17.82;17.89;17.58;17.74;108319.07
1630040400000;17.74;18.25;17.7;18.17;65517.25
1630044000000;18.18;18.62;18.15;18.57;116368.28
1630047600000;18.59;18.7;18.2;18.64;144541.68
1630051200000;18.64;18.9;18.41;18.61;169466.27
1630054800000;18.61;18.8;18.4;18.64;97282.76
1630058400000;18.64;18.92;18.61;18.83;116357.66
1630062000000;18.8;19.34;18.77;19.02;251500.827
1630065600000;19.02;19.23;18.88;19.02;119353.48
1630069200000;19.03;19.06;18.65;19.04;97905.62
1630072800000;19.01;19.93;18.95;19.73;337231.982
1630076400000;19.73;20.07;19.54;19.9;203064.922
1630080000000;19.88;19.93;19.44;19.7;99584.72
1630083600000;19.7;19.79;19.53;19.73;80974.91
1630087200000;19.71;20.48;19.68;20.14;292140.823
1630090800000;20.13;20.31;20.03;20.06;116459.51
1630094400000;20.04;20.55;19.85;20.45;188933.984
1630098000000;20.45;20.54;20.25;20.31;106828.17
1630101600000;20.29;20.44;20.09;20.39;83643.45
1630105200000;20.41;20.56;20.18;20.42;109909.675
1630108800000;20.43;21.12;20.08;21.05;255679.363
1630112400000;21.07;21.09;20.5;20.69;166317.47
1630116000000;20.68;20.69;20.08;20.22;185444.56
1630119600000;20.22;20.33;19.93;19.99;107267.76
1630123200000;19.99;20.13;19.94;20.05;72258.06
1630126800000;20.05;20.06;19.76;19.82;71984.51
1630130400000;19.82;20.06;19.6;20.04;122713.4
1630134000000;20.03;20.08;19.81;19.88;60514.22
1630137600000;19.9;20.1;19.88;19.99;47995.54
1630141200000;20;20.26;19.92;20.11;74884.91
1630144800000;20.11;20.29;19.98;20.03;78231.63
1630148400000;20.02;20.06;19.67;19.82;81787.43
1630152000000;19.81;20.32;19.71;20.18;88434.16
1630155600000;20.19;20.21;19.86;20.03;64525.27
1630159200000;20.01;20.01;19.5;19.7;115218.76
1630162800000;19.71;19.85;19.52;19.85;84187.51
1630166400000;19.83;20.09;19.7;20.04;126831.26
1630170000000;20.03;20.9;20;20.59;272875.13
1630173600000;20.6;20.94;20.57;20.66;147916.15
1630177200000;20.65;20.65;20.09;20.24;123699.04
1630180800000;20.23;20.42;20.18;20.36;49730.79
1630184400000;20.35;20.74;20.31;20.65;72827.66
1630188000000;20.66;21.428;20.66;21.15;395059.189
1630191600000;21.15;21.43;21.04;21.31;149227.73
1630195200000;21.33;21.42;20.61;21.36;241478.65
1630198800000;21.37;21.68;21.19;21.54;207656.951
1630202400000;21.56;21.61;20.83;20.91;139469.08
1630206000000;20.91;20.96;20.34;20.63;209455.25
1630209600000;20.63;20.82;20.32;20.77;97211.45
1630213200000;20.76;21.78;20.67;21.6;212679.401
1630216800000;21.59;22.02;21.42;21.96;405443.394
1630220400000;21.94;22.01;21.46;21.72;182276.75
1630224000000;21.72;21.97;21.5;21.79;135708.01
1630227600000;21.79;22.42;21.6;22.29;349035.042
1630231200000;22.29;22.3;21.72;21.81;219680.85
1630234800000;21.82;21.86;21.26;21.35;149374.13
1630238400000;21.32;21.75;21.26;21.46;123910.41
1630242000000;21.47;21.79;21.33;21.41;137991.25
1630245600000;21.4;21.63;20.96;20.98;148911.19
1630249200000;20.98;21.35;20.81;21.3;118867.37
1630252800000;21.3;21.59;21.18;21.45;106807.37
1630256400000;21.45;21.54;21.2;21.23;83672.06
1630260000000;21.24;21.47;21.13;21.34;57810.55
1630263600000;21.36;21.51;21.17;21.17;52260.68
1630267200000;21.2;21.21;20.95;21.12;69246.78
1630270800000;21.13;21.6;21.13;21.37;120317.05
1630274400000;21.37;21.84;21.35;21.68;205766.34
1630278000000;21.68;21.74;21.13;21.2;121495.35
1630281600000;21.2;21.22;20.64;20.72;161108.85
1630285200000;20.72;21.06;20.7;20.76;87952.1
1630288800000;20.78;20.92;20.69;20.74;72019.36
1630292400000;20.74;20.77;20.2;20.29;168657.32
1630296000000;20.29;20.48;20.06;20.25;166042.83
1630299600000;20.25;20.42;20.12;20.42;72076.99
1630303200000;20.42;20.42;19.83;20.16;342376.83
1630306800000;20.16;20.29;19.92;20.08;104405.05
1630310400000;20.08;20.48;19.91;20.29;286565.12
1630314000000;20.29;20.39;20.09;20.15;82291.09
1630317600000;20.14;20.36;20.09;20.35;69929.89
1630321200000;20.34;20.37;19.87;20.08;102465.7
1630324800000;20.09;20.09;19.62;19.72;151287.71
1630328400000;19.73;19.93;19.48;19.92;106817.35
1630332000000;19.93;20.18;19.83;19.9;132691.88
1630335600000;19.91;20.38;19.87;20.33;93907.11
1630339200000;20.34;21.05;20.21;21.01;277236.28
1630342800000;21.01;21.47;20.79;21.44;238077.8
1630346400000;21.44;21.92;21.36;21.85;243551.21
1630350000000;21.83;22.99;21.72;22.93;691479.397
1630353600000;22.94;23.92;22.46;23.58;856696.412
1630357200000;23.59;23.86;23.05;23.28;488126.34
1630360800000;23.28;23.38;22.43;22.58;429222.47
1630364400000;22.59;22.64;21.64;22.14;455356.59
1630368000000;22.16;22.5;21.56;22.33;389325.22
1630371600000;22.32;23.44;22.11;22.59;552612.22
1630375200000;22.59;23.1;22.05;23.01;231128.51
1630378800000;23;24.06;22.89;23.63;766283.018
1630382400000;23.63;23.65;23.02;23.49;305631.53
1630386000000;23.5;23.99;23.34;23.74;362243.53
1630389600000;23.74;23.97;22.84;23.02;394198.88
1630393200000;23.01;24.65;22.78;24.28;609830.237
1630396800000;24.26;26.3;24.24;25.95;1665531.736
1630400400000;25.97;26.05;25.14;25.65;681390.5
1630404000000;25.66;25.66;24.85;25.04;675556.62
1630407600000;25.04;25.49;24.88;25.36;399894.22
1630411200000;25.35;25.66;24.88;25.28;401732.82
1630414800000;25.29;25.95;25;25.37;416405.23
1630418400000;25.37;25.42;23.68;23.75;725123.84
1630422000000;23.75;24.24;23.69;23.93;360512.52
1630425600000;23.93;24.25;23.3;24.23;470190.79
1630429200000;24.23;24.34;23.1;23.43;451387.62
1630432800000;23.43;23.61;23.03;23.03;292277.09
1630436400000;23.05;23.28;22.88;23.18;244796.02
1630440000000;23.16;23.65;22.63;22.81;265456.78
1630443600000;22.8;23.02;22.52;22.6;163161.34
1630447200000;22.6;22.89;22.28;22.5;169070.93
1630450800000;22.52;23.25;22.41;22.89;254985.45
1630454400000;22.9;23.52;22.29;22.31;283831.14
1630458000000;22.31;22.7;22.09;22.61;206116.04
1630461600000;22.61;23.58;22.51;23.06;312655.87
1630465200000;23.07;23.5;22.84;23.5;140910.78
1630468800000;23.5;23.74;23.26;23.53;198824.26
1630472400000;23.54;23.74;23.37;23.67;140918.45
1630476000000;23.67;23.97;22.71;22.95;472162.78
1630479600000;22.96;23.04;22.44;22.52;327324.83
1630483200000;22.52;23.06;22.5;23.05;174733.83
1630486800000;23.06;23.19;22.4;22.55;528681.39
1630490400000;22.55;23.03;22.46;22.94;339944.24
1630494000000;22.93;23.34;22.92;23.29;226068.47
1630497600000;23.29;23.4;23.04;23.21;185572.12
1630501200000;23.23;23.33;22.69;22.78;230847.89
1630504800000;22.78;23.21;22.72;22.81;141929.59
1630508400000;22.83;23.27;22.72;23.16;207307.01
1630512000000;23.16;24.62;23.03;24.36;905836.09
1630515600000;24.36;25.47;24.13;24.55;644537.85
1630519200000;24.56;25.38;24.55;25.11;350066.65
1630522800000;25.12;25.25;24.65;25.17;283059.5
1630526400000;25.18;25.48;24.91;25.2;198602.16
1630530000000;25.2;25.98;24.96;25.59;344771.07
1630533600000;25.59;25.59;24.77;24.96;234887.47
1630537200000;24.96;25.46;24.91;25.44;153159.64
1630540800000;25.42;25.77;24.86;25.18;305519.46
1630544400000;25.17;25.21;24.77;24.87;140879.64
1630548000000;24.87;24.9;24.45;24.67;176938.95
1630551600000;24.67;24.81;24.54;24.63;67325.44
1630555200000;24.62;24.72;24.36;24.56;106448.42
1630558800000;24.53;24.78;24.38;24.44;88187.1
1630562400000;24.44;24.74;24.12;24.19;168289.19
1630566000000;24.18;24.58;24.14;24.2;156499.89
1630569600000;24.18;24.48;24.16;24.3;93731.01
1630573200000;24.32;24.39;24.07;24.27;104452.08
1630576800000;24.27;24.59;24.2;24.41;122905.27
1630580400000;24.42;24.5;24.25;24.42;98709.01
1630584000000;24.42;24.46;24.15;24.27;153695.41
1630587600000;24.29;24.47;24.23;24.31;113035.96
1630591200000;24.31;24.43;23.56;23.79;226846.87
1630594800000;23.76;24.11;23.44;23.9;165297.5
1630598400000;23.91;24.27;23.81;24.03;151513.64
1630602000000;24.03;24.15;23.81;24.12;120694.81
1630605600000;24.12;24.17;23.67;23.97;95772.53
1630609200000;23.97;24.07;23.83;24;91958.34
1630612800000;23.99;24.13;23.89;24.05;104286.99
1630616400000;24.04;24.52;24.04;24.37;152926.89
1630620000000;24.38;24.5;24.23;24.43;86240.56
1630623600000;24.44;24.45;24.11;24.14;73941.78
1630627200000;24.16;24.18;23.15;23.45;259667.17
1630630800000;23.46;23.54;23.24;23.44;95310.86
1630634400000;23.44;24.06;23.4;23.89;86432.02
1630638000000;23.89;24.53;23.87;24.41;154797.01
1630641600000;24.41;24.67;24.35;24.45;168700.31
1630645200000;24.43;24.7;24.36;24.46;87420.59
1630648800000;24.45;24.67;23.87;23.92;254455.09
1630652400000;23.91;24.16;23.84;23.95;85234
1630656000000;23.95;24.35;23.83;24.33;126248.29
1630659600000;24.35;24.55;24.07;24.33;125139.16
1630663200000;24.34;24.49;23.85;24.02;185222.47
1630666800000;24.02;24.09;23.83;24.02;194498.99
1630670400000;24.02;24.14;23.68;24.03;192982.87
1630674000000;24.03;24.07;23.69;23.76;221348.87
1630677600000;23.76;24.14;23.72;24.12;147127.75
1630681200000;24.12;24.4;24.09;24.2;180005.97
1630684800000;24.2;24.41;23.97;24.36;126271.04
1630688400000;24.37;24.84;24.28;24.43;205182.01
1630692000000;24.42;24.67;24.23;24.56;90046.45
1630695600000;24.57;24.96;24.48;24.75;193970.03
1630699200000;24.75;24.76;24.22;24.28;109025.33
1630702800000;24.28;24.41;23.89;24.07;105643.47
1630706400000;24.06;24.09;23.73;23.86;126189.21
1630710000000;23.86;24.15;23.79;24.11;69223.83
1630713600000;24.1;24.3;23.93;24.29;99029.66
1630717200000;24.29;24.29;23.71;23.89;80623.21
1630720800000;23.89;24.16;23.76;24.16;49298.87
1630724400000;24.16;24.26;23.98;24.07;47609.43
1630728000000;24.07;24.25;23.97;24.07;61160.85
1630731600000;24.06;24.1;23.88;24.01;69201.84
1630735200000;24.01;24.3;24.01;24.2;74987.87
1630738800000;24.2;24.26;23.88;23.97;100646.05
1630742400000;23.98;24.18;23.86;24.15;80083.19
1630746000000;24.15;24.25;23.89;24.18;184958.33
1630749600000;24.19;24.92;24.16;24.17;299008.42
1630753200000;24.17;24.8;24.14;24.77;143890.42
1630756800000;24.77;25.5;24.59;25.08;441844.19
1630760400000;25.08;25.17;24.78;24.9;174878.07
1630764000000;24.9;24.93;24.49;24.65;123888.27
1630767600000;24.66;24.9;24.58;24.68;108138.62
1630771200000;24.67;24.85;24.29;24.35;89915.11
1630774800000;24.35;24.47;23.86;24.25;161459.91
1630778400000;24.25;24.39;24.09;24.19;76380.57
1630782000000;24.17;24.19;23.78;24.06;97796.52
1630785600000;24.04;24.25;23.98;24.23;55787.31
1630789200000;24.24;24.37;24.13;24.26;38361.45
1630792800000;24.26;24.47;24.18;24.33;70922.23
1630796400000;24.34;24.58;24.2;24.4;94571.09
1630800000000;24.4;24.58;23.89;24.22;110080.55
1630803600000;24.26;24.32;23.94;24.15;68729.74
1630807200000;24.15;24.41;24.15;24.29;36615.05
1630810800000;24.28;24.36;23.95;24;59359.42
1630814400000;23.99;24.3;23.96;24.29;40416.88
1630818000000;24.29;24.3;24.02;24.08;48200.35
1630821600000;24.09;24.13;23.8;24.02;75976.36
1630825200000;24.05;24.29;24;24.16;52589.67
1630828800000;24.16;24.37;23.89;24.05;320162.45
1630832400000;24.06;24.19;23.9;24.16;103312.95
1630836000000;24.16;24.19;23.95;24.06;94715.3
1630839600000;24.06;24.24;24.01;24.18;62416.1
1630843200000;24.18;24.4;24.1;24.32;67584.75
1630846800000;24.33;24.37;24.21;24.34;56316.35
1630850400000;24.34;24.62;24.23;24.35;99453.94
1630854000000;24.36;24.99;24.36;24.77;300784.11
1630857600000;24.77;25.24;24.57;25.15;214708.67
1630861200000;25.14;25.69;24.96;25.67;354720.04
1630864800000;25.67;25.95;25.36;25.75;365408.96
1630868400000;25.76;26.21;25.42;25.53;411839.02
1630872000000;25.54;25.86;25.27;25.5;153120.5
1630875600000;25.51;25.56;25.28;25.49;95124.46
1630879200000;25.48;25.54;25.11;25.42;106562
1630882800000;25.42;25.9;25.35;25.73;121482.49
1630886400000;25.71;26.97;25.61;26.92;464503.531
1630890000000;26.94;26.96;26.5;26.73;191982.12
1630893600000;26.73;26.77;26.11;26.41;166108.87
1630897200000;26.4;26.6;26.15;26.27;95965.34
1630900800000;26.25;26.55;25.94;26;100704.43
1630904400000;26;26.5;25.97;26.41;88562.11
1630908000000;26.41;27;26.34;26.6;204969.06
1630911600000;26.59;26.98;26.42;26.91;189475.58
1630915200000;26.93;27.1;26.33;26.4;215992.698
1630918800000;26.4;26.71;26.32;26.65;140171.67
1630922400000;26.65;26.65;25.97;26.31;188519.22
1630926000000;26.31;26.46;25.35;25.59;291966.23
1630929600000;25.59;25.6;23.68;24.99;667861.48
1630933200000;24.99;25.46;24.73;25.27;162644.39
1630936800000;25.29;25.48;25.12;25.44;147506.37
1630940400000;25.42;25.45;25.01;25.01;110810.65
1630944000000;25.02;25.3;24.78;25.15;132000.43
1630947600000;25.16;25.51;25.13;25.25;111473.18
1630951200000;25.25;25.36;25.04;25.15;78119.57
1630954800000;25.14;25.25;25;25.06;78478.69
1630958400000;25.06;25.55;24.82;25.52;153888.63
1630962000000;25.51;25.72;25.31;25.56;112545.46
1630965600000;25.56;25.62;25.34;25.39;53391.59
1630969200000;25.38;25.43;25.08;25.08;118614.31
1630972800000;25.09;25.22;24.85;24.96;86234.35
1630976400000;24.97;25.46;24.95;25.41;66131.76
1630980000000;25.41;26.04;25.36;25.95;185545.25
1630983600000;25.96;26.39;25.88;26.13;231201.22
1630987200000;26.13;26.47;25.88;26.29;167564.7
1630990800000;26.27;26.9;25.89;26.89;298239.82
1630994400000;26.89;27.45;26.51;26.61;574128.193
1630998000000;26.58;26.84;25.99;26.32;523037.5
1631001600000;26.31;26.45;24.75;24.93;543536.9
1631005200000;24.93;25.43;24.15;24.52;365101.68
1631008800000;24.52;25.25;24.45;25.14;170317.92
1631012400000;25.14;25.16;24.56;24.6;140008.15
1631016000000;24.62;25;24.17;24.68;176605.32
1631019600000;24.68;25.02;24.32;24.37;173687.46
1631023200000;24.36;24.59;19.14;19.14;972183.65
1631026800000;19.37;21.01;17.55;20.48;1509634.03
1631030400000;20.48;22.06;20.3;21.97;724308.33
1631034000000;21.98;22.03;21.01;21.24;468284.22
1631037600000;21.21;21.58;20.41;21.16;331717.07
1631041200000;21.16;21.48;20.89;21.08;135801.04
1631044800000;21.09;21.73;20.77;21.21;207027.5
1631048400000;21.22;21.38;20.51;21;125060.08
1631052000000;20.98;21.53;20.55;21.32;171801.11
1631055600000;21.3;21.47;20.81;21.08;117393.74
1631059200000;21.09;21.4;20.31;21.38;205520.32
1631062800000;21.39;21.68;21.06;21.63;123680.68
1631066400000;21.63;21.88;21.53;21.59;103048.82
1631070000000;21.61;21.7;20.74;21.03;205162.98
1631073600000;21.01;21.35;20.71;20.75;280787.46
1631077200000;20.76;21.14;20.03;20.07;256126.67
1631080800000;20.09;20.33;19;19.25;494489.28
1631084400000;19.27;19.87;19.06;19.1;366536.52
1631088000000;19.1;20.05;18.45;19.99;365058.95
1631091600000;20;20.43;19.8;20.37;180269.43
1631095200000;20.38;20.43;19.72;20.14;197060.59
1631098800000;20.14;20.58;19.94;20.27;181380.42
1631102400000;20.26;20.73;20.16;20.29;181054.29
1631106000000;20.3;20.5;19.76;20.28;235543.49
1631109600000;20.29;20.41;19.85;19.94;145711.25
1631113200000;19.92;20.76;19.92;20.72;148620.48
1631116800000;20.72;20.89;20.35;20.75;140286.82
1631120400000;20.74;21;20.44;20.88;114947.96
1631124000000;20.86;21.4;20.73;21.38;131195.64
1631127600000;21.39;21.4;20.9;20.95;110534.39
1631131200000;20.96;20.96;20.31;20.33;150159.44
1631134800000;20.34;20.49;20.15;20.2;111861.39
1631138400000;20.2;21.18;20.12;21.05;175869.52
1631142000000;21.03;21.17;20.35;20.69;105961.66
1631145600000;20.71;21.7;20.43;21.51;242881.29
1631149200000;21.5;22.59;21.26;22.38;364100.26
1631152800000;22.38;22.92;21.89;21.97;567458.54
1631156400000;21.96;23.32;21.8;22.86;474419.81
1631160000000;22.86;23.5;22.65;23.27;334618.94
1631163600000;23.28;23.29;22.69;22.99;248162.81
1631167200000;23.01;23.96;22.99;23.25;382500.96
1631170800000;23.23;24.09;22.79;23.63;541459.89
1631174400000;23.65;23.83;23.11;23.16;262850.77
1631178000000;23.16;23.33;23.04;23.15;204702.12
1631181600000;23.14;23.3;22.42;23.16;410621.42
1631185200000;23.16;24.6;23.04;24.44;787686.94
1631188800000;24.44;25.74;23.29;25.06;1269134.76
1631192400000;25.06;25.72;24.56;25.18;701799.56
1631196000000;25.21;26.23;24.78;25.61;788308.65
1631199600000;25.63;27.3;25.41;26.92;1281115.63
1631203200000;26.92;28.45;26.42;27.51;1355694.598
1631206800000;27.51;28.11;27.33;27.42;700222.54
1631210400000;27.4;27.86;26.5;27;591511.77
1631214000000;26.98;27.22;26.25;26.7;432104.81
1631217600000;26.71;27.07;26.03;26.11;361048.94
1631221200000;26.11;26.49;25.76;26.35;267645.68
1631224800000;26.37;26.87;25.78;25.93;281305.23
1631228400000;25.93;27.23;25.88;26.85;373506.29
1631232000000;26.82;29.81;26.82;28.92;1720534.207
1631235600000;28.93;29.13;28.19;28.96;568019.12
1631239200000;28.96;28.99;27.96;28.16;321456.75
1631242800000;28.16;28.34;27.3;27.38;324729.15
1631246400000;27.36;27.82;27.18;27.47;241342.12
1631250000000;27.47;28.45;27.09;27.9;372207.8
1631253600000;27.9;28.25;26.96;27.09;354551.88
1631257200000;27.1;27.34;25.86;26;662193.98
1631260800000;25.97;26.8;25;25.59;805621.83
1631264400000;25.6;26.26;25.1;25.92;478760.55
1631268000000;25.92;28.2;25.84;27.8;1019286.75
1631271600000;27.79;28.6;26.73;28.27;1366788.41
1631275200000;28.26;28.93;27.29;27.55;738409.11
1631278800000;27.56;27.63;26.37;26.96;610486.06
1631282400000;26.98;27;24.56;24.97;1215105.89
1631286000000;24.97;26.64;24.65;26.42;891524.98
1631289600000;26.42;26.68;25.72;26.12;523433.19
1631293200000;26.12;27.86;25.74;27.69;459077.13
1631296800000;27.67;29.23;27.3;28.33;1157755.52
1631300400000;28.34;29.34;27.54;29.22;713979.17
1631304000000;29.21;29.64;26.99;27.36;993429.19
1631307600000;27.36;28.05;26.35;27.09;583128.26
1631311200000;27.09;28.98;26.93;28.03;744500.83
1631314800000;28.04;30.48;27.6;29.41;1473602.045
1631318400000;29.4;30.09;28.49;29.78;854832.8
1631322000000;29.78;30.98;29.52;29.8;756776.009
1631325600000;29.8;30.64;29.39;29.72;470879.09
1631329200000;29.74;29.87;28.54;29.2;454190.54
1631332800000;29.2;29.83;28.9;29.55;269198.04
1631336400000;29.55;29.78;28.31;29.03;402377.78
1631340000000;29.06;29.54;28.66;28.89;317963.83
1631343600000;28.91;28.98;27.79;28.46;472727.12
1631347200000;28.48;29.03;27.89;28.85;294768.83
1631350800000;28.86;30;28.18;29.67;461155.23
1631354400000;29.69;29.99;28.72;28.78;426990.33
1631358000000;28.8;28.88;27.72;27.8;395636.77
1631361600000;27.8;28.34;27.62;28.19;295706.14
1631365200000;28.18;28.44;27.81;28.16;185343.21
1631368800000;28.16;28.45;27.96;28.37;190951.41
1631372400000;28.39;28.69;28.05;28.12;159700.66
1631376000000;28.14;28.38;27.53;27.83;302796.34
1631379600000;27.83;28.33;27.68;27.87;191503.33
1631383200000;27.87;28.2;27.8;28;99011.06
1631386800000;28.01;28.25;27.42;27.46;218447.2
1631390400000;27.46;28.55;27.17;28.29;363128.84
1631394000000;28.27;28.27;27.68;27.72;252517.75
1631397600000;27.72;27.73;27;27.08;266781.89
1631401200000;27.08;27.34;26.72;27.33;241380.55
1631404800000;27.33;27.67;26.36;26.74;362275.41
1631408400000;26.75;26.88;25.96;26.62;379382.19
1631412000000;26.64;27.19;26.56;27.16;151603.19
1631415600000;27.14;27.35;26.92;27.24;132911.78
1631419200000;27.24;27.58;27.01;27.18;161003.76
1631422800000;27.17;28;27.01;27.88;190906.13
1631426400000;27.89;29.3;27.64;28.99;593456.26
1631430000000;28.99;29.5;28.51;29.38;431532.7
1631433600000;29.38;29.68;28.69;29.36;436364.72
1631437200000;29.36;29.48;28.85;29.12;186114.3
1631440800000;29.12;30.02;28.76;29.49;327569.43
1631444400000;29.48;29.89;29.08;29.45;239778.37
1631448000000;29.49;31;29.28;30.94;621333.626
1631451600000;30.92;32.97;30.87;32.75;1395945.71
1631455200000;32.75;33.79;32.04;32.91;1084534.371
1631458800000;32.89;33.23;31.73;32;701304.79
1631462400000;32;33.9;31.89;33.38;683595.256
1631466000000;33.38;33.97;32.86;33.43;445511.32
1631469600000;33.41;34.14;32.96;33.12;446938.421
1631473200000;33.13;33.43;32.23;32.62;418247.15
1631476800000;32.61;33.22;31.27;31.33;689754.04
1631480400000;31.33;33.5;31.1;32.99;739773.46
1631484000000;33;34.59;32.9;34.05;848134.899
1631487600000;34.02;35.26;33.61;34.89;672322.604
1631491200000;34.91;37;34.53;34.98;1279160.756
1631494800000;34.96;35.23;33.24;33.5;841634.63
1631498400000;33.5;33.75;32.45;33.1;738369.36
1631502000000;33.1;33.4;31.61;31.71;486522.27
1631505600000;31.71;33.25;31.57;32.62;520390.82
1631509200000;32.62;33.4;31.72;32.92;542610.89
1631512800000;32.93;32.94;32.07;32.33;279788.19
1631516400000;32.33;32.42;30.25;31.09;757607.78
1631520000000;31.06;31.61;30.27;31.13;480844.96
1631523600000;31.14;31.9;31.07;31.31;403596.94
1631527200000;31.31;33.38;31.2;32.43;768987.82
1631530800000;32.43;32.75;31.16;32.67;605613.58
1631534400000;32.69;34.95;32.32;34.25;1140043.45
1631538000000;34.24;36.32;33.78;34.42;1956871.66
1631541600000;34.41;34.99;30.49;33.77;2810519.35
1631545200000;33.77;38.19;33.55;38.19;3040737.416
1631548800000;38.17;38.95;36.81;38.04;2010320.745
1631552400000;38.01;38.4;36.56;37.58;870828.63
1631556000000;37.61;37.75;36.91;37.32;433429.43
1631559600000;37.32;37.63;36.24;36.64;457502.31
1631563200000;36.65;37.98;36.62;37.51;479027.56
1631566800000;37.51;37.71;35.6;35.88;446511.19
1631570400000;35.88;36.25;35.24;35.54;480595.88
1631574000000;35.54;36.37;35.35;35.82;382087.49
1631577600000;35.8;35.83;34.2;35.2;633687.88
1631581200000;35.18;35.76;34.45;35.1;367130.89
1631584800000;35.13;35.3;33.98;34.62;308344.38
1631588400000;34.6;36.96;34.51;36.5;678262.73
1631592000000;36.51;37.9;36.21;36.73;637161.68
1631595600000;36.74;37.54;36.59;36.98;333485.16
1631599200000;36.95;37.51;36.39;36.98;437226.89
1631602800000;36.98;37.22;35.84;35.93;413555.12
1631606400000;35.95;36.4;35.46;35.58;420511.14
1631610000000;35.58;35.63;35.01;35.2;328214.11
1631613600000;35.21;35.6;33.91;35.09;613526.07
1631617200000;35.08;35.9;34.7;34.98;465399.21
1631620800000;34.97;35.35;34.21;35.17;439152.96
1631624400000;35.16;35.24;33.32;33.65;802276.74
1631628000000;33.65;34.75;33.3;33.89;593877.54
1631631600000;33.89;34.73;33.73;33.96;442757.04
1631635200000;33.97;34.99;33.86;34.29;464893.58
1631638800000;34.31;34.69;34.13;34.13;230655.69
1631642400000;34.14;34.33;32.8;33.18;397923.76
1631646000000;33.18;33.93;33.1;33.89;224313.16
1631649600000;33.87;34.9;33.59;34.31;421963.5
1631653200000;34.32;34.32;32.94;33.57;231602.68
1631656800000;33.59;34.36;33.44;33.81;265684.2
1631660400000;33.82;34.44;33.71;34.2;153987.84
1631664000000;34.19;35.35;33.53;33.62;544869.04
1631667600000;33.63;33.91;32.97;33.17;263136.61
1631671200000;33.17;33.35;32.61;33.28;296632.11
1631674800000;33.28;33.43;32.99;33.08;149446.58
1631678400000;33.08;33.41;32.78;33.15;173558.53
1631682000000;33.14;33.84;32.97;33.69;189577.06
1631685600000;33.69;33.69;32.94;33.38;298223.22
1631689200000;33.39;34.39;33.2;34.19;261820.55
1631692800000;34.21;34.41;33.66;33.78;245941.02
1631696400000;33.76;34.05;33.32;33.46;203800.21
1631700000000;33.46;33.72;33.19;33.45;200323.43
1631703600000;33.44;33.51;33;33.34;185686.86
1631707200000;33.35;33.76;32.71;32.92;258258.38
1631710800000;32.92;33.4;32.85;33.28;184956.64
1631714400000;33.28;33.42;32.9;33.03;170206.12
1631718000000;33.01;33.48;32.92;33.36;221869.97
1631721600000;33.37;34.2;32.98;33.74;369240.36
1631725200000;33.75;35.05;33.74;34.47;484837.78
1631728800000;34.48;34.56;33.72;33.97;226644.42
1631732400000;33.96;34.07;33.58;33.98;131663.15
1631736000000;33.96;34.1;33.33;33.38;150275.25
1631739600000;33.37;33.82;33.26;33.73;122072.93
1631743200000;33.73;34.39;33.59;34.39;167165.69
1631746800000;34.37;34.41;33.64;34.12;152142.24
1631750400000;34.12;34.17;32.2;32.49;378828.7
1631754000000;32.48;33.09;32.44;32.83;254194.17
1631757600000;32.85;32.85;32.11;32.32;284497.99
1631761200000;32.35;32.45;31.2;31.91;345673.76
1631764800000;31.9;32.51;31.82;32.36;211173.82
1631768400000;32.35;32.82;32.13;32.59;151954.64
1631772000000;32.56;32.98;32.54;32.81;139264.67
1631775600000;32.8;32.98;32.55;32.66;120520.88
1631779200000;32.66;32.83;32.18;32.55;164697.23
1631782800000;32.56;33.32;32.4;33.29;220382.97
1631786400000;33.29;33.85;32.65;33.19;417398.64
1631790000000;33.19;34.83;33;34.69;572310.37
1631793600000;34.69;35.08;33.88;34.08;421441.54
1631797200000;34.08;34.12;32.75;32.9;340021.54
1631800800000;32.92;33.29;32.39;32.78;449599.38
1631804400000;32.76;33.74;32.34;33.53;340618.2
1631808000000;33.53;35.1;33.48;34.31;664886.18
1631811600000;34.32;36.17;34.21;35.15;903235.38
1631815200000;35.15;35.86;35.03;35.55;447169.51
1631818800000;35.55;36.17;35.22;35.48;402724.75
1631822400000;35.5;35.85;33.81;34.34;432755.21
1631826000000;34.34;36.48;34.19;36.4;443320.84
1631829600000;36.4;36.76;35.56;36.65;362134.34
1631833200000;36.62;37.25;36.07;37.07;398658.02
1631836800000;37.07;37.67;36.11;36.12;578847.58
1631840400000;36.12;37.95;36.1;37.44;517359.98
1631844000000;37.45;37.66;36.49;36.79;362448.05
1631847600000;36.78;37.73;36.71;37.2;300735.57
1631851200000;37.21;38.09;36.89;37.05;433114.72
1631854800000;37.05;37.17;36.28;36.79;311628.92
1631858400000;36.84;36.92;35.79;35.93;312008.3
1631862000000;35.93;36.25;35.19;35.39;277325.67
1631865600000;35.37;35.81;35.17;35.51;178680.66
1631869200000;35.52;35.72;34.26;34.43;384323.29
1631872800000;34.43;34.72;33.28;34;530817.07
1631876400000;34;34.51;33.43;33.6;377286.14
1631880000000;33.6;34.7;33.01;34.38;447925.81
1631883600000;34.38;34.93;34.04;34.55;314700.62
1631887200000;34.52;35.16;34.18;35;409411.34
1631890800000;35.01;35.03;33.89;34.05;262830.7
1631894400000;34.05;34.43;33.46;34.05;311335.13
1631898000000;34.06;34.24;33.39;33.52;159636.76
1631901600000;33.52;34.11;33.14;33.99;232768.77
1631905200000;33.99;34.21;33.63;34.03;110169.73
1631908800000;34.03;34.22;33.46;33.54;118645.8
1631912400000;33.54;33.67;33;33.42;180933.38
1631916000000;33.45;33.72;32.41;32.63;267587.52
1631919600000;32.6;33.67;32.5;33.46;189648.3
1631923200000;33.46;33.53;32.68;33.52;140265.33
1631926800000;33.5;34.1;33.16;33.69;190775.61
1631930400000;33.71;34.66;33.6;33.99;225154.15
1631934000000;34.01;34.3;33.82;33.85;192857.21
1631937600000;33.87;34.46;33.81;34.38;138118.88
1631941200000;34.43;35.41;34;35.17;325703.55
1631944800000;35.17;35.61;34.82;35.38;301605.93
1631948400000;35.36;36.18;35.23;35.96;355247.8
1631952000000;35.99;36.2;35.26;35.3;257029.85
1631955600000;35.29;35.98;34.93;35.9;300899.31
1631959200000;35.9;36.32;35.55;35.69;243882.02
1631962800000;35.67;36.75;35.52;36.05;403506.31
1631966400000;36.07;38.37;36.03;38.15;980833.92
1631970000000;38.17;38.81;37.58;38.19;909571.49
1631973600000;38.19;39.9;38.12;39.02;1194464.611
1631977200000;39.03;39.62;38.72;39.3;437316.93
1631980800000;39.29;40.21;38.8;39.28;850066.901
1631984400000;39.29;39.49;38.32;38.73;410919.55
1631988000000;38.72;39.73;38.55;39.59;362932.83
1631991600000;39.6;41;39.03;40.84;463424.133
1631995200000;40.87;41.5;39.99;40.82;765397.71
1631998800000;40.82;41.35;40.36;40.54;420004.16
1632002400000;40.51;40.87;40.06;40.46;288927.09
1632006000000;40.48;40.99;39.61;40.76;346504.23
1632009600000;40.78;40.85;38.8;38.89;572328.17
1632013200000;38.89;39.9;38.56;39.71;387298.92
1632016800000;39.71;40.48;39.19;40.19;312419.96
1632020400000;40.18;40.47;39.3;39.37;224038.3
1632024000000;39.37;39.85;38.94;39.12;207930.55
1632027600000;39.11;39.49;39.03;39.26;154633.62
1632031200000;39.25;39.37;38.84;39.21;178155.74
1632034800000;39.23;39.77;39.03;39.38;241356.56
1632038400000;39.37;39.44;38.7;38.78;210459.48
1632042000000;38.78;39.41;38.57;39.24;216517.69
1632045600000;39.25;40.09;39.02;39.09;272601.4
1632049200000;39.08;39.12;37.72;38.22;415489.79
1632052800000;38.22;38.9;38;38.65;294125.32
1632056400000;38.65;39.65;38.45;39.62;260595.88
1632060000000;39.59;40.81;39.13;40.75;542903.9
1632063600000;40.75;43.5;40.6;43.39;1546464.59
1632067200000;43.37;44.15;42.74;43.34;1104352.627
1632070800000;43.34;43.55;42.33;42.75;412528.06
1632074400000;42.74;43.93;42.53;43.34;483704.72
1632078000000;43.33;43.35;42.4;42.51;342941.88
1632081600000;42.53;42.8;41.95;42.37;416027.45
1632085200000;42.38;42.89;42.02;42.69;247182.56
1632088800000;42.69;42.9;41.28;41.81;436487.81
1632092400000;41.79;44.65;41.66;44.27;671398.21
1632096000000;44.28;44.8;41.57;42;808059.39
1632099600000;42;42.48;41.75;41.91;341423.71
1632103200000;41.89;41.92;39.71;40.32;762802.93
1632106800000;40.29;41.16;39.03;40.58;647384.91
1632110400000;40.58;42.25;39.49;42.18;538775.06
1632114000000;42.2;43.51;41.57;41.87;928167
1632117600000;41.89;42.12;40.08;40.91;646939.99
1632121200000;40.91;41.34;38.78;39.88;969484.91
1632124800000;39.88;41.21;39.44;41.04;807264.98
1632128400000;41.05;41.07;39.29;39.56;581370.39
1632132000000;39.54;40.3;38.37;38.66;832554.63
1632135600000;38.65;38.97;37.25;38.16;1191765.15
1632139200000;38.16;38.97;35.79;37.57;1646023.57
1632142800000;37.58;39.75;36.51;39.3;1319012.99
1632146400000;39.29;39.39;37.68;37.88;800723.27
1632150000000;37.86;38.48;37.03;37.61;513619.92
1632153600000;37.66;38.03;36.6;36.88;554266.08
1632157200000;36.89;37.95;36.8;37.2;328240.18
1632160800000;37.2;37.23;35;35.13;710250.77
1632164400000;35.1;35.51;34.23;35.42;857469.98
1632168000000;35.41;35.59;33.87;34.53;473551.1
1632171600000;34.54;35.44;34.37;34.98;280025.56
1632175200000;35;35.88;34.16;34.63;456748.8
1632178800000;34.65;35.17;33.34;34.01;493562.64
1632182400000;33.98;34;31.31;32.46;1222459.8
1632186000000;32.46;36.02;32.32;35.67;1005044.56
1632189600000;35.66;36.45;35.21;35.41;613987.22
1632193200000;35.41;35.9;34.16;34.5;447743.12
1632196800000;34.48;35.06;33.86;34.5;457076.57
1632200400000;34.51;34.83;33.43;34.66;434064.1
1632204000000;34.66;35.56;34.58;35.07;461857.53
1632207600000;35.07;36.11;34.73;36.07;423921.16
1632211200000;36.07;37.2;35.78;36.75;816701.17
1632214800000;36.77;37.09;36.05;36.21;401358.34
1632218400000;36.23;36.84;35.63;36.3;458028.14
1632222000000;36.3;36.67;35.84;36.35;482418.06
1632225600000;36.36;36.78;34.99;35.1;695872.04
1632229200000;35.09;35.7;34.73;35.45;438135.24
1632232800000;35.45;35.52;33.77;34.14;809950.94
1632236400000;34.14;35.75;34.02;35.48;559614.19
1632240000000;35.48;35.99;34.42;34.56;496577.45
1632243600000;34.54;34.8;32.62;32.91;642088.58
1632247200000;32.93;33.8;32.83;32.95;511193.14
1632250800000;32.96;33.16;32.01;32.18;416498.76
1632254400000;32.18;32.51;30;30.36;1044206.77
1632258000000;30.38;31.87;28.83;31.34;1116958.93
1632261600000;31.37;31.5;30.36;30.6;756113.81
1632265200000;30.55;31.09;29.75;30.45;497821.23
1632268800000;30.42;31.55;29.36;30.17;732443.47
1632272400000;30.19;33.46;29.89;32.69;990310.51
1632276000000;32.69;32.88;31.8;32.07;392861.21
1632279600000;32.08;32.78;31.78;31.84;315091.81
1632283200000;31.82;31.96;31.29;31.39;295816.46
1632286800000;31.39;32.46;31.39;32.18;258154.91
1632290400000;32.18;32.79;31.56;32.71;233545.41
1632294000000;32.7;33.88;32.43;33.45;488448.14
1632297600000;33.45;33.67;32.8;33.06;361178.11
1632301200000;33.07;33.39;32.72;33.07;347902.07
1632304800000;33.07;33.29;32.07;32.56;344719.35
1632308400000;32.54;32.69;31.72;31.95;210384.11
1632312000000;31.98;32.8;31.83;32.63;189928.38
1632315600000;32.63;33.32;32.3;32.8;296025.04
1632319200000;32.8;33.59;32.74;33.42;280852.94
1632322800000;33.44;35.46;33.42;35.03;808529.27
1632326400000;35.04;36.4;34.62;36.26;687797.74
1632330000000;36.26;37.76;35.03;36.9;979501.65
1632333600000;36.91;38.95;36.69;37.01;1069118.81
1632337200000;37.01;38.72;36.75;38.09;630092.01
1632340800000;38.09;39.25;37.63;38.77;584445.42
1632344400000;38.77;39.5;37.96;38.75;514358.43
1632348000000;38.76;39.08;37.88;38.78;355750.63
1632351600000;38.76;40;38.41;39.71;534316.52
1632355200000;39.71;40.97;39.03;39.65;939750.34
1632358800000;39.63;40.95;39.11;40.68;575633.93
1632362400000;40.68;40.85;39.63;40.13;373832.83
1632366000000;40.15;40.28;39.18;39.97;417391.8
1632369600000;39.97;40.72;39.6;40.58;292313.73
1632373200000;40.58;40.74;39.44;39.63;355433.72
1632376800000;39.67;40.57;39.66;40.5;342994.21
1632380400000;40.53;41.88;40.12;41.69;588766.62
1632384000000;41.7;41.86;40.5;40.65;441592.77
1632387600000;40.65;41.63;40.22;40.43;512103.62
1632391200000;40.43;40.88;39.4;39.77;511181.83
1632394800000;39.79;40.14;38.82;39.29;484658.69
1632398400000;39.3;40.36;39.1;39.58;383657.22
1632402000000;39.57;41.2;39.29;40.78;615349.79
1632405600000;40.79;41.72;40.45;41.6;648799.94
1632409200000;41.6;41.66;40.03;40.12;486027.28
1632412800000;40.12;40.64;39.73;39.89;425329.52
1632416400000;39.89;43.2;39.89;42.84;885625.17
1632420000000;42.85;43.33;42.16;42.83;525876.34
1632423600000;42.83;42.95;41.98;42.04;264791.62
1632427200000;42.03;42.4;41.53;42.31;292192.87
1632430800000;42.32;42.8;41.8;42.23;209794.2
1632434400000;42.23;42.57;41.46;42.18;272998.13
1632438000000;42.17;42.24;41.26;41.51;198211.67
1632441600000;41.52;42.1;40.81;40.99;341709.2
1632445200000;40.99;41.69;40.81;41.45;241084.97
1632448800000;41.47;41.62;40.18;40.47;341466.07
1632452400000;40.46;41.06;40.25;40.45;208248.36
1632456000000;40.43;40.92;40.14;40.62;235641.29
1632459600000;40.6;40.84;39.75;40.6;324095.06
1632463200000;40.62;41.57;40.13;40.18;332474.84
1632466800000;40.17;41.43;40.16;40.84;394050.87
1632470400000;40.82;41.47;40.26;40.43;259372.15
1632474000000;40.43;40.46;37.27;37.36;1540940.92
1632477600000;37.36;38.36;37.02;37.25;805279.12
1632481200000;37.26;38.22;35.89;38.05;1253935.05
1632484800000;38.05;38.58;37.2;37.62;550666.27
1632488400000;37.64;39.62;36.68;39.36;839389.46
1632492000000;39.36;41.36;39.2;40.51;1048011.06
1632495600000;40.52;40.58;38.79;39.4;674391.81
1632499200000;39.38;40.52;39.05;40.23;417734.38
1632502800000;40.21;40.22;38.64;39.04;385337.22
1632506400000;39.02;39.96;38.94;39.47;285773.47
1632510000000;39.49;40.63;39.15;39.92;316149.52
1632513600000;39.92;41.59;39.92;40.94;543071.2
1632517200000;40.93;44;40.91;43.52;763183.52
1632520800000;43.51;44.3;42.86;43.51;575873.93
1632524400000;43.5;43.55;41.89;42.58;424125.77
1632528000000;42.56;43.1;41.78;42.72;428472.73
1632531600000;42.7;42.91;40.96;41.7;463983.33
1632535200000;41.68;42.68;41.58;41.88;240945.61
1632538800000;41.87;42.65;41.62;41.67;219865.84
1632542400000;41.7;42.36;41.29;41.32;205158.57
1632546000000;41.34;41.79;41.13;41.32;218326.73
1632549600000;41.29;42.01;41.15;41.84;181100.32
1632553200000;41.84;41.9;40.23;40.36;361650.5
1632556800000;40.37;41.26;39.17;40.85;587134.79
1632560400000;40.83;41.59;40.58;41.17;386849.2
1632564000000;41.17;42.01;40.96;41.12;288711.17
1632567600000;41.11;41.24;40.35;40.99;284349.5
1632571200000;40.98;41.5;40.72;40.82;186043.92
1632574800000;40.8;41.37;40.3;40.37;314095.32
1632578400000;40.38;40.58;39.66;39.99;272205.35
1632582000000;39.98;40.64;39.71;40.16;192369.14
1632585600000;40.12;40.39;39.53;40.09;204176.81
1632589200000;40.12;40.46;39.77;39.83;117495.46
1632592800000;39.83;40.41;39.41;39.61;151890.65
1632596400000;39.61;40.11;39.48;40.04;114950.15
1632600000000;40.03;40.06;39.43;39.51;98255.14
1632603600000;39.53;39.62;38.81;39.51;161262.95
1632607200000;39.51;39.99;39.19;39.86;127555.34
1632610800000;39.85;39.94;39.21;39.45;99921.97
1632614400000;39.45;40.59;37.86;38.52;588112.43
1632618000000;38.5;38.63;37.4;37.7;326695.93
1632621600000;37.7;37.98;36.8;37.67;441395.15
1632625200000;37.68;38.44;37.24;38.22;220117.41
1632628800000;38.23;38.23;37.2;37.97;251369.66
1632632400000;37.95;38.36;37.55;37.65;222248.75
1632636000000;37.62;38.01;37.34;37.44;180422.51
1632639600000;37.4;37.69;35.43;36.19;590598.49
1632643200000;36.19;36.92;35.72;36.67;461909.45
1632646800000;36.66;39.48;36.5;38.68;764904.93
1632650400000;38.68;39.11;37.84;38.16;408712.45
1632654000000;38.14;38.87;38.13;38.31;211968.94
1632657600000;38.31;39.3;38.31;38.63;264806.45
1632661200000;38.65;38.98;38.36;38.65;153869.25
1632664800000;38.65;39.09;38.12;38.93;153719.23
1632668400000;38.93;41.25;38.91;40.78;700747.29
1632672000000;40.78;41.7;40.11;41;402902.78
1632675600000;41;41.58;40.17;40.47;224577.13
1632679200000;40.45;40.79;39.62;39.79;155191.86
1632682800000;39.8;40;39.39;39.61;180727.64
1632686400000;39.62;40.23;39.34;40.01;162729.14
1632690000000;40.03;40.26;39.52;39.88;77791.36
1632693600000;39.9;40.8;38.72;38.87;242839.74
1632697200000;38.89;39.95;38.67;39.8;189147.9
1632700800000;39.81;40.67;39.14;40.56;289892.72
1632704400000;40.56;40.75;39.86;40.58;249724.61
1632708000000;40.56;40.68;39.58;39.81;191842.89
1632711600000;39.8;40.07;39.24;39.5;126845.25
1632715200000;39.51;39.65;39.23;39.49;103308.23
1632718800000;39.47;39.82;39.35;39.65;97308.35
1632722400000;39.64;39.9;38.96;38.98;175149.64
1632726000000;38.97;39.38;38.74;39.1;174869.6
1632729600000;39.1;39.41;38.96;39.21;107137.44
1632733200000;39.19;39.72;38.4;38.58;217835.14
1632736800000;38.53;39.25;38.52;38.82;142336.03
1632740400000;38.84;39.08;38.58;38.9;127855.89
1632744000000;38.9;39.07;38.15;38.47;177259.07
1632747600000;38.48;38.82;38.32;38.58;132271.7
1632751200000;38.57;39.57;38;38.18;360270.33
1632754800000;38.2;38.51;37.96;38.4;219380.77
1632758400000;38.41;38.5;37.27;37.7;252149.39
1632762000000;37.71;37.97;37.33;37.53;215633.43
1632765600000;37.52;37.72;37.22;37.44;123083.06
1632769200000;37.45;37.66;37.06;37.33;142207.07
1632772800000;37.35;37.35;36.6;36.8;245085.89
1632776400000;36.77;37.82;36.64;37.8;116740.53
1632780000000;37.78;38.3;37.57;37.96;189236.12
1632783600000;37.94;38.14;37.02;37.21;191182.37
1632787200000;37.2;37.6;36.85;37.09;178465.61
1632790800000;37.08;37.57;36.54;37.4;144249.88
1632794400000;37.43;37.82;37.03;37.24;108216.51
1632798000000;37.25;37.49;37.03;37.41;84480.42
1632801600000;37.42;37.8;37.08;37.25;116888.54
1632805200000;37.25;37.39;36.71;36.77;102231.03
1632808800000;36.8;36.99;36.07;36.47;182378.06
1632812400000;36.49;36.6;35.67;35.98;269447.15
1632816000000;36;36.63;35.72;36.29;224254.24
1632819600000;36.3;36.52;35.99;36.22;143950.03
1632823200000;36.23;36.4;35.82;36.24;137568.36
1632826800000;36.25;36.56;36.02;36.51;99381.68
1632830400000;36.51;37.9;36.22;36.38;319512.62
1632834000000;36.36;37.12;36.29;36.44;215434.41
1632837600000;36.44;36.56;35.68;35.87;239702.89
1632841200000;35.85;35.97;35.06;35.09;252135.87
1632844800000;35.07;35.56;34.27;34.37;300531.83
1632848400000;34.39;34.71;33.88;34.16;442395.95
1632852000000;34.14;34.63;33.58;34.28;216666.77
1632855600000;34.26;34.6;33.77;34.1;165450.51
1632859200000;34.09;35.35;34.09;34.81;208914.63
1632862800000;34.81;35.2;34.63;34.86;100826.71
1632866400000;34.85;34.86;34.17;34.18;89541.92
1632870000000;34.22;34.33;33.36;33.7;206101.04
1632873600000;33.7;34.88;33.36;34.25;304059.22
1632877200000;34.24;34.98;34.18;34.62;140664.41
1632880800000;34.63;35.18;34.49;34.84;150090.31
1632884400000;34.83;35.69;34.68;35.56;131612.32
1632888000000;35.58;36.35;35.32;36.11;259392.42
1632891600000;36.11;36.3;35.65;36.16;139279.41
1632895200000;36.18;36.33;35.75;36.26;101653.03
1632906000000;36.29;36.3;35.23;35.54;146008.22
1632909600000;35.53;36.65;35.46;36.49;225751.99
1632913200000;36.5;36.52;35.92;35.99;150672.32
1632916800000;35.99;36.22;35.12;35.23;298891.13
1632920400000;35.24;35.48;34.77;35.1;199620.37
1632924000000;35.1;35.45;33.99;35.1;257141.85
1632927600000;35.09;35.29;34.06;34.26;214773.35
1632931200000;34.26;34.54;33.86;34.12;220607.01
1632934800000;34.08;34.43;33.53;33.62;137576.12
1632938400000;33.6;34.06;33.35;33.51;176253.91
1632942000000;33.52;33.71;33.18;33.39;142515.83
1632945600000;33.4;33.59;32.74;33.14;266290.97
1632949200000;33.11;33.49;32.87;33.44;136793.44
1632952800000;33.44;33.56;33;33.48;114783.06
1632956400000;33.47;33.96;33.27;33.88;97784.59
1632960000000;33.88;34.77;33.47;34.62;180135.09
1632963600000;34.61;35.21;34.43;34.84;191605.82
1632967200000;34.85;35;34.55;34.97;123472.15
1632970800000;34.98;35.31;34.76;35.15;141798.59
1632974400000;35.15;35.37;34.82;34.85;131171.17
1632978000000;34.87;35.04;34.48;34.79;109401.32
1632981600000;34.79;35.22;34.65;34.69;119609.86
1632985200000;34.7;34.78;34.25;34.33;118957.3
1632988800000;34.35;34.55;33.58;34.04;197341.2
1632992400000;34.04;34.52;33.9;34.22;150555.74
1632996000000;34.23;34.42;33.72;33.82;151471.88
1632999600000;33.83;34.25;33.74;34.21;73511.69
1633003200000;34.21;35.07;34.08;34.65;202769.19
1633006800000;34.67;34.76;34.02;34.04;118588.44
1633010400000;34.03;34.28;33.71;33.75;106877.08
1633014000000;33.77;34.51;33.72;34.18;135962.55
1633017600000;34.16;34.23;33.6;33.76;150912.13
1633021200000;33.75;34.11;33.7;34.02;133430.16
1633024800000;34.01;35.16;33.98;35.06;217275.17
1633028400000;35.06;35.35;34.67;34.72;222960.49
1633032000000;34.74;35.63;34.65;35.3;244429.53
1633035600000;35.3;36.03;35.12;35.75;248713.31
1633039200000;35.74;36.23;35.58;36.09;194787.23
1633042800000;36.1;36.27;35.72;36.23;164497.48
1633046400000;36.21;36.34;35.64;35.84;193478.09
1633050000000;35.84;35.85;35.27;35.45;158987.93
1633053600000;35.45;35.58;34.81;34.89;112170.63
1633057200000;34.9;35.29;34.86;35.2;95401.33
1633060800000;35.19;35.59;35.04;35.51;107309.54
1633064400000;35.54;36.01;35.5;35.87;132894.88
1633068000000;35.87;35.91;35.31;35.53;123393.76
1633071600000;35.54;36.27;35.44;36.15;188467.54
1633075200000;36.14;36.96;36.05;36.93;229986.58
1633078800000;36.93;36.98;36.43;36.85;130017.33
1633082400000;36.87;37.6;36.53;37.09;519650.58
1633086000000;37.09;37.8;36.91;37.63;336592.07
1633089600000;37.63;38.56;37.41;37.89;437092.02
1633093200000;37.89;38.24;37.11;37.12;254854.72
1633096800000;37.12;37.6;36.65;36.97;272176.57
1633100400000;36.99;37.66;36.86;37.48;212972.43
1633104000000;37.49;37.86;37.06;37.7;184257.19
1633107600000;37.74;37.95;37.37;37.91;159966.57
1633111200000;37.91;37.99;37.66;37.7;132946.87
1633114800000;37.7;38.1;37.67;37.95;154998.72
1633118400000;37.96;37.97;37.11;37.39;152205.65
1633122000000;37.38;37.82;37.25;37.53;117211.07
1633125600000;37.52;37.84;36.9;37.22;148697.37
1633129200000;37.21;37.92;37.11;37.85;84672.94
1633132800000;37.86;39.49;37.17;39.2;420308.55
1633136400000;39.16;39.48;38.54;38.66;192999.06
1633140000000;38.64;38.95;38.24;38.36;116394.16
1633143600000;38.37;38.54;37.54;37.68;96252.41
1633147200000;37.68;38.08;37.63;37.83;74185.21
1633150800000;37.84;38.44;37.68;38.3;74234.58
1633154400000;38.3;38.65;38.11;38.22;140396.32
1633158000000;38.21;38.61;38.04;38.34;68549.99
1633161600000;38.33;38.34;37.69;37.99;90040.34
1633165200000;37.98;38.64;37.88;38.47;114079.99
1633168800000;38.48;38.48;38.01;38.22;75840.59
1633172400000;38.24;39.1;37.86;39.01;250766.37
1633176000000;39.01;39.48;38.83;39.12;201407.06
1633179600000;39.1;39.65;38.91;39.22;239863.87
1633183200000;39.22;39.52;39.07;39.37;146963.59
1633186800000;39.39;39.84;39.14;39.75;161391.47
1633190400000;39.75;40.56;39.19;40.51;310087
1633194000000;40.52;41.5;40.22;41.35;330753.6
1633197600000;41.34;41.64;40.96;40.99;216900.52
1633201200000;41.01;41.07;40.41;40.62;238544.33
1633204800000;40.63;40.78;39.75;39.9;190172.17
1633208400000;39.91;40.08;39.53;40.03;101101.22
1633212000000;40.04;40.35;39.35;39.44;124229.39
1633215600000;39.44;39.76;38.28;38.62;214641.42
1633219200000;38.63;39.81;37.78;38.27;354561.96
1633222800000;38.27;39.58;38.23;38.98;221107.8
1633226400000;38.98;39.62;38.88;39.09;105574.4
1633230000000;39.07;39.62;38.88;39.49;105071.16
1633233600000;39.48;39.74;39.16;39.55;58023.02
1633237200000;39.56;39.93;39.3;39.76;87797.93
1633240800000;39.76;40.8;39.61;40.13;238471.6
1633244400000;40.13;40.18;39.53;39.62;104527.39
1633248000000;39.61;39.98;39.47;39.51;75347.19
1633251600000;39.51;39.51;38.69;39.27;309445.73
1633255200000;39.27;39.48;38.85;38.98;67912.74
1633258800000;38.98;39.88;38.9;39.79;147287.88
1633262400000;39.78;39.84;39.31;39.34;76658.09
1633266000000;39.33;39.77;39.1;39.63;110380.16
1633269600000;39.61;39.75;39.15;39.28;88605.6
1633273200000;39.29;39.32;38.33;38.59;177601.84
1633276800000;38.58;38.88;38.44;38.82;128457.76
1633280400000;38.82;39.34;38.45;39.2;157021.76
1633284000000;39.22;39.79;39.02;39.44;232056.63
1633287600000;39.45;39.78;39.35;39.4;81852.22
1633291200000;39.38;39.48;38.64;38.68;91218.18
1633294800000;38.66;38.78;38.31;38.47;127854.46
1633298400000;38.47;39.05;38.45;38.76;104200.79
1633302000000;38.78;38.95;38.52;38.74;132350.64
1633305600000;38.76;38.8;37.67;37.84;199115.09
1633309200000;37.84;37.95;37.21;37.57;314877.56
1633312800000;37.57;37.58;37.05;37.23;116233.76
1633316400000;37.21;37.57;36.84;36.99;131101.7
1633320000000;37;37.34;36.51;37.26;153471.2
1633323600000;37.25;37.53;37.23;37.41;75527.52
1633327200000;37.42;37.6;37.04;37.4;99214.88
1633330800000;37.4;38.19;37.13;37.96;213822.21
1633334400000;37.98;38.07;37.14;37.44;142566.52
1633338000000;37.42;37.9;37.2;37.73;121798.28
1633341600000;37.74;37.74;37.17;37.41;92711.36
1633345200000;37.4;37.49;36.97;37.33;136445.45
1633348800000;37.34;37.69;37.1;37.49;147382.11
1633352400000;37.48;38.3;37.45;38.23;228138.99
1633356000000;38.23;38.48;36.72;37.04;334819.69
1633359600000;37.03;37.31;36;37.02;305490.55
1633363200000;37.04;37.77;36.97;37.25;240815.75
1633366800000;37.26;37.44;36.52;37.41;240691.48
1633370400000;37.41;38.03;37.13;37.89;200975.93
1633374000000;37.89;38.2;37.5;37.7;164072.35
1633377600000;37.73;37.77;36.76;36.86;151980.2
1633381200000;36.88;37.06;36.5;36.84;116180.31
1633384800000;36.85;36.94;36.4;36.6;95796.45
1633388400000;36.6;36.97;36.49;36.8;160589.06
1633392000000;36.79;37.9;36.38;37.64;186781.02
1633395600000;37.64;38.08;36.88;36.98;186518.47
1633399200000;37.02;37.13;36.62;37.01;134460.69
1633402800000;37.01;37.25;36.91;37.22;89837.29
1633406400000;37.22;37.37;36.76;36.86;122416.63
1633410000000;36.86;37.6;36.76;37.24;118297
1633413600000;37.24;37.84;37.19;37.52;108860.89
1633417200000;37.52;38.02;37.42;37.62;172395.48
1633420800000;37.62;37.92;37.44;37.68;116842.09
1633424400000;37.7;37.77;37.12;37.73;196937.74
1633428000000;37.73;38.34;37.48;37.64;245947.5
1633431600000;37.64;38.15;37.5;37.54;186639.19
1633435200000;37.55;37.71;36.99;37.24;234470.78
1633438800000;37.25;37.4;36.92;37.22;116352.01
1633442400000;37.21;37.27;35.6;36.16;360899.06
1633446000000;36.15;36.35;35.71;35.89;276210.58
1633449600000;35.9;36.17;35.32;35.73;206439.01
1633453200000;35.71;36.05;35.5;35.98;136265.99
1633456800000;35.99;36.11;35.6;35.81;109186.04
1633460400000;35.81;36.57;35.71;36.46;196904.9
1633464000000;36.49;37.05;36.3;36.72;184755.79
1633467600000;36.71;37.39;36.64;36.94;132624.88
1633471200000;36.95;37.03;36.5;36.66;94910.42
1633474800000;36.66;37.14;36.56;36.75;61610.26
1633478400000;36.76;36.86;35.86;36.01;145694.28
1633482000000;35.99;36;35.04;35.54;255026.62
1633485600000;35.53;35.77;35.12;35.37;141899.7
1633489200000;35.37;35.42;34.96;35.08;126264.56
1633492800000;35.07;35.11;34.09;34.94;263566.5
1633496400000;34.92;35.04;34.56;34.82;145278.16
1633500000000;34.81;35.43;34.65;34.96;135615.35
1633503600000;34.95;35.05;34.09;34.42;223722.25
1633507200000;34.43;34.59;33;33.6;377070.68
1633510800000;33.61;33.95;33.17;33.85;180993.79
1633514400000;33.85;35.3;33.63;34.33;520671.96
1633518000000;34.32;34.84;34.11;34.59;132890.75
1633521600000;34.57;35.13;34.44;34.55;232955.24
1633525200000;34.55;36.4;34.46;35.67;631311.72
1633528800000;35.68;36.11;35.25;36.04;188707.01
1633532400000;36.02;36.17;35.69;35.99;153610
1633536000000;36;36.76;35.58;36.72;227860.41
1633539600000;36.71;36.77;35.97;36.5;181422.9
1633543200000;36.51;36.77;36.06;36.14;98509.88
1633546800000;36.13;36.7;36.1;36.3;131023.17
1633550400000;36.3;36.37;35.14;35.17;207692.84
1633554000000;35.19;35.46;34.96;35.26;93999.87
1633557600000;35.25;35.58;35.01;35.44;84943.3
1633561200000;35.45;35.54;35.13;35.15;67574.57
1633564800000;35.15;35.19;34.1;34.37;167518.71
1633568400000;34.36;34.49;33.78;34.16;191296.92
1633572000000;34.14;34.56;34.09;34.23;96908.47
1633575600000;34.23;34.41;33.87;34.03;87191.82
1633579200000;34.03;34.9;33.97;34.82;113212.5
1633582800000;34.81;34.83;34.19;34.71;100041.97
1633586400000;34.71;34.96;34.36;34.6;115032.72
1633590000000;34.57;35.66;34.44;35.61;167657.35
1633593600000;35.61;36.23;35.51;36.06;263236.63
1633597200000;36.03;36.3;35.18;35.8;212915.99
1633600800000;35.79;35.89;34.97;35.1;110528.84
1633604400000;35.1;36.3;34.94;35.84;196510.04
1633608000000;35.86;36.18;35.23;35.95;203873.86
1633611600000;35.94;36.36;35.57;36.17;129423.54
1633615200000;36.15;36.9;35.34;35.56;361791.55
1633618800000;35.53;37.48;35.4;37.24;441484.99
1633622400000;37.25;37.69;36.5;37.31;324478.99
1633626000000;37.32;37.48;36.78;37.14;149917.24
1633629600000;37.15;37.33;36.69;36.95;120365.88
1633633200000;36.95;37.23;36.57;36.74;124809.22
1633636800000;36.74;37.64;36.72;37.48;139169.45
1633640400000;37.48;38;37.25;37.45;172700.82
1633644000000;37.45;37.47;36.61;36.95;153316.71
1633647600000;36.95;37.13;36.19;36.67;157542.84
1633651200000;36.69;36.7;36.17;36.49;122418.18
1633654800000;36.49;36.73;36.06;36.37;95141.49
1633658400000;36.37;36.38;35.68;35.82;126365.12
1633662000000;35.81;36.17;35.44;36.01;189946.22
1633665600000;35.97;36.07;35.66;35.77;79170.21
1633669200000;35.78;36.21;35.53;36.09;83311.28
1633672800000;36.11;36.2;35.75;36.15;139382.1
1633676400000;36.14;36.55;35.93;36.41;164736.91
1633680000000;36.38;36.55;35.91;36.5;193520.48
1633683600000;36.47;36.52;35.96;36.06;127200.48
1633687200000;36.06;36.17;35.76;36;167930.57
1633690800000;36.01;36.34;35.9;35.96;106055.49
1633694400000;35.98;36.11;35.1;35.95;200320.28
1633698000000;35.94;36.95;35.55;36.38;276616.8
1633701600000;36.36;36.87;36.12;36.16;180105.83
1633705200000;36.16;36.58;35.83;36.11;123437.24
1633708800000;36.13;36.19;35.72;36.08;90068.8
1633712400000;36.08;36.18;35.8;36;59039.6
1633716000000;36.01;36.59;35.92;36.35;87170.55
1633719600000;36.33;36.59;35.81;36.05;93401.86
1633723200000;36.04;36.05;35.28;35.43;111892.63
1633726800000;35.43;35.54;35.2;35.37;80801.71
1633730400000;35.36;35.63;35.25;35.53;57637.03
1633734000000;35.52;35.52;34.78;35.04;135528.51
1633737600000;35.03;35.16;34.6;35.16;136741.25
1633741200000;35.17;35.24;34.8;34.96;72721.46
1633744800000;34.93;35.37;34.7;35.25;73542.92
1633748400000;35.25;35.49;35.11;35.43;77719.62
1633752000000;35.42;35.57;35.28;35.47;58795.8
1633755600000;35.48;35.6;35.2;35.35;56534.06
1633759200000;35.33;35.7;35.33;35.54;84214.49
1633762800000;35.54;35.6;35.31;35.46;66498.58
1633766400000;35.47;35.47;35;35.22;64768.78
1633770000000;35.21;35.45;35.11;35.38;61754.02
1633773600000;35.39;35.98;35.26;35.88;122180.71
1633777200000;35.9;35.97;35.49;35.93;156252.77
1633780800000;35.94;36.13;35.86;36.02;148961.66
1633784400000;36.01;36.12;35.78;35.99;90784.61
1633788000000;35.99;36.05;35.39;35.64;155701.16
1633791600000;35.64;35.7;35.35;35.39;117869.26
1633795200000;35.4;35.5;35.12;35.31;137551
1633798800000;35.33;35.52;35.11;35.18;105659.79
1633802400000;35.17;35.28;35.03;35.27;101474.09
1633806000000;35.27;35.35;34.96;35.06;72596.12
1633809600000;35.04;35.26;34.81;35.22;68129.11
1633813200000;35.22;35.35;35.04;35.25;42852.42
1633816800000;35.24;35.32;35.08;35.29;25461.01
1633820400000;35.29;35.45;35.08;35.16;48779.14
1633824000000;35.16;35.18;34.36;34.54;217039.57
1633827600000;34.53;34.63;33.98;34.18;258633.07
1633831200000;34.16;34.2;33.85;34.19;240114.27
1633834800000;34.18;34.59;34.1;34.51;131909.14
1633838400000;34.51;34.73;34.31;34.69;76450.74
1633842000000;34.7;34.81;34.54;34.7;51934.87
1633845600000;34.69;35.04;34.67;34.9;67201.36
1633849200000;34.89;34.92;34.58;34.66;44435.42
1633852800000;34.67;34.78;34.5;34.77;64614.73
1633856400000;34.77;34.8;34.23;34.49;87497.85
1633860000000;34.5;34.51;34.26;34.4;51933.65
1633863600000;34.42;34.48;33.93;34.3;222743.31
1633867200000;34.29;34.41;33.91;34.36;75505.86
1633870800000;34.36;34.5;34.04;34.16;71266.29
1633874400000;34.17;34.68;34.15;34.36;68839.08
1633878000000;34.37;34.91;34.15;34.78;99921.34
1633881600000;34.79;34.82;34.1;34.2;74327.77
1633885200000;34.2;34.21;33.56;33.83;161680.09
1633888800000;33.81;33.91;33.63;33.89;64815.96
1633892400000;33.89;34.02;33.78;33.81;59277.79
1633896000000;33.81;33.88;33.16;33.27;264077.04
1633899600000;33.26;33.27;32.17;32.7;367612.62
1633903200000;32.7;32.87;32.29;32.83;83896.91
1633906800000;32.82;32.96;32.1;32.42;78745.71
1633910400000;32.4;32.82;31.8;32.73;146780.07
1633914000000;32.71;33.05;32.59;32.81;77271.77
1633917600000;32.8;32.95;32.72;32.94;39491.13
1633921200000;32.95;33.21;32.72;33.2;83619.94
1633924800000;33.21;33.55;33.12;33.37;97435.06
1633928400000;33.37;33.48;33.06;33.21;65431.62
1633932000000;33.22;33.36;33.17;33.27;70882.82
1633935600000;33.27;33.75;33.26;33.66;86412.24
1633939200000;33.65;34.4;33.64;34.21;179974.83
1633942800000;34.2;34.27;33.67;33.73;77343.08
1633946400000;33.75;33.83;33.19;33.28;87937.69
1633950000000;33.29;33.45;32.83;33.15;120835.43
1633953600000;33.16;33.4;32.98;33.3;68828.76
1633957200000;33.3;33.49;32.96;33.1;98755.56
1633960800000;33.11;33.13;32.6;32.79;140735.58
1633964400000;32.79;32.81;32.4;32.66;112863.76
1633968000000;32.67;32.8;32.31;32.4;74070.52
1633971600000;32.41;32.51;32.08;32.15;77633.02
1633975200000;32.15;32.24;31.58;31.67;202160.53
1633978800000;31.65;32;31.31;31.35;128371.63
1633982400000;31.34;31.56;31.09;31.23;157193.51
1633986000000;31.24;31.71;31;31.66;80920.31
1633989600000;31.66;32.06;31.59;31.86;71154.51
1633993200000;31.87;32.19;31.66;32.01;55108.19
1633996800000;32.02;32.45;31.26;32.18;193311.28
1634000400000;32.17;32.3;31.51;31.94;101602.74
1634004000000;31.95;32.06;31.17;31.32;90046.32
1634007600000;31.28;31.37;30.68;31.02;156987.34
1634011200000;31.01;31.6;30.81;31.5;66269.8
1634014800000;31.48;31.56;30.75;31.43;88805.39
1634018400000;31.45;31.5;30.95;31.02;79797.78
1634022000000;31.02;31.32;30.84;31.07;76683.35
1634025600000;31.08;31.48;30.9;31.17;94356.71
1634029200000;31.19;31.26;30.18;30.38;165420.68
1634032800000;30.39;30.56;30;30.52;212477.55
1634036400000;30.52;30.81;30.34;30.68;83139.96
1634040000000;30.69;30.78;29.9;30.13;139522.87
1634043600000;30.15;31.93;30.12;31.8;288604.02
1634047200000;31.78;32.69;31.59;32.32;367870.64
1634050800000;32.31;34.35;31.76;33.53;776226.02
1634054400000;33.52;34;33.21;33.68;314849.66
1634058000000;33.69;33.8;32.8;33.02;244146.84
1634061600000;33.03;33.23;32.82;33.02;90063.75
1634065200000;33;33.49;32.73;32.85;136664.76
1634068800000;32.85;33.68;32.58;33.13;249842.84
1634072400000;33.13;33.68;33;33.48;90484.41
1634076000000;33.46;33.96;33.28;33.49;134144.62
1634079600000;33.49;33.53;33.1;33.48;98906.17
1634083200000;33.49;34.8;33.32;34.66;254059.79
1634086800000;34.64;34.76;34.14;34.38;112296.22
1634090400000;34.36;34.5;33.87;33.97;125074.61
1634094000000;33.96;34.06;33.58;33.78;75602.06
1634097600000;33.77;33.89;33.43;33.65;94186.72
1634101200000;33.65;33.84;32.56;32.6;249842.44
1634104800000;32.59;33.17;32.39;33.06;179232.63
1634108400000;33.05;33.23;32.5;32.52;148201.36
1634112000000;32.54;33.23;32.5;32.56;175935.51
1634115600000;32.56;32.73;32.26;32.67;133820.78
1634119200000;32.66;32.75;32.23;32.4;122337.86
1634122800000;32.39;32.73;32.34;32.6;87155.53
1634126400000;32.59;32.78;32.35;32.67;102792.51
1634130000000;32.66;32.86;32.32;32.48;101721.32
1634133600000;32.46;32.66;31.99;32.42;247511.78
1634137200000;32.42;32.69;32.35;32.47;96543.11
1634140800000;32.46;32.67;32.37;32.51;115615.22
1634144400000;32.51;33.3;31.64;31.7;733659.1
1634148000000;31.7;32.38;31.64;32.13;289001.73
1634151600000;32.12;32.75;32.06;32.66;133077.37
1634155200000;32.65;33.96;32.53;33.88;249797.14
1634158800000;33.88;34.75;33.27;33.71;376752.48
1634162400000;33.71;34.6;33.55;34.34;254556.03
1634166000000;34.34;34.93;34.32;34.53;170179.93
1634169600000;34.55;35;34.19;34.33;206837.6
1634173200000;34.33;34.84;34.13;34.62;172898.26
1634176800000;34.63;34.74;34.28;34.35;119993.06
1634180400000;34.35;34.55;34.01;34.08;86023.54
1634184000000;34.1;34.41;34.04;34.21;75619.77
1634187600000;34.21;34.44;34.14;34.3;65365.89
1634191200000;34.25;34.41;34.07;34.21;95702.37
1634194800000;34.2;34.32;34.01;34.28;96789.77
1634198400000;34.26;34.87;34.25;34.68;153585.94
1634202000000;34.68;34.99;34.31;34.98;159250.85
1634205600000;34.97;35.75;34.85;35.46;402887.48
1634209200000;35.46;35.5;35;35.15;201100.41
1634212800000;35.14;35.56;34.76;34.86;194703.47
1634216400000;34.86;35.06;34.67;34.74;120313.3
1634220000000;34.73;35.42;34.66;35.22;163001.78
1634223600000;35.22;35.29;34.57;34.93;138326.35
1634227200000;34.91;35.02;34.12;34.26;179892.97
1634230800000;34.26;34.52;34.17;34.37;71720.09
1634234400000;34.39;34.43;33.81;34.11;149518.91
1634238000000;34.1;34.26;33.6;33.96;118062.45
1634241600000;33.97;33.98;33.52;33.69;64478.11
1634245200000;33.67;34.09;33.66;33.96;58459.32
1634248800000;33.96;34;33.72;33.92;61711.94
1634252400000;33.92;33.97;33.46;33.82;108122.34
1634256000000;33.83;33.93;33.17;33.35;86038.42
1634259600000;33.33;33.53;33.02;33.35;62921.16
1634263200000;33.34;33.81;33.18;33.76;138018.77
1634266800000;33.77;34.06;33.67;33.89;108197.99
1634270400000;33.92;33.94;33.4;33.7;96449.55
1634274000000;33.7;34.03;33.59;34.03;110294.05
1634277600000;34.03;34.16;33.7;33.87;134050.04
1634281200000;33.86;34.01;33.68;33.91;128115.22
1634284800000;33.91;34.01;32.52;32.65;272749.22
1634288400000;32.64;32.81;32.18;32.71;165217.77
1634292000000;32.7;32.87;32.45;32.83;134519.26
1634295600000;32.83;33.33;32.72;33.14;97401.27
1634299200000;33.11;33.31;32.9;32.93;67616.83
1634302800000;32.93;33.1;32.66;32.76;93545.14
1634306400000;32.76;33.06;32.6;32.98;85714.3
1634310000000;32.97;33.33;32.84;32.96;82990.04
1634313600000;32.95;33.32;32.7;33.1;146648.32
1634317200000;33.11;33.4;33;33.12;127713.52
1634320800000;33.12;33.51;33.12;33.42;112460.96
1634324400000;33.4;33.74;33.33;33.57;91472.5
1634328000000;33.58;33.73;33.33;33.52;175479.3
1634331600000;33.52;33.56;32.85;32.9;76237.67
1634335200000;32.91;33.14;32.9;32.93;45449.43
1634338800000;32.92;33.17;32.92;33.08;57743.37
1634342400000;33.09;33.66;33.03;33.59;63987.57
1634346000000;33.58;33.79;33.19;33.47;72043.88
1634349600000;33.46;33.78;33.26;33.63;46521.36
1634353200000;33.63;33.65;33.07;33.16;41915
1634356800000;33.16;33.3;32.96;33.03;70646.13
1634360400000;33.02;33.27;32.9;33.21;51058.91
1634364000000;33.22;33.41;33.08;33.29;46505.6
1634367600000;33.28;33.35;33.02;33.31;46702.99
1634371200000;33.31;33.79;33.2;33.66;87404.03
1634374800000;33.65;33.81;33.61;33.74;57472.5
1634378400000;33.75;34.46;33.62;34.42;182208.48
1634382000000;34.41;34.65;34.12;34.31;114498.57
1634385600000;34.31;34.53;33.37;33.38;163543.92
1634389200000;33.37;33.98;33.29;33.95;121656.47
1634392800000;33.95;34.16;33.68;33.82;65083.11
1634396400000;33.82;34.62;33.62;34.35;153565.73
1634400000000;34.37;34.41;33.82;33.95;77263.81
1634403600000;33.95;33.97;33.44;33.56;108507.14
1634407200000;33.56;33.59;33.26;33.47;68205.51
1634410800000;33.48;33.52;33.21;33.25;28128.29
1634414400000;33.26;33.38;33;33.22;58505.22
1634418000000;33.23;33.28;32.95;33.02;39419.5
1634421600000;33.01;33.28;32.91;33.22;34735.95
1634425200000;33.21;33.33;33.07;33.13;21558.29
1634428800000;33.14;33.21;32.53;33.12;100721.55
1634432400000;33.13;33.45;33.11;33.37;42149.57
1634436000000;33.38;33.41;33.14;33.2;30890.03
1634439600000;33.2;33.38;33.17;33.34;35138.29
1634443200000;33.35;33.52;33.24;33.32;31929.65
1634446800000;33.33;33.74;33.32;33.55;52912.57
1634450400000;33.56;33.69;33.39;33.39;34885.48
1634454000000;33.39;33.64;33.35;33.56;41080.27
1634457600000;33.56;34.28;33.54;33.83;139357.76
1634461200000;33.82;33.85;33.48;33.58;69330.36
1634464800000;33.57;33.78;33.45;33.64;40849.54
1634468400000;33.64;33.83;33.33;33.33;35286.23
1634472000000;33.34;33.4;32.98;33.17;72150.21
1634475600000;33.19;33.29;33.05;33.26;43084.57
1634479200000;33.26;33.28;32.99;33.19;51101.64
1634482800000;33.18;33.21;32.69;32.83;76464.09
1634486400000;32.82;32.97;32.74;32.8;50911.6
1634490000000;32.8;32.96;32.71;32.87;30293.63
1634493600000;32.87;33.06;32.81;32.91;39153.29
1634497200000;32.92;32.98;32.27;32.41;69438.9
1634500800000;32.41;32.41;31;31.45;264062.38
1634504400000;31.43;32.06;31.3;31.99;106907.01
1634508000000;31.99;32.31;31.9;32.13;82461.68
1634511600000;32.13;32.44;32.07;32.44;53584.26
1634515200000;32.45;32.63;32.15;32.54;63764.4
1634518800000;32.55;32.68;32.42;32.47;61501.63
1634522400000;32.49;32.6;32.31;32.38;35615.87
1634526000000;32.35;32.45;32.02;32.2;42002.81
1634529600000;32.21;32.21;31.97;32.15;60148.85
1634533200000;32.15;32.35;32.14;32.32;31173.43
1634536800000;32.33;32.44;31.83;32.11;75625.78
1634540400000;32.11;32.33;31.93;31.97;67849.39
1634544000000;31.98;32.22;31.88;32.03;48384.03
1634547600000;32.03;32.13;31.48;31.78;109396.29
1634551200000;31.78;31.87;31.42;31.72;88644.81
1634554800000;31.73;31.76;31.19;31.45;117527.13
1634558400000;31.43;31.64;31.2;31.47;91099.83
1634562000000;31.46;32.03;31.02;31.98;104777.11
1634565600000;31.99;32.06;31.62;31.84;53907.25
1634569200000;31.83;31.87;31.45;31.66;42042.81
1634572800000;31.65;31.77;31.22;31.4;67873.22
1634576400000;31.39;31.65;31.29;31.45;40502.12
1634580000000;31.45;31.6;31.38;31.54;32178.49
1634583600000;31.54;31.84;31.26;31.76;46371.25
1634587200000;31.75;32.37;31.61;32.03;88164.63
1634590800000;32.03;32.14;31.88;31.93;48128.8
1634594400000;31.91;31.94;31.6;31.84;46323.99
1634598000000;31.84;31.92;31.74;31.88;25906.05
1634601600000;31.87;31.88;31.45;31.5;56665.15
1634605200000;31.51;32.15;31.48;32.01;45204.51
1634608800000;32.02;32.16;31.93;31.93;29943.68
1634612400000;31.94;32.36;31.84;32.24;55367.38
1634616000000;32.24;32.3;31.9;31.91;38021.94
1634619600000;31.93;32.12;31.82;31.97;33601.9
1634623200000;31.96;32.06;31.63;31.71;63653.49
1634626800000;31.72;31.94;31.6;31.91;38098.55
1634630400000;31.91;32.1;31.58;32.06;69594.85
1634634000000;32.08;32.99;31.88;32.86;168246.18
1634637600000;32.86;33.92;32.8;33.65;427136.15
1634641200000;33.65;34.37;33.4;33.98;356038.43
1634644800000;33.98;34.19;33.43;33.7;196452.55
1634648400000;33.7;33.78;33.17;33.54;170244.86
1634652000000;33.56;34.7;33.21;34.32;357951.73
1634655600000;34.3;34.94;34.11;34.12;342424.56
1634659200000;34.13;34.77;33.52;33.65;375857.39
1634662800000;33.65;34.05;33.56;33.85;124628.83
1634666400000;33.85;34.27;33.73;33.79;108709.67
1634670000000;33.79;34.19;33.65;34.1;125904.45
1634673600000;34.08;34.08;33.69;33.99;114937.15
1634677200000;34;35.19;33.88;34.97;278194.21
1634680800000;34.97;35.32;34.77;34.93;144511.12
1634684400000;34.93;35.15;34.69;35;142345.34
1634688000000;34.99;35.01;34.42;34.55;109408.99
1634691600000;34.55;34.55;34.03;34.04;71232.03
1634695200000;34.04;34.27;33.82;33.87;78433.87
1634698800000;33.87;33.97;33.61;33.62;89559.52
1634702400000;33.62;33.9;33.5;33.82;67247.36
1634706000000;33.84;33.84;33.5;33.69;58050.6
1634709600000;33.69;33.84;33.54;33.79;62212.58
1634713200000;33.79;33.84;33.61;33.77;75942.6
1634716800000;33.77;34.33;33.69;34.14;164638.45
1634720400000;34.14;34.22;33.86;33.96;71811.85
1634724000000;33.97;34;33.73;33.78;68291.83
1634727600000;33.78;34.1;33.72;34.07;73439.65
1634731200000;34.06;34.34;34.06;34.26;90413.8
1634734800000;34.26;34.68;34.19;34.56;220839.14
1634738400000;34.56;34.83;34.37;34.58;205454.23
1634742000000;34.58;35.38;34.29;35.33;282510.61
1634745600000;35.34;36.38;35.21;36.27;483017.89
1634749200000;36.27;36.6;35.73;36.08;221969.34
1634752800000;36.08;36.53;35.99;36.36;115074.35
1634756400000;36.36;36.9;36.23;36.67;188523.46
1634760000000;36.67;36.83;35.98;36.37;166231.47
1634763600000;36.37;36.42;36;36.35;101876.07
1634767200000;36.33;36.49;35.84;35.99;104346.66
1634770800000;35.99;36.23;35.8;35.95;78500.85
1634774400000;35.94;36.83;35.67;36.3;207367.13
1634778000000;36.32;36.67;35.53;35.74;169510.7
1634781600000;35.73;35.94;35.3;35.92;194766.61
1634785200000;35.92;35.95;35.49;35.88;73553.82
1634788800000;35.85;35.89;35.36;35.6;63642.33
1634792400000;35.6;35.88;35.5;35.53;79792.07
1634796000000;35.54;35.74;35.13;35.3;118720.16
1634799600000;35.31;35.84;35.11;35.55;109121.92
1634803200000;35.57;35.98;35.55;35.92;98694.09
1634806800000;35.92;36.16;35.69;35.91;153683.32
1634810400000;35.92;36.37;35.74;36.21;155541.53
1634814000000;36.22;36.48;34.98;35.27;299632.7
1634817600000;35.27;35.43;34.62;35.39;208534.87
1634821200000;35.39;35.82;35.25;35.39;118227.19
1634824800000;35.4;35.59;34.42;34.53;253158.78
1634828400000;34.53;35.7;33.84;34.74;397570.85
1634832000000;34.74;35.19;34.46;34.56;133350.48
1634835600000;34.56;34.94;34.5;34.56;56300.75
1634839200000;34.55;35.35;34.53;35;129708.81
1634842800000;35.01;35.3;34.55;34.66;82439.55
1634846400000;34.65;34.71;34.23;34.37;153804.63
1634850000000;34.37;34.72;34.23;34.48;74940.26
1634853600000;34.47;34.75;34.24;34.3;68451.39
1634857200000;34.3;34.7;34.28;34.34;42206.03
1634860800000;34.33;34.57;34.05;34.56;131889.5
1634864400000;34.55;34.92;34.41;34.42;97110.07
1634868000000;34.41;34.71;34.31;34.44;88135.81
1634871600000;34.45;35.34;34.44;35.23;137866.25
1634875200000;35.23;35.24;34.73;34.85;67625.87
1634878800000;34.86;35.44;34.78;35.4;107263.41
1634882400000;35.39;35.72;34.95;35.52;214098.43
1634886000000;35.52;35.68;35.05;35.16;143511.36
1634889600000;35.17;35.3;34.76;35.08;194774.46
1634893200000;35.06;35.43;34.96;35.18;116535.55
1634896800000;35.18;35.5;34.88;35.2;161036.32
1634900400000;35.19;35.32;34.87;35.3;132536.28
1634904000000;35.29;35.98;35.29;35.64;281216.61
1634907600000;35.65;36.16;35.04;35.1;278493.18
1634911200000;35.11;35.17;34.3;34.58;358607.73
1634914800000;34.58;35.11;34.39;34.47;190567.52
1634918400000;34.49;34.51;33.67;34.22;280018.84
1634922000000;34.23;34.38;33.85;33.86;112847.26
1634925600000;33.86;34.45;33.8;34.27;160666.49
1634929200000;34.29;34.31;33.89;34.2;94173.38
1634932800000;34.2;34.56;34.05;34.23;86466.77
1634936400000;34.22;34.36;33.62;33.74;100491.34
1634940000000;33.72;34.16;33.69;34.1;57407.74
1634943600000;34.09;34.22;33.98;34.06;63565.09
1634947200000;34.06;34.41;33.77;34.39;79048.55
1634950800000;34.38;34.4;34.04;34.2;42168.14
1634954400000;34.21;34.4;34.11;34.22;43954.28
1634958000000;34.24;34.35;34.09;34.27;42003.92
1634961600000;34.28;34.75;34.2;34.6;173297.36
1634965200000;34.6;34.77;34.39;34.45;83734.44
1634968800000;34.45;34.95;34.2;34.87;177310.35
1634972400000;34.86;35.43;34.72;35.1;172309.61
1634976000000;35.08;36.2;35.05;36.2;522920.75
1634979600000;36.2;36.2;35.51;35.65;200156.13
1634983200000;35.65;35.8;35;35.01;139359.76
1634986800000;35.01;35.78;34.73;35.59;225711.91
1634990400000;35.6;36.31;35.51;36.16;273543.14
1634994000000;36.15;36.19;35.79;35.84;104580.66
1634997600000;35.85;36.14;35.59;36.02;85859.48
1635001200000;36;36.8;35.88;36.79;299619.4
1635004800000;36.8;37.2;36.36;36.38;385173.93
1635008400000;36.38;36.5;36;36.08;163964.12
1635012000000;36.09;36.5;35.75;35.94;121998.6
1635015600000;35.93;35.97;35.62;35.63;66857.18
1635019200000;35.62;35.79;35.39;35.7;67964.36
1635022800000;35.7;36.03;35.56;35.6;58254.01
1635026400000;35.6;35.92;35.55;35.6;59483.89
1635030000000;35.61;35.75;35.44;35.69;71493.6
1635033600000;35.7;36.03;35.54;35.6;109724.67
1635037200000;35.59;35.87;35.55;35.72;30906.2
1635040800000;35.7;35.79;35.48;35.59;41577.4
1635044400000;35.58;35.69;35.27;35.37;80225.16
1635048000000;35.36;35.39;35.18;35.29;55476.96
1635051600000;35.29;35.47;35.06;35.13;74147.38
1635055200000;35.14;35.26;34.95;35.04;85911.97
1635058800000;35.06;35.37;34.99;35.23;53766.97
1635062400000;35.24;35.27;34.98;35.05;67823.51
1635066000000;35.06;35.57;35.02;35.18;87301.02
1635069600000;35.18;35.29;35.05;35.1;53960.61
1635073200000;35.11;35.15;34.49;34.61;180293.6
1635076800000;34.61;34.76;34.22;34.54;176216.56
1635080400000;34.54;34.82;34.4;34.61;115170.24
1635084000000;34.61;34.68;34.39;34.47;71704.18
1635087600000;34.49;34.54;34;34.14;171791.56
1635091200000;34.14;34.41;33.78;34.29;156581.13
1635094800000;34.3;34.51;34.2;34.3;66402.31
1635098400000;34.3;34.3;33.49;33.78;131307.32
1635102000000;33.77;34.29;33.74;34.19;64467.65
1635105600000;34.2;34.56;34.02;34.28;115129.65
1635109200000;34.27;34.42;34.19;34.29;52583.95
1635112800000;34.29;34.4;34.03;34.29;54683.74
1635116400000;34.31;34.46;34.14;34.26;33524.25
1635120000000;34.27;34.54;34.15;34.49;76261.85
1635123600000;34.49;34.64;34.42;34.56;104046.28
1635127200000;34.57;34.64;34.4;34.62;48438.37
1635130800000;34.62;34.7;34.55;34.65;39721.51
1635134400000;34.65;34.89;34.59;34.87;99319.31
1635138000000;34.87;34.95;34.7;34.76;77199.31
1635141600000;34.77;35;34.77;34.89;65348.13
1635145200000;34.89;35;34.7;34.74;130574.24
1635148800000;34.73;34.88;34.55;34.79;130676.86
1635152400000;34.79;35.25;34.78;35.21;131406.04
1635156000000;35.21;35.21;34.73;35.03;78461.12
1635159600000;35.05;35.17;34.82;35.02;67353.36
1635163200000;35.04;35.2;34.77;34.78;75029.53
1635166800000;34.8;35.33;34.67;35.23;129906.32
1635170400000;35.23;35.31;34.88;35.08;97141.11
1635174000000;35.07;35.54;34.97;35.49;136534.98
1635177600000;35.48;35.57;35.15;35.33;116233.04
1635181200000;35.34;35.41;34.85;35.13;81484.55
1635184800000;35.13;35.25;34.87;35.25;61777.42
1635188400000;35.25;35.49;34.99;35.07;93930.02
1635192000000;35.07;35.29;34.97;35.2;48301.29
1635195600000;35.21;35.45;35.14;35.2;67366.77
1635199200000;35.19;35.49;35.19;35.42;45730.37
1635202800000;35.42;35.47;35.14;35.31;48336.8
1635206400000;35.31;36.4;35.06;36.26;296673.73
1635210000000;36.28;36.53;35.68;35.8;170629.97
1635213600000;35.78;36.37;35.77;36.32;94426.88
1635217200000;36.31;36.46;35.89;36.14;87875.88
1635220800000;36.13;36.37;35.85;36.14;134817.61
1635224400000;36.15;36.66;36.15;36.26;157800.63
1635228000000;36.27;36.33;35.97;35.99;139352.19
1635231600000;36;36.3;35.92;36.2;86125.17
1635235200000;36.21;36.9;36.19;36.51;206994.6
1635238800000;36.51;37;36.44;36.68;160311.75
1635242400000;36.68;37.5;36.65;37.44;185024.08
1635246000000;37.44;38.6;37.16;38.26;799310.49
1635249600000;38.27;39.5;37.58;38.82;1054743.24
1635253200000;38.82;39.43;38.48;38.88;423495.96
1635256800000;38.88;40.44;38.1;39.83;1009182.84
1635260400000;39.81;40.81;39.63;40.77;623329.74
1635264000000;40.76;41.98;40.42;40.93;931782.83
1635267600000;40.93;41.3;40.45;41.18;254548.8
1635271200000;41.18;41.24;40.24;40.99;354511.44
1635274800000;40.99;41.35;40.38;40.56;184250.2
1635278400000;40.56;41.26;40.4;41.17;216643.78
1635282000000;41.19;41.58;39.33;39.74;387657.91
1635285600000;39.74;40.12;38.87;39.38;445737.5
1635289200000;39.37;43.26;39.3;42.99;1013367.97
1635292800000;42.99;43.28;41.24;41.38;652272.35
1635296400000;41.38;41.48;40.63;40.71;316737.37
1635300000000;40.69;41;40.52;40.61;183059.61
1635303600000;40.62;41.49;40.58;40.66;245903
1635307200000;40.69;41.36;40.31;40.73;241029.28
1635310800000;40.71;41.3;40.57;40.77;188757.78
1635314400000;40.75;41;39.34;39.54;406326.9
1635318000000;39.54;39.66;38.74;38.9;348511.79
1635321600000;38.89;38.91;35;38.07;1445949.63
1635325200000;38.07;38.29;36.4;37.49;520458.45
1635328800000;37.5;37.98;36.54;37.61;428686.34
1635332400000;37.6;38.49;37.02;37.12;366028.25
1635336000000;37.12;37.78;36.96;37.48;231791.35
1635339600000;37.47;38.36;37.12;37.44;254297.54
1635343200000;37.42;38.1;36.56;38.03;411535.12
1635346800000;38.03;38.5;37.29;37.43;310964
1635350400000;37.41;37.97;36.99;37.81;304227.32
1635354000000;37.81;38.29;37.49;37.78;193318.85
1635357600000;37.79;38.98;37.77;38.07;275076.57
1635361200000;38.06;38.44;36.81;38.21;307676.5
1635364800000;38.19;38.58;37.77;38.4;200587.41
1635368400000;38.38;38.77;37.96;38;139406.79
1635372000000;38;38.13;37.1;37.5;196664.74
1635375600000;37.51;37.69;36.62;36.75;195915.98
1635379200000;36.76;37.38;36.16;36.24;204379.08
1635382800000;36.24;37.64;36.09;37.4;194529.63
1635386400000;37.38;38.32;36.95;37.82;163720.78
1635390000000;37.83;39.1;37.62;38.72;303986.2
1635393600000;38.71;38.97;38.17;38.93;210022.19
1635397200000;38.91;40.43;38.86;40.17;482365.05
1635400800000;40.15;40.19;38.72;38.96;406303.46
1635404400000;38.96;39.11;38.36;38.79;167159.9
1635408000000;38.79;40.66;38.77;40.25;344310.7
1635411600000;40.21;40.29;39.05;39.62;234048.51
1635415200000;39.61;40.07;39.3;39.4;188607.8
1635418800000;39.4;39.62;39.03;39.5;155566.67
1635422400000;39.48;39.81;39.24;39.6;99806.42
1635426000000;39.6;40.9;39.07;39.24;207283.25
1635429600000;39.22;39.35;38.77;39.25;153725.04
1635433200000;39.24;39.6;38.69;38.84;158855.43
1635436800000;38.84;39.27;38.76;38.84;104253.51
1635440400000;38.83;39.32;38.82;39.08;95389.43
1635444000000;39.06;39.53;37.61;38.21;353423.75
1635447600000;38.21;38.52;37.74;38.35;179586.26
1635451200000;38.36;39.13;38.18;38.48;197334.68
1635454800000;38.47;38.49;37.94;38.2;95284.62
1635458400000;38.19;38.47;37.98;38.28;63434.43
1635462000000;38.28;38.4;37.95;38;82775.06
1635465600000;38.01;39.22;38.01;38.92;165477.1
1635469200000;38.92;39.03;38.54;38.63;109256.26
1635472800000;38.62;38.75;38.19;38.37;102149.34
1635476400000;38.38;38.66;38.32;38.65;62947.65
1635480000000;38.64;39.39;38.54;38.86;135288.4
1635483600000;38.86;39;38.15;38.31;124698.32
1635487200000;38.31;38.93;38.13;38.77;94516.45
1635490800000;38.75;38.84;38;38.17;89871.61
1635494400000;38.16;38.51;38;38.46;82051.81
1635498000000;38.45;38.62;38.07;38.17;84152.47
1635501600000;38.18;39.39;38.16;39.05;283146.01
1635505200000;39.04;39.14;38.52;38.86;131790.26
1635508800000;38.85;39.77;38.77;39.48;197472.26
1635512400000;39.48;40.86;39.36;40.64;303409.29
1635516000000;40.64;41.02;39.86;40.97;425321.52
1635519600000;40.97;41.05;40.35;40.71;256274.2
1635523200000;40.71;40.85;40.33;40.37;153884.12
1635526800000;40.37;40.6;40.12;40.18;87578.91
1635530400000;40.19;40.54;39.73;39.86;125781.81
1635534000000;39.85;40.02;39.55;39.58;105457.1
1635537600000;39.57;39.69;39.28;39.31;162173.88
1635541200000;39.29;39.44;39.04;39.14;84464.87
1635544800000;39.14;39.32;39.06;39.15;75882.24
1635548400000;39.15;39.55;39.04;39.55;84162.11
1635552000000;39.54;39.56;38.91;38.91;99950.95
1635555600000;38.91;39.02;38.52;38.55;107012.83
1635559200000;38.54;38.56;38.23;38.29;119432.5
1635562800000;38.28;38.39;38.06;38.14;63464.45
1635566400000;38.13;38.33;38.03;38.11;83896.7
1635570000000;38.11;38.44;38.02;38.37;84879.47
1635573600000;38.37;38.48;38.16;38.36;39499.04
1635577200000;38.36;38.7;38.2;38.31;79107.01
1635580800000;38.3;38.43;38.08;38.23;66191.78
1635584400000;38.24;38.56;38.07;38.3;48303.95
1635588000000;38.33;38.48;38.06;38.44;40196.68
1635591600000;38.43;38.43;38.2;38.31;51148.75
1635595200000;38.31;38.32;37.62;37.9;150791.85
1635598800000;37.9;38.1;37.46;37.94;149560.4
1635602400000;37.94;38;36.92;37.38;176248.5
1635606000000;37.4;37.72;37.33;37.64;76936.74
1635609600000;37.64;37.87;37.39;37.52;87496
1635613200000;37.53;37.68;37.23;37.31;67126.68
1635616800000;37.32;37.74;37.31;37.66;55246.09
1635620400000;37.66;38.03;37.59;37.74;68417.11
1635624000000;37.76;37.88;37.42;37.49;48296.1
1635627600000;37.48;37.5;37.25;37.3;60207.37
1635631200000;37.29;37.39;36.17;36.78;192637.79
1635634800000;36.77;37.32;36.7;37.3;86139.41
1635638400000;37.28;37.59;36.92;37.3;103037.82
1635642000000;37.31;37.41;36.6;36.71;78522.8
1635645600000;36.71;37.25;36.66;36.9;69424.79
1635649200000;36.92;37.15;36.73;36.95;56116.91
1635652800000;36.95;37.33;36.76;37.19;52035
1635656400000;37.19;37.32;36.9;36.96;47823.08
1635660000000;36.98;36.99;36.42;36.61;70756.36
1635663600000;36.62;36.79;36.44;36.79;57147.53
1635667200000;36.78;37.1;36.43;36.69;88509.13
1635670800000;36.7;36.77;36.51;36.66;50010.14
1635674400000;36.65;36.65;35.61;36.17;193932.46
1635678000000;36.17;36.24;35.65;35.87;94706.55
1635681600000;35.86;36.21;35.52;35.8;128502.62
1635685200000;35.81;36.12;35.22;35.89;133633.33
1635688800000;35.88;36.24;35.62;36.01;69188.6
1635692400000;36.03;36.83;35.87;36.29;119161.63
1635696000000;36.25;36.48;35.91;36.38;56954.85
1635699600000;36.4;36.68;36.19;36.42;67801.01
1635703200000;36.42;36.85;36.24;36.72;83098.88
1635706800000;36.73;37.48;36.49;37.22;135651.87
1635710400000;37.22;37.65;36.94;37.41;101275.76
1635714000000;37.4;37.67;37.2;37.49;80812.46
1635717600000;37.52;37.74;37.26;37.38;71245.17
1635721200000;37.39;37.62;37.17;37.24;61566
1635724800000;37.26;37.8;36.87;37.53;100056.82
1635728400000;37.54;37.57;36.56;36.59;98561.76
1635732000000;36.59;36.82;35.59;36.07;182947.64
1635735600000;36.07;36.17;35.3;35.36;86988.58
1635739200000;35.36;35.66;34.7;35.45;162587.7
1635742800000;35.43;35.69;35.37;35.57;57683.53
1635746400000;35.57;35.73;35.24;35.58;79622.1
1635750000000;35.58;36.31;35.58;36.29;140355.3
1635753600000;36.26;36.65;36.05;36.65;117452.15
1635757200000;36.64;37.39;36.58;37.28;154840.64
1635760800000;37.26;37.72;36.82;36.93;222916.96
1635764400000;36.93;37.44;36.82;37.13;133562.26
1635768000000;37.13;37.4;36.88;37.09;86854.34
1635771600000;37.09;37.52;36.7;37.45;130462.11
1635775200000;37.45;37.9;36.84;37.05;151262.83
1635778800000;37.04;37.74;36.83;37.73;75952.53
1635782400000;37.74;38.18;37.34;37.72;189805
1635786000000;37.7;37.84;37;37.52;134610.39
1635789600000;37.51;37.77;37.17;37.41;104644.5
1635793200000;37.4;37.64;37.22;37.58;71197.8
1635796800000;37.59;37.69;37.12;37.28;79351.53
1635800400000;37.28;37.46;37.02;37.18;67548.46
1635804000000;37.2;37.61;37.18;37.4;37629.02
1635807600000;37.4;37.59;37.27;37.31;47637.12
1635811200000;37.3;37.36;36.6;36.78;99390.36
1635814800000;36.79;37.26;36.61;36.98;74109.42
1635818400000;36.98;37.06;36.65;36.73;44171.28
1635822000000;36.73;36.96;36.65;36.84;36146.05
1635825600000;36.85;37.1;36.66;37.02;42332.02
1635829200000;37.02;37.13;36.73;36.86;46151.67
1635832800000;36.84;36.87;36.67;36.7;47195.57
1635836400000;36.69;36.86;36.44;36.59;84556.45
1635840000000;36.59;36.68;36.28;36.64;78030.37
1635843600000;36.64;37;36.49;36.95;87915.08
1635847200000;36.94;37.73;36.84;37.43;163840.22
1635850800000;37.43;38.21;37.38;37.81;179858.78
1635854400000;37.82;38.44;37.75;37.83;178435.05
1635858000000;37.82;37.99;37.48;37.64;159193.97
1635861600000;37.64;37.67;37.25;37.46;142320.16
1635865200000;37.46;37.75;37.34;37.44;105000.1
1635868800000;37.43;37.59;37.04;37.59;146725.87
1635872400000;37.6;38;37.45;37.47;102376.84
1635876000000;37.48;37.92;37.42;37.87;77049.05
1635879600000;37.88;37.97;37.61;37.76;69191.7
1635883200000;37.76;37.95;37.21;37.27;80734.89
1635886800000;37.26;37.52;37.2;37.24;59717.72
1635890400000;37.25;37.46;37.17;37.19;51632.93
1635894000000;37.19;37.23;36.69;37.1;155154.8
1635897600000;37.1;37.12;36.5;36.69;151513.14
1635901200000;36.68;36.79;36.44;36.55;82705.19
1635904800000;36.54;36.54;36.1;36.41;135562.06
1635908400000;36.41;36.58;36.18;36.54;65264.18
1635912000000;36.53;36.58;35.83;35.87;132835.24
1635915600000;35.87;36.43;35.84;36.28;114722.05
1635919200000;36.28;36.53;36.2;36.34;108353.22
1635922800000;36.35;36.89;36.31;36.59;148120.76
1635926400000;36.6;36.6;36.32;36.46;109580.23
1635930000000;36.46;36.71;36.3;36.68;91096.48
1635933600000;36.67;37.06;36.48;36.87;141992.52
1635937200000;36.88;36.92;36.27;36.8;113358.06
1635940800000;36.79;37.5;35.48;36.04;412315.84
1635944400000;36.03;36.28;35.53;36;150240.68
1635948000000;36;36.52;35.77;36.45;137209.86
1635951600000;36.45;36.73;36.28;36.65;120209.42
1635955200000;36.67;37;36.48;36.71;104836.16
1635958800000;36.71;37.39;36.67;36.93;146824.26
1635962400000;36.93;38.39;36.34;38.29;364512.72
1635966000000;38.28;38.88;37.94;38.35;335460.61
1635969600000;38.35;38.48;38.06;38.28;97761.78
1635973200000;38.28;38.48;37.94;38.11;104640.76
1635976800000;38.09;38.28;37.69;38.06;129799.57
1635980400000;38.06;38.5;37.92;38.49;136568.88
1635984000000;38.49;38.89;37.78;38.36;188360.33
1635987600000;38.36;39.22;38.08;38.55;289237.95
1635991200000;38.55;39;38.4;38.58;116355.88
1635994800000;38.58;38.91;38.08;38.11;138830.87
1635998400000;38.1;38.81;38.02;38.64;92398.97
1636002000000;38.64;39.18;38.41;38.46;146460.59
1636005600000;38.45;38.98;38.17;38.87;101894.17
1636009200000;38.88;39;37.4;37.61;202683.17
1636012800000;37.61;38.25;37.21;37.39;187678.2
1636016400000;37.4;37.77;37.09;37.75;107364.96
1636020000000;37.74;38.02;37.56;37.75;104351.54
1636023600000;37.77;37.92;37.17;37.33;75757.5
1636027200000;37.35;37.85;37.23;37.44;154121.59
1636030800000;37.44;37.67;37.14;37.54;103758.36
1636034400000;37.53;37.87;37.19;37.25;127179.62
1636038000000;37.26;37.44;36.1;36.79;360973.35
1636041600000;36.79;37.19;36.6;36.97;132422.11
1636045200000;36.97;37.18;36.52;36.53;82624.95
1636048800000;36.53;37.03;36.42;36.45;113704.39
1636052400000;36.43;37.07;36.41;37.03;72320.8
1636056000000;37.04;37.09;36.6;36.98;64535.57
1636059600000;36.98;37.38;36.97;37.33;66781.75
1636063200000;37.33;37.34;36.83;37.07;54111.54
1636066800000;37.08;37.61;37.03;37.51;83496.23
1636070400000;37.51;37.52;36.61;36.67;88350.67
1636074000000;36.66;37.71;36.63;37.48;70875
1636077600000;37.49;38.03;37.43;37.86;88648.32
1636081200000;37.86;38.65;37.86;38.53;154037.95
1636084800000;38.53;38.74;38.35;38.74;102951.28
1636088400000;38.73;38.98;38.15;38.51;200544.44
1636092000000;38.5;38.76;38.27;38.38;75606.37
1636095600000;38.38;38.5;38.06;38.11;64733.28
1636099200000;38.11;38.54;37.97;38.22;83503.31
1636102800000;38.22;38.34;37.41;37.63;102044.39
1636106400000;37.64;37.82;37.35;37.65;94718.27
1636110000000;37.65;37.97;37.24;37.29;97816.64
1636113600000;37.31;37.72;37.14;37.65;94497.24
1636117200000;37.65;38.08;37.56;37.67;94049.8
1636120800000;37.66;37.72;36.9;37.12;109655.39
1636124400000;37.12;37.17;36.65;36.81;111459.78
1636128000000;36.8;37.22;36.77;37.13;62198.98
1636131600000;37.12;37.39;37.04;37.24;59128.75
1636135200000;37.23;37.37;37.1;37.33;45922.78
1636138800000;37.31;37.32;36.72;37;47535.6
1636142400000;36.97;36.99;36.38;36.42;81028.95
1636146000000;36.4;36.99;36.35;36.73;63095.71
1636149600000;36.72;37.03;36.62;36.85;36099.66
1636153200000;36.85;36.93;36.53;36.77;44609.19
1636156800000;36.77;36.85;36.46;36.76;74879.68
1636160400000;36.76;36.84;36.43;36.7;62197.62
1636164000000;36.7;36.79;36.37;36.46;46264.81
1636167600000;36.47;36.73;36.36;36.58;53206.47
1636171200000;36.58;36.72;36.41;36.67;47990.55
1636174800000;36.67;37.05;36.64;36.97;80467.03
1636178400000;36.97;37.03;36.68;36.77;36564.15
1636182000000;36.77;36.81;36.19;36.49;83386.15
1636185600000;36.49;36.7;36.32;36.46;73240.53
1636189200000;36.47;36.73;36.39;36.51;35198.9
1636192800000;36.51;36.64;35.84;35.87;103906.74
1636196400000;35.86;35.86;34.17;34.9;421978.06
1636200000000;34.9;35.19;34.28;34.83;213887.78
1636203600000;34.83;35.3;34.77;35.19;80984.64
1636207200000;35.18;35.39;34.92;35.2;75097.96
1636210800000;35.21;35.55;35.21;35.43;71909.8
1636214400000;35.44;35.6;35.25;35.54;54341.71
1636218000000;35.56;35.72;35.15;35.31;139532.75
1636221600000;35.31;35.63;35.22;35.57;107623.14
1636225200000;35.58;35.97;35.46;35.79;62301.62
1636228800000;35.8;36.2;35.7;36.01;159563.53
1636232400000;36;36.3;35.96;36.12;45091.54
1636236000000;36.12;36.24;35.9;36.15;33910.19
1636239600000;36.15;36.34;36.07;36.22;49802.74
1636243200000;36.22;36.38;35.93;36.36;34981.79
1636246800000;36.36;36.46;36.06;36.14;61741.53
1636250400000;36.14;36.39;36.14;36.26;32943.44
1636254000000;36.26;36.48;36.26;36.38;28609.97
1636257600000;36.37;36.4;36.09;36.24;35409.87
1636261200000;36.24;36.25;35.83;36.13;45301.31
1636264800000;36.14;36.16;35.92;35.96;46602.36
1636268400000;35.96;36.14;35.86;36.02;49580.94
1636272000000;36.02;36.2;35.95;36.09;45839.02
1636275600000;36.1;36.14;35.68;36.1;56242.97
1636279200000;36.11;36.35;35.96;36.15;73619.02
1636282800000;36.14;36.19;35.96;36.11;42873.46
1636286400000;36.11;36.17;35.92;35.95;46917.52
1636290000000;35.95;36.16;35.8;35.89;53813.42
1636293600000;35.89;36;35.7;35.85;60809.25
1636297200000;35.86;36.07;35.71;35.99;56546.91
1636300800000;35.99;36.28;35.92;35.98;73573.63
1636304400000;35.98;35.99;35.73;35.78;46157.98
1636308000000;35.78;35.9;35.68;35.9;47627.9
1636311600000;35.9;36.05;35.73;35.74;45059.35
1636315200000;35.74;35.75;35.47;35.63;131636.77
1636318800000;35.64;35.78;35.46;35.74;76841.84
1636322400000;35.73;35.8;35.56;35.59;49807.84
1636326000000;35.59;35.73;35.53;35.73;47789.03
1636329600000;35.73;35.73;35;35.32;190791.46
1636333200000;35.32;35.61;35.27;35.52;92427.93
1636336800000;35.53;36.29;35.48;35.95;147979.23
1636340400000;35.96;36.07;35.78;35.84;63233.86
1636344000000;35.84;36.1;35.79;36.03;52842.46
1636347600000;36.02;36.32;35.93;36.1;73598.99
1636351200000;36.12;36.58;35.92;36.47;133112.04
1636354800000;36.47;36.59;36.09;36.18;91187
1636358400000;36.18;36.43;35.84;36.08;100177.97
1636362000000;36.07;36.53;36.01;36.48;97056.75
1636365600000;36.48;36.63;36.23;36.25;80617.82
1636369200000;36.27;36.55;36.16;36.5;90983.58
1636372800000;36.48;36.49;36.07;36.25;93493.87
1636376400000;36.26;36.46;35.85;36.01;104176.88
1636380000000;36.02;36.96;35.98;36.74;394503.84
1636383600000;36.75;36.75;36.26;36.4;127528.87
1636387200000;36.4;36.45;36.06;36.18;102634.79
1636390800000;36.18;36.36;36.05;36.36;69601.5
1636394400000;36.36;36.64;36.27;36.61;64235.64
1636398000000;36.6;36.78;36.31;36.59;98634.05
1636401600000;36.6;36.6;36.08;36.2;70481.46
1636405200000;36.2;36.47;36.09;36.11;62046.03
1636408800000;36.11;36.36;36.08;36.22;38432.01
1636412400000;36.24;36.71;36.15;36.62;73964.49
1636416000000;36.62;37.35;36.59;37.3;204941.17
1636419600000;37.3;37.75;36.83;37.06;189714.48
1636423200000;37.05;37.25;36.7;36.88;74359.06
1636426800000;36.88;37.08;36.71;36.78;80238.04
1636430400000;36.78;37.15;36.72;37.06;110131.64
1636434000000;37.06;37.17;36.57;36.98;128637.67
1636437600000;36.97;37.07;36.62;36.75;110697.13
1636441200000;36.74;37.4;36.71;37.01;115372.6
1636444800000;37.01;37.73;36.95;37.58;175000.38
1636448400000;37.59;37.98;37.44;37.5;161157.34
1636452000000;37.51;37.6;37.07;37.09;120505.72
1636455600000;37.09;37.25;36;36.67;219629.98
1636459200000;36.67;36.81;36.28;36.37;112208.72
1636462800000;36.37;36.83;36.33;36.78;93568.34
1636466400000;36.78;36.92;36.4;36.46;110170.66
1636470000000;36.45;36.5;35.45;35.99;225735.13
1636473600000;35.98;36.1;35.56;35.93;118013.09
1636477200000;35.94;36.15;35.64;36.1;61679.7
1636480800000;36.1;36.21;35.84;35.84;51959.63
1636484400000;35.84;35.93;35.53;35.88;103753.47
1636488000000;35.88;36.1;35.64;35.97;84531.62
1636491600000;35.96;36.04;35.71;35.98;39596.87
1636495200000;35.99;36.08;35.75;36.07;33370.53
1636498800000;36.08;36.15;35.64;35.84;47171.96
1636502400000;35.83;36.07;35.52;35.82;67140.48
1636506000000;35.82;36.08;35.66;35.84;49478.09
1636509600000;35.84;36.06;35.83;35.91;49154.34
1636513200000;35.91;35.92;35.45;35.57;75328.26
1636516800000;35.58;35.8;35.19;35.78;86510.45
1636520400000;35.77;35.78;35.49;35.61;40946.81
1636524000000;35.61;35.88;35.61;35.87;29195.41
1636527600000;35.88;35.94;35.66;35.72;49569.58
1636531200000;35.72;35.89;35.67;35.75;39555.23
1636534800000;35.75;36.07;35.67;35.97;68439.49
1636538400000;35.97;36.4;35.91;36.37;67208.61
1636542000000;36.37;36.37;35.9;35.93;60475.97
1636545600000;35.92;36.17;35.53;35.63;102347.35
1636549200000;35.63;36.13;35.45;36.06;163202.05
1636552800000;36.06;36.4;35.97;36.26;158354.65
1636556400000;36.26;36.67;36.25;36.65;124536.41
1636560000000;36.65;37.27;36.64;36.81;246578.14
1636563600000;36.81;37.15;36.56;36.74;101012.07
1636567200000;36.73;36.77;35.83;35.94;189094.6
1636570800000;35.94;36.19;34.43;34.6;259006.43
1636574400000;34.6;34.72;32.5;33.33;1622916.28
1636578000000;33.31;33.79;28.32;31;1403931.93
1636581600000;31;32.35;30.39;32.28;485894.26
1636585200000;32.27;32.28;31.46;32.05;451394.68
1636588800000;32.05;32.48;31.68;32.44;263551.1
1636592400000;32.43;32.56;32.09;32.48;136541.49
1636596000000;32.47;32.47;31.76;32.38;143081.1
1636599600000;32.37;32.75;32.26;32.71;140277.26
1636603200000;32.71;32.94;32.57;32.9;93738.16
1636606800000;32.9;33.24;32.79;33.19;130984.39
1636610400000;33.2;33.61;33.17;33.57;102548.59
1636614000000;33.57;34;33.48;33.62;181279.45
1636617600000;33.62;33.79;33.03;33.66;160877.87
1636621200000;33.67;33.86;33.4;33.67;135146.87
1636624800000;33.68;33.73;33.35;33.56;97203.36
1636628400000;33.55;33.67;33.18;33.67;109774.06
1636632000000;33.66;33.8;33.07;33.41;94616.15
1636635600000;33.41;33.49;32.86;32.9;130382.59
1636639200000;32.9;33.53;32.51;33.32;160169.99
1636642800000;33.33;33.5;32.93;33.15;89488.81
1636646400000;33.13;33.49;33.06;33.48;95100.84
1636650000000;33.48;33.59;33.19;33.25;69219.92
1636653600000;33.24;33.31;32.88;33.17;77965.38
1636657200000;33.16;33.41;33.14;33.37;44196.69
1636660800000;33.38;33.44;32.94;32.97;67833.11
1636664400000;32.97;33.32;32.95;33.22;58454.22
1636668000000;33.22;33.36;33.04;33.36;46646.48
1636671600000;33.35;33.37;32.93;32.94;54427.83
1636675200000;32.92;32.93;32.34;32.45;158363.84
1636678800000;32.45;32.71;31.79;32.66;167398.86
1636682400000;32.66;32.89;32.58;32.61;59465.57
1636686000000;32.61;32.83;32.43;32.8;68841.07
1636689600000;32.81;32.98;32.62;32.83;78489.85
1636693200000;32.84;32.84;32.41;32.43;64711.82
1636696800000;32.43;32.73;32.19;32.31;88398.19
1636700400000;32.3;32.36;31.91;32.25;126551.65
1636704000000;32.25;32.72;31.97;32.58;65380.13
1636707600000;32.57;32.57;31.43;31.58;176212.41
1636711200000;31.58;31.92;31.19;31.6;162456.96
1636714800000;31.62;32.04;31.44;31.68;129626.6
1636718400000;31.67;32.3;31.36;31.95;123866.46
1636722000000;31.94;32.18;31.5;32.03;103323.84
1636725600000;32.06;32.07;31.56;31.62;96766.01
1636729200000;31.62;31.67;31.09;31.33;174263.88
1636732800000;31.35;31.65;30.52;31.43;271334.08
1636736400000;31.41;31.91;31.29;31.89;81187.31
1636740000000;31.89;32.07;31.68;31.9;63192.86
1636743600000;31.9;32.01;31.76;31.95;50438.76
1636747200000;31.96;32.2;31.94;32.13;47490.85
1636750800000;32.14;32.33;31.98;32.02;49269.08
1636754400000;32.03;32.12;31.87;32.02;28817.59
1636758000000;32.01;32.26;31.92;32.05;52011.24
1636761600000;32.05;32.33;32.03;32.25;34164.45
1636765200000;32.23;32.34;32.01;32.01;50911.92
1636768800000;32.02;32.46;31.98;32.15;80864.97
1636772400000;32.18;32.44;32.04;32.14;36812.12
1636776000000;32.13;32.27;31.99;32.04;26393.32
1636779600000;32.05;32.31;32.01;32.14;31590.43
1636783200000;32.14;32.44;32.13;32.42;24755.48
1636786800000;32.42;32.64;32.31;32.57;59175.81
1636790400000;32.58;32.7;32.3;32.43;48094.37
1636794000000;32.43;32.56;31.92;32.05;54219.76
1636797600000;32.04;32.49;32.02;32.42;64595.87
1636801200000;32.43;32.47;32.15;32.16;44888.53
1636804800000;32.18;32.38;32.05;32.14;44709.06
1636808400000;32.13;32.37;32.06;32.25;31038.37
1636812000000;32.24;32.87;32.23;32.85;101059.29
1636815600000;32.85;33.17;32.71;33.03;127427.61
1636819200000;33.02;33.19;32.79;33;123818.08
1636822800000;32.99;33.1;32.91;33.05;46132.22
1636826400000;33.06;33.06;32.5;32.61;68260.28
1636830000000;32.61;32.84;32.5;32.7;35756.99
1636833600000;32.72;32.84;32.59;32.71;29278.35
1636837200000;32.71;32.73;32.42;32.5;30123.18
1636840800000;32.51;32.68;32.5;32.54;27169.62
1636844400000;32.54;32.72;32.5;32.5;26990.88
1636848000000;32.51;33.27;32.46;32.94;84499.12
1636851600000;32.94;33.07;32.83;32.88;35327.85
1636855200000;32.88;32.91;32.6;32.63;42515.57
1636858800000;32.63;32.69;32.44;32.5;39931.97
1636862400000;32.5;32.61;32.42;32.49;33976.41
1636866000000;32.48;32.57;32.25;32.48;40668.99
1636869600000;32.49;32.52;32.34;32.4;30076.99
1636873200000;32.4;32.46;32.25;32.28;36926.33
1636876800000;32.29;32.35;32.08;32.24;49579.18
1636880400000;32.21;32.31;32.07;32.12;55197.04
1636884000000;32.12;32.27;32.1;32.18;33472.91
1636887600000;32.18;32.23;32.04;32.2;45140.36
1636891200000;32.21;32.33;32.08;32.24;65453.33
1636894800000;32.24;32.32;32.13;32.21;32473.34
1636898400000;32.2;32.21;31.8;31.94;66171.45
1636902000000;31.93;31.96;31.63;31.65;56316.41
1636905600000;31.65;31.78;31.11;31.16;129930.95
1636909200000;31.17;31.6;31.14;31.54;87937.07
1636912800000;31.54;31.57;31.19;31.37;48176.07
1636916400000;31.37;31.42;31.17;31.42;31670.95
1636920000000;31.41;31.51;31.33;31.5;31556.95
1636923600000;31.48;31.54;31.35;31.44;30939.64
1636927200000;31.45;31.68;31.44;31.57;46401.29
1636930800000;31.57;31.95;31.5;31.93;74180.3
1636934400000;31.92;33.4;31.92;32.99;632233.09
1636938000000;32.98;33.28;32.83;33.16;95338.75
1636941600000;33.15;33.3;33.05;33.07;76776.07
1636945200000;33.07;33.14;32.83;32.85;100457.14
1636948800000;32.84;33;32.67;32.82;51619.36
1636952400000;32.82;33;32.74;32.76;32964.12
1636956000000;32.77;33.68;32.44;32.69;117822.28
1636959600000;32.68;34.15;32.67;32.97;113124.71
1636963200000;32.97;33.1;32.62;32.97;79072.89
1636966800000;32.98;33.36;32.94;33.27;153521.5
1636970400000;33.26;33.73;33.13;33.52;136722.45
1636974000000;33.52;33.52;33.14;33.23;49952.08
1636977600000;33.22;33.27;32.87;32.92;80007.74
1636981200000;32.91;32.99;32.79;32.88;46009.57
1636984800000;32.89;32.95;32.59;32.69;88054.85
1636988400000;32.7;32.7;32.36;32.47;125317.24
1636992000000;32.47;32.56;32.15;32.38;131525.52
1636995600000;32.38;32.48;32.24;32.26;48341.78
1636999200000;32.26;32.33;31.97;32.08;66555.15
1637002800000;32.07;32.2;31.97;32.12;82309.02
1637006400000;32.12;32.12;31.57;31.59;89647.96
1637010000000;31.59;31.74;31.26;31.63;114380.26
1637013600000;31.63;31.69;30.57;31.57;158555.96
1637017200000;31.57;31.64;31.4;31.45;43256.44
1637020800000;31.45;31.47;29.69;30.28;613335.95
1637024400000;30.25;30.39;29.01;30.25;427342.85
1637028000000;30.25;30.3;29.59;29.69;212350.01
1637031600000;29.69;29.85;29.03;29.38;207039.79
1637035200000;29.38;29.8;29;29.56;206948.3
1637038800000;29.57;29.69;29.34;29.45;105371.84
1637042400000;29.45;29.52;29;29.46;118572.41
1637046000000;29.46;29.58;29.23;29.44;100937.51
1637049600000;29.44;29.63;29.24;29.61;119859.76
1637053200000;29.6;29.72;29.18;29.35;286445.87
1637056800000;29.35;29.4;27.46;29.12;713139.96
1637060400000;29.12;29.77;29.02;29.53;250891.42
1637064000000;29.51;29.53;28.94;29.02;118504.13
1637067600000;29.01;29.44;28.96;29.38;87225.87
1637071200000;29.38;29.92;29.32;29.65;155543.42
1637074800000;29.64;29.7;29.04;29.07;113910.33
1637078400000;29.06;29.37;29.04;29.22;99220.87
1637082000000;29.22;29.47;28.97;29;102936.19
1637085600000;28.99;29.26;28.68;28.7;82928.78
1637089200000;28.69;29.25;28.49;28.84;175677.34
1637092800000;28.83;28.85;27.92;28.34;272099.75
1637096400000;28.32;28.83;28.27;28.73;189303.72
1637100000000;28.74;28.96;28.74;28.86;90169.97
1637103600000;28.85;28.93;28.25;28.29;106960.42
1637107200000;28.28;28.57;28.1;28.18;189861.39
1637110800000;28.19;28.52;27.66;27.72;138002.92
1637114400000;27.71;28.07;27.51;27.57;87533.42
1637118000000;27.57;27.89;26.89;27.25;209434.08
1637121600000;27.26;27.66;26.91;27.44;152975
1637125200000;27.47;27.86;27.33;27.76;87007.27
1637128800000;27.76;27.8;27.34;27.63;96067.84
1637132400000;27.64;28.23;27.47;27.92;107449.97
1637136000000;27.91;28.18;27.8;27.82;71525.88
1637139600000;27.82;27.82;27.4;27.49;124705.66
1637143200000;27.49;28.34;27.24;28.29;211270.09
1637146800000;28.31;28.79;28.13;28.76;129419.25
1637150400000;28.77;28.8;28.4;28.46;87069.89
1637154000000;28.46;28.58;28.25;28.27;75771.78
1637157600000;28.27;28.75;27.91;27.95;140573.39
1637161200000;27.95;28.26;27.7;28.25;85719.22
1637164800000;28.25;28.56;27.97;28.52;73448.6
1637168400000;28.52;28.53;28.08;28.41;84546.99
1637172000000;28.41;29.45;28.4;29.08;193376.49
1637175600000;29.08;29.6;29.02;29.24;214307.76
1637179200000;29.24;29.63;29.07;29.41;98304.56
1637182800000;29.4;29.46;29;29.3;65632.83
1637186400000;29.29;29.52;29.11;29.24;54612.89
1637190000000;29.25;29.56;29.21;29.44;60079.89
1637193600000;29.43;29.79;29.3;29.62;126760.33
1637197200000;29.63;29.79;29.35;29.67;73362.89
1637200800000;29.67;29.74;28.72;29.24;169120.02
1637204400000;29.25;29.41;28.95;29;79149.87
1637208000000;28.99;29.06;28.56;28.67;156992.95
1637211600000;28.65;29.09;28.64;28.96;93112.45
1637215200000;28.95;29.11;28.56;28.69;96892.36
1637218800000;28.68;28.73;28.31;28.73;78211
1637222400000;28.72;28.73;28.33;28.58;86009.74
1637226000000;28.56;28.57;27.8;27.99;139349.91
1637229600000;27.98;28.5;27.91;28.46;71149.03
1637233200000;28.48;28.6;27.91;27.93;104715.72
1637236800000;27.94;28.34;27.78;28.07;92097.77
1637240400000;28.08;28.19;27.41;27.8;183629.75
1637244000000;27.79;27.89;27.29;27.4;93854.84
1637247600000;27.43;27.56;26.3;26.73;386408.99
1637251200000;26.73;26.9;26.07;26.13;283117.61
1637254800000;26.12;26.9;25.29;26.18;405908.61
1637258400000;26.19;26.49;26.11;26.47;129953.87
1637262000000;26.47;27.51;26.31;26.84;179985.87
1637265600000;26.85;27.14;26.54;26.91;97757.51
1637269200000;26.93;27.12;26.52;26.62;79736.87
1637272800000;26.61;26.89;26.2;26.32;117246.56
1637276400000;26.33;26.72;26.22;26.62;101142.39
1637280000000;26.65;27.2;26.18;27.13;126147.66
1637283600000;27.14;27.16;26.38;26.39;65802.74
1637287200000;26.38;26.84;25.97;26.19;98865.28
1637290800000;26.2;26.51;26.01;26.44;76979.47
1637294400000;26.43;26.92;26.37;26.87;43412.98
1637298000000;26.88;27.38;26.84;27.21;83413.43
1637301600000;27.22;27.25;27;27.07;42599.4
1637305200000;27.07;27.2;26.75;26.95;54111.45
1637308800000;26.95;27.65;26.93;27.45;116466.13
1637312400000;27.47;27.62;27.33;27.35;77447.42
1637316000000;27.35;27.38;27.11;27.29;47021.15
1637319600000;27.3;27.5;27.1;27.44;60675.07
1637323200000;27.44;27.63;27.32;27.36;53047.8
1637326800000;27.37;27.91;27.22;27.87;112936
1637330400000;27.87;28.14;27.82;28.11;74731.87
1637334000000;28.13;28.16;27.78;28.1;78679.74
1637337600000;28.09;28.28;27.88;28.2;106171.42
1637341200000;28.2;28.34;28.1;28.1;58383.1
1637344800000;28.11;28.32;28.03;28.15;51832.16
1637348400000;28.15;28.34;28.13;28.28;43243.2
1637352000000;28.29;28.37;27.9;27.91;65984.43
1637355600000;27.91;28.07;27.9;28.07;47986.2
1637359200000;28.07;28.55;28.07;28.2;90326.21
1637362800000;28.19;28.24;28.02;28.12;34412.33
1637366400000;28.12;28.74;28;28.51;101570.17
1637370000000;28.51;28.89;28.49;28.8;69166.4
1637373600000;28.8;28.96;28.5;28.53;63591.74
1637377200000;28.52;28.64;28.43;28.54;34223.84
1637380800000;28.52;28.66;28.37;28.62;31099.41
1637384400000;28.62;28.64;28.39;28.59;33657.85
1637388000000;28.58;28.92;28.52;28.75;69313.65
1637391600000;28.75;28.92;28.62;28.81;53711.08
1637395200000;28.81;29.29;28.75;29.28;122357.65
1637398800000;29.28;29.34;28.92;28.94;127680.11
1637402400000;28.94;29.07;28.85;28.95;50658.88
1637406000000;28.94;29.05;28.62;28.87;65532.63
1637409600000;28.89;28.92;28.64;28.74;53488.22
1637413200000;28.74;28.85;28.52;28.6;55773.62
1637416800000;28.61;28.81;28.53;28.56;58025.56
1637420400000;28.56;28.64;27.87;27.95;188272.7
1637424000000;27.95;28.48;27.8;28.43;93758.01
1637427600000;28.43;28.58;28.02;28.14;81941.39
1637431200000;28.15;29.18;28.04;29.08;137266.61
1637434800000;29.09;29.26;28.92;28.96;110101.88
1637438400000;28.98;29.02;28.85;28.9;56247.53
1637442000000;28.91;29.45;28.9;29.44;62832.05
1637445600000;29.45;29.85;29.37;29.4;121286.21
1637449200000;29.4;29.54;29.32;29.43;26691.65
1637452800000;29.44;29.61;29.2;29.37;66556.81
1637456400000;29.38;29.54;29.18;29.49;40110.62
1637460000000;29.49;29.5;28.88;29.15;50666.62
1637463600000;29.15;29.27;28.81;28.88;33604.27
1637467200000;28.9;29.09;28.82;28.99;31413.27
1637470800000;28.99;29.12;28.9;29.09;55201.24
1637474400000;29.09;29.1;28.82;29.02;46584.36
1637478000000;29.02;29.08;28.91;28.97;32380.8
1637481600000;28.97;29.08;28.64;28.68;74216.28
1637485200000;28.68;28.81;28.62;28.69;48454.25
1637488800000;28.68;28.75;28.42;28.61;62052.34
1637492400000;28.61;28.81;28.35;28.54;50590.63
1637496000000;28.54;28.7;28.47;28.6;44985.72
1637499600000;28.6;28.63;28.34;28.37;46375
1637503200000;28.37;28.65;28.32;28.54;50072.49
1637506800000;28.53;29.2;28.45;29.09;168441.76
1637510400000;29.08;29.18;28.7;29.07;93623.02
1637514000000;29.07;29.17;28.75;28.94;126895.6
1637517600000;28.94;29.4;28.92;29.36;90270.31
1637521200000;29.36;30.83;29.11;30.62;346389.41
1637524800000;30.63;31.82;30.39;31.64;508417.96
1637528400000;31.65;32;31.43;31.65;257548.57
1637532000000;31.64;31.94;30.97;31.45;177371.08
1637535600000;31.45;31.7;30.77;30.88;170235.42
1637539200000;30.89;31.16;30.45;30.56;251230.73
1637542800000;30.55;30.88;30.17;30.69;153098.9
1637546400000;30.69;30.69;30.08;30.52;115910.37
1637550000000;30.51;30.61;29.81;30.07;133457.4
1637553600000;30.06;30.2;29.25;29.3;120270.02
1637557200000;29.27;29.61;28.95;29.6;98034.24
1637560800000;29.58;29.59;29.14;29.35;85175.21
1637564400000;29.35;29.84;29.3;29.44;101718.38
1637568000000;29.42;29.85;29.41;29.52;79361.84
1637571600000;29.51;30.39;29.34;29.8;132409.28
1637575200000;29.79;30.6;29.59;30.36;148703.14
1637578800000;30.37;30.55;29.93;29.98;77646.54
1637582400000;29.98;31.79;29.81;31.66;419357.56
1637586000000;31.66;32.82;30.68;32.23;862522.68
1637589600000;32.23;33.2;32.18;33;684881.02
1637593200000;33;33.33;32.7;32.99;373833.01
1637596800000;32.99;33.1;32.34;32.86;333196.78
1637600400000;32.87;33;32.12;32.34;200977.54
1637604000000;32.34;33.3;31.55;33.14;629770.11
1637607600000;33.13;33.78;31.65;31.88;638367.39
1637611200000;31.89;32.43;31.61;31.73;221887.29
1637614800000;31.73;33.8;31.63;33.52;386253.3
1637618400000;33.52;33.79;32.89;33.02;223122.01
1637622000000;33.02;33.04;32.02;32.17;145496.71
1637625600000;32.16;32.64;31.73;32.45;144148.14
1637629200000;32.44;32.93;32.22;32.69;112791.96
1637632800000;32.7;32.75;31.78;31.9;136360.07
1637636400000;31.89;32.54;31.86;32.4;101113.6
1637640000000;32.41;32.6;32.04;32.06;72748.57
1637643600000;32.06;32.15;31.21;31.46;147709.84
1637647200000;31.47;31.53;31.07;31.19;114817.57
1637650800000;31.19;31.3;30.85;31.13;170819.79
1637654400000;31.12;31.56;30.88;31.42;145922.6
1637658000000;31.42;31.78;30.66;31.41;226447.12
1637661600000;31.41;32.15;31.02;31.32;224323.5
1637665200000;31.31;31.4;30.92;31.12;120973.4
1637668800000;31.12;31.44;31.03;31.44;122213.7
1637672400000;31.43;31.9;31.42;31.63;117572.2
1637676000000;31.63;32.1;31.45;32;124353.46
1637679600000;32;32.37;31.66;32.2;179542.7
1637683200000;32.2;32.39;31.9;32.27;146376.38
1637686800000;32.27;32.59;32.09;32.24;169754.41
1637690400000;32.23;32.6;32.11;32.57;89607.53
1637694000000;32.56;32.99;32.56;32.92;110550.99
1637697600000;32.91;33.24;32.79;32.93;181075.2
1637701200000;32.95;33.03;32.21;32.37;143329.22
1637704800000;32.37;32.83;32.36;32.56;60807.59
1637708400000;32.56;32.6;31.98;32.05;106471.51
1637712000000;32.05;32.07;31.51;31.58;120558.47
1637715600000;31.59;31.78;31.23;31.25;114612.83
1637719200000;31.25;31.31;30.32;30.43;175803.51
1637722800000;30.44;30.7;30.39;30.45;76785.53
1637726400000;30.45;30.86;30.41;30.72;72554.45
1637730000000;30.72;31;30.61;30.79;57646.88
1637733600000;30.79;30.83;29.92;30.6;225683.53
1637737200000;30.62;30.78;30.47;30.56;107803.51
1637740800000;30.55;30.91;30.41;30.6;129019.05
1637744400000;30.61;30.95;30.5;30.65;115773.18
1637748000000;30.65;30.86;30.4;30.43;126353.88
1637751600000;30.42;30.82;30.35;30.59;121424.55
1637755200000;30.59;30.76;30.45;30.58;90172.29
1637758800000;30.58;30.66;29.45;29.61;244315.46
1637762400000;29.61;29.92;29.12;29.64;229267.13
1637766000000;29.63;30.16;29.56;29.89;131021.93
1637769600000;29.89;29.98;29.39;29.55;133446.53
1637773200000;29.54;29.81;29.37;29.54;76968.26
1637776800000;29.55;30.1;29.51;29.85;91443.28
1637780400000;29.86;29.89;29.34;29.55;62217.74
1637784000000;29.52;30.09;29.27;30.04;88314.43
1637787600000;30.03;30.11;29.75;29.8;46366.46
1637791200000;29.8;29.86;29.56;29.61;45653.83
1637794800000;29.61;29.79;29.42;29.62;66918.79
1637798400000;29.62;30.25;29.28;30.07;116190.11
1637802000000;30.07;30.35;29.99;30.03;74800.42
1637805600000;30.02;30.12;29.66;29.83;50118.66
1637809200000;29.83;30.2;29.6;30.18;69718.92
1637812800000;30.18;30.28;29.87;29.94;48905.43
1637816400000;29.93;30.11;29.53;29.64;51877.4
1637820000000;29.62;29.92;29.58;29.81;54428.48
1637823600000;29.8;30.22;29.8;30.18;62222.39
1637827200000;30.19;30.4;29.94;29.96;60031.73
1637830800000;29.96;30.17;29.67;30.12;61198.55
1637834400000;30.14;30.52;29.92;30.19;133157.79
1637838000000;30.18;30.7;30.13;30.62;116178.48
1637841600000;30.62;30.82;30.46;30.74;116641.84
1637845200000;30.74;30.89;30.44;30.58;127788.72
1637848800000;30.57;30.82;30.25;30.73;126027.78
1637852400000;30.73;30.89;30.55;30.65;72357.94
1637856000000;30.65;30.9;30.45;30.56;101750.82
1637859600000;30.57;30.65;30.19;30.47;91183.01
1637863200000;30.47;30.48;30.06;30.28;123226.56
1637866800000;30.29;30.32;29.87;30;79880.49
1637870400000;30;30.13;29.77;29.89;54992.41
1637874000000;29.89;30.01;29.59;29.63;58877.22
1637877600000;29.62;29.78;29.48;29.73;64127.15
1637881200000;29.72;29.84;29.6;29.77;63154.6
1637884800000;29.77;30.3;29.53;29.56;122259.25
1637888400000;29.55;29.79;29.51;29.57;85734.55
1637892000000;29.55;29.59;29.25;29.3;112625.03
1637895600000;29.31;29.45;29.15;29.19;71428.77
1637899200000;29.17;29.44;28.98;29.19;58178.99
1637902800000;29.19;29.21;28.61;28.97;107135.33
1637906400000;28.96;29.18;28.95;29.15;74840.14
1637910000000;29.14;29.2;28.11;28.34;152875.24
1637913600000;28.35;28.4;25.33;26.64;834075.38
1637917200000;26.64;26.7;25.82;26.14;500879.17
1637920800000;26.13;26.14;25.48;25.61;277914.23
1637924400000;25.61;26.06;25.25;25.59;257739
1637928000000;25.57;26.21;25.15;26.15;297234.89
1637931600000;26.14;26.79;25.73;26.71;199061.02
1637935200000;26.71;27.65;26.68;27.42;335270
1637938800000;27.42;27.73;27.12;27.14;265077.45
1637942400000;27.16;27.43;26.82;27.26;130613.49
1637946000000;27.26;27.48;27.01;27.02;81756.31
1637949600000;27.02;27.36;26.67;27.26;103408.37
1637953200000;27.26;27.62;27.21;27.3;73630.57
1637956800000;27.29;27.55;27.05;27.49;97853.01
1637960400000;27.5;27.66;27.14;27.16;65162.22
1637964000000;27.18;27.74;27.04;27.65;172490.01
1637967600000;27.66;27.72;26.88;27.07;94926.8
1637971200000;27.06;27.92;27.04;27.47;106978.28
1637974800000;27.47;27.7;27.27;27.5;42419.47
1637978400000;27.5;27.84;27.5;27.64;41105.89
1637982000000;27.63;27.76;27.41;27.46;48714.26
1637985600000;27.47;27.93;27.36;27.78;77549.34
1637989200000;27.78;27.9;27.32;27.34;36502.58
1637992800000;27.33;27.55;27.08;27.13;59211.79
1637996400000;27.13;27.63;27.08;27.42;64273.92
1638000000000;27.44;28.06;27.44;27.89;105178.47
1638003600000;27.89;28;27.57;27.59;70299.65
1638007200000;27.59;27.69;27.41;27.69;58591.87
1638010800000;27.68;27.74;27.14;27.19;98028.69
1638014400000;27.19;27.4;27.13;27.33;36773.01
1638018000000;27.33;27.7;27.22;27.55;46996.09
1638021600000;27.56;27.72;27.46;27.61;61227.59
1638025200000;27.61;27.82;27.56;27.74;37917.73
1638028800000;27.75;27.9;27.59;27.61;43054.52
1638032400000;27.61;27.86;27.56;27.6;34167.62
1638036000000;27.6;27.63;27.28;27.38;43826.89
1638039600000;27.38;27.42;27.24;27.29;28185.76
1638043200000;27.3;27.57;26.47;26.71;137402.68
1638046800000;26.7;27.07;26.44;26.94;119715.31
1638050400000;26.94;27.23;26.88;27.13;55720.86
1638054000000;27.13;27.13;26.5;26.73;66598.71
1638057600000;26.73;26.81;26.27;26.61;84484.65
1638061200000;26.6;26.69;25.73;25.88;128212.04
1638064800000;25.87;26.09;25.35;25.94;127185.95
1638068400000;25.93;25.96;25.5;25.67;52425.89
1638072000000;25.68;25.85;25.3;25.39;66420.96
1638075600000;25.39;25.8;25.35;25.77;49393.67
1638079200000;25.79;26.04;25.5;25.98;70743.85
1638082800000;25.98;26.12;25.8;26.07;51681.32
1638086400000;26.06;26.11;25.84;26.03;35743.75
1638090000000;26.03;26.21;25.72;26.18;42974.75
1638093600000;26.17;26.3;25.95;26.21;64654.02
1638097200000;26.21;26.3;26.01;26.04;46397.9
1638100800000;26.04;26.19;25.88;26.13;40555.6
1638104400000;26.13;26.2;25.94;26.03;39398.85
1638108000000;26.04;26.18;25.78;26.16;89620.73
1638111600000;26.15;26.38;26.13;26.18;49320.7
1638115200000;26.18;26.31;25.68;25.91;71284.54
1638118800000;25.92;26.08;25.32;25.47;77837.63
1638122400000;25.47;25.55;24.67;25.39;229645.8
1638126000000;25.39;25.98;25.28;25.85;102206.42
1638129600000;25.87;26.53;25.87;26.44;118153.11
1638133200000;26.44;27.58;26.41;27.38;194208.74
1638136800000;27.38;27.64;27.01;27.01;122380.14
1638140400000;27.03;27.46;27.02;27.39;85480.3
1638144000000;27.39;27.83;27.38;27.64;93987.33
1638147600000;27.63;27.75;27.37;27.44;51566.1
1638151200000;27.44;27.56;27.28;27.33;56864.09
1638154800000;27.33;27.85;27.25;27.32;101897.23
1638158400000;27.33;27.47;27.19;27.2;35123.17
1638162000000;27.2;27.38;27.18;27.25;24119.1
1638165600000;27.26;27.35;27.17;27.27;35083.85
1638169200000;27.26;27.43;27.23;27.41;47193.41
1638172800000;27.41;27.46;27.05;27.09;58637.52
1638176400000;27.08;27.34;26.72;26.85;77167.47
1638180000000;26.85;27.29;26.82;27.11;75702.69
1638183600000;27.1;27.13;26.84;26.85;35072.26
1638187200000;26.84;27.02;26.76;26.94;38482.88
1638190800000;26.93;27.34;26.9;27.2;68873.02
1638194400000;27.19;27.22;26.86;26.93;51547.11
1638198000000;26.95;27;26.75;26.99;35452.33
1638201600000;26.98;27.06;26.8;27.06;34339.27
1638205200000;27.06;27.76;26.95;27.46;155667.88
1638208800000;27.44;27.63;27.35;27.43;102529.97
1638212400000;27.44;27.88;27.14;27.22;105572.93
1638216000000;27.22;28.06;27.08;27.87;108837.18
1638219600000;27.87;28.32;27.75;28.21;139678.16
1638223200000;28.2;28.45;28.11;28.29;112561.7
1638226800000;28.29;28.32;27.86;28.1;95052.68
1638230400000;28.09;28.5;27.93;28.14;122023.6
1638234000000;28.14;28.28;27.9;28.09;68766.06
1638237600000;28.08;28.2;27.97;28;57959.44
1638241200000;27.99;28.02;27.29;27.66;92211.29
1638244800000;27.65;28;27.63;27.97;40792.93
1638248400000;27.98;28.21;27.28;27.28;75621.02
1638252000000;27.3;27.67;26.96;27.55;101945.27
1638255600000;27.55;28.73;27.47;28.58;282347.61
1638259200000;28.59;28.66;27.9;28.37;126353.69
1638262800000;28.37;28.62;28.2;28.38;84210.44
1638266400000;28.38;28.39;28.11;28.22;64589.26
1638270000000;28.23;28.78;28.22;28.65;113758.14
1638273600000;28.66;28.88;28.51;28.62;122544.04
1638277200000;28.61;29.14;28.51;29.11;124338.27
1638280800000;29.12;29.13;28.74;28.94;139056.92
1638284400000;28.94;29.35;27.93;27.93;234807.69
1638288000000;27.93;28.54;27.6;27.68;293991
1638291600000;27.68;28.06;27.38;27.99;125379.89
1638295200000;27.98;28.25;27.83;28.25;67210.08
1638298800000;28.25;28.25;27.86;28.05;45136.31
1638302400000;28.06;28.25;27.76;28.16;77605.29
1638306000000;28.14;28.23;27.77;27.94;48678.59
1638309600000;27.92;28.01;27.85;27.95;31245.16
1638313200000;27.94;27.99;27.47;27.51;67102.31
1638316800000;27.52;27.93;27.24;27.86;131228.78
1638320400000;27.85;27.85;27.36;27.37;67822.19
1638324000000;27.37;27.54;27.23;27.45;76937.85
1638327600000;27.44;27.69;27.39;27.67;72368.86
1638331200000;27.65;27.65;27.44;27.54;41585.67
1638334800000;27.54;27.69;27.45;27.58;41463.72
1638338400000;27.57;27.69;27.42;27.68;79526.71
1638342000000;27.67;27.85;27.5;27.8;75201.71
1638345600000;27.81;27.88;27.4;27.45;98864.29
1638349200000;27.46;27.7;27.27;27.68;96169.19
1638352800000;27.69;27.76;27.42;27.46;72995.03
1638356400000;27.45;27.51;27.27;27.47;67544.95
1638360000000;27.48;27.58;27.23;27.31;92340.41
1638363600000;27.31;27.64;27.28;27.43;105723.28
1638367200000;27.44;27.84;27.43;27.82;142012.38
1638370800000;27.83;27.9;27.62;27.8;100428.51
1638374400000;27.8;28.27;27.76;27.84;135391.93
1638378000000;27.83;27.99;27.63;27.7;59825.52
1638381600000;27.7;27.75;27.44;27.52;69327.24
1638385200000;27.5;27.51;27.01;27.27;114674.31
1638388800000;27.27;27.35;26.52;26.74;149536.8
1638392400000;26.73;26.76;26.28;26.66;138313.77
1638396000000;26.66;26.84;26.49;26.73;113463.9
1638399600000;26.72;26.82;26.49;26.67;99942.37
1638403200000;26.66;26.66;26.12;26.39;103687.13
1638406800000;26.4;26.64;26.27;26.54;43207.91
1638410400000;26.53;26.59;26.34;26.37;43974.88
1638414000000;26.37;26.37;25.62;26.19;125047.9
1638417600000;26.18;26.35;26.13;26.26;45242.4
1638421200000;26.25;26.44;26.21;26.36;32401.64
1638424800000;26.36;26.38;26.1;26.28;49466.7
1638428400000;26.29;26.46;26.25;26.4;40995.19
1638432000000;26.4;26.54;26.32;26.51;56233.65
1638435600000;26.51;26.57;26.33;26.43;47795.47
1638439200000;26.42;26.47;26.18;26.29;43774.26
1638442800000;26.29;26.32;25.73;26.15;261762.08
1638446400000;26.15;26.18;25.72;26.13;219967.24
1638450000000;26.14;26.2;25.83;26.17;79205.1
1638453600000;26.16;26.55;26.03;26.51;115221.49
1638457200000;26.51;26.79;26.08;26.29;112957.1
1638460800000;26.31;26.6;26.09;26.55;86795.87
1638464400000;26.54;26.84;26.5;26.67;85505.56
1638468000000;26.67;26.68;26.24;26.48;51936.67
1638471600000;26.48;26.83;26.45;26.81;60210.57
1638475200000;26.82;27.55;26.67;27.49;202737.89
1638478800000;27.5;28.54;27.39;28.45;494282.38
1638482400000;28.45;28.64;28.16;28.4;207436.15
1638486000000;28.41;28.57;28.05;28.37;159286.9
1638489600000;28.37;28.75;28.05;28.08;164334.37
1638493200000;28.09;28.34;27.76;27.96;141678.12
1638496800000;27.95;28.3;27.72;27.91;123396.5
1638500400000;27.9;28.22;27.84;28.06;78962.91
1638504000000;28.07;28.53;28.02;28.22;97857.34
1638507600000;28.22;29.03;28.14;28.92;191657.1
1638511200000;28.92;29.99;28.92;29.97;463105.2
1638514800000;29.97;30.54;29.65;30.22;539298.63
1638518400000;30.22;31.09;30.08;30.72;549805.13
1638522000000;30.72;31.35;30.37;30.95;348169.52
1638525600000;30.95;31.2;30.67;31.01;334133.85
1638529200000;31.01;31.26;30.69;30.79;237954.07
1638532800000;30.81;31.35;30.51;31.31;286295.29
1638536400000;31.31;31.8;31.14;31.21;337976.43
1638540000000;31.21;31.55;30.49;30.9;304920.62
1638543600000;30.9;33.1;30.48;31.9;1177618.87
1638547200000;31.9;33.6;30.5;32.82;1332116.07
1638550800000;32.82;32.99;31.77;31.83;516730.84
1638554400000;31.81;32.1;30.92;31.5;447098.94
1638558000000;31.48;31.84;30.28;30.42;584208.72
1638561600000;30.41;32.62;29.13;32.31;1148919.06
1638565200000;32.3;32.75;31.48;31.48;546581.09
1638568800000;31.47;33.17;31.23;31.88;474212.23
1638572400000;31.88;33.44;31.61;32.79;453256.89
1638576000000;32.79;32.92;30.66;30.9;556782.79
1638579600000;30.9;32.46;30.38;32.41;675438.17
1638583200000;32.41;32.46;30.63;30.89;479441.07
1638586800000;30.9;30.93;28.89;28.96;605507.2
1638590400000;28.98;30.1;26.89;27.95;840999.01
1638594000000;27.95;28.4;21.82;25.98;2292014.87
1638597600000;25.96;27.15;25.16;26.31;1175020.73
1638601200000;26.32;26.8;25.2;26.62;701291.88
1638604800000;26.62;27.27;25.61;25.68;846226.74
1638608400000;25.67;26.8;25.52;26.16;484703.85
1638612000000;26.19;26.35;25.41;26.22;345946.69
1638615600000;26.21;26.21;24.54;25.27;448513.39
1638619200000;25.29;26.09;25.29;25.77;299948.17
1638622800000;25.77;25.86;24.94;25.58;307296.31
1638626400000;25.57;26.13;25.43;25.97;220342.28
1638630000000;25.95;26.63;25.89;26.17;320553.64
1638633600000;26.17;28;25.72;26.3;488616.12
1638637200000;26.29;27.12;26.2;26.93;188424.15
1638640800000;26.94;27.33;26.7;26.86;202308.52
1638644400000;26.86;27.11;26.25;26.28;354791.29
1638648000000;26.28;27.71;26.06;27.37;454552.45
1638651600000;27.39;28.01;26.97;27.17;310830.37
1638655200000;27.17;28.16;27.03;27.89;399570.37
1638658800000;27.87;28.54;27.66;28.15;246177.61
1638662400000;28.15;29.31;27.67;27.97;464725.4
1638666000000;27.96;27.98;27.29;27.5;183079.48
1638669600000;27.5;27.85;27.18;27.38;96385.04
1638673200000;27.39;27.66;27.11;27.44;91609.38
1638676800000;27.44;27.55;26.84;27.16;196764.47
1638680400000;27.16;27.65;26.95;27.54;197214.78
1638684000000;27.54;27.62;27.1;27.47;148537.35
1638687600000;27.45;27.56;26.92;27.08;91714.83
1638691200000;27.08;27.35;26.91;27.24;99845.2
1638694800000;27.24;27.26;26.36;26.54;221735.5
1638698400000;26.56;26.94;26.43;26.62;107430.13
1638702000000;26.63;26.93;26.44;26.66;160739.56
1638705600000;26.66;27.07;26.27;26.66;209948.59
1638709200000;26.67;27.65;26.45;26.55;311773.21
1638712800000;26.53;26.59;25.45;25.67;410332.74
1638716400000;25.67;25.96;24.03;24.86;646496.76
1638720000000;24.84;25.35;24.32;24.56;426102.82
1638723600000;24.56;25.13;24.28;24.95;222342.86
1638727200000;24.94;24.95;24.5;24.63;97807.41
1638730800000;24.63;24.67;23.9;24.48;288675.03
1638734400000;24.47;24.87;24;24.35;214318.12
1638738000000;24.35;24.51;23.55;24.32;258658.53
1638741600000;24.32;24.52;23.98;24.52;80292.85
1638745200000;24.52;24.76;24.28;24.57;130711.73
1638748800000;24.57;24.6;23.06;23.52;382120.83
1638752400000;23.52;24.13;23.41;23.94;171924.99
1638756000000;23.94;24.2;23.86;23.97;110550.59
1638759600000;23.99;24.42;23.91;24.27;136458.95
1638763200000;24.26;24.34;23.72;23.73;316448.56
1638766800000;23.74;23.87;23.27;23.28;112016.76
1638770400000;23.27;23.64;23.06;23.07;99636.7
1638774000000;23.07;23.29;22.46;23.16;252044.45
1638777600000;23.16;23.83;22.72;23.32;360149.9
1638781200000;23.33;23.57;22.35;22.67;380689.19
1638784800000;22.69;23.11;22.24;22.57;244568.61
1638788400000;22.58;23.47;22.02;23.45;294725.12
1638792000000;23.44;23.67;23.09;23.13;191214.04
1638795600000;23.13;23.5;22.66;22.91;164427.07
1638799200000;22.91;23.5;22.64;22.75;201314.31
1638802800000;22.75;23.17;22.46;23.15;317644.27
1638806400000;23.17;23.57;22.79;23.53;308503.88
1638810000000;23.53;23.98;23.15;23.15;238841.76
1638813600000;23.17;23.2;22.67;23.01;202769.41
1638817200000;23;23.29;22.9;23.08;135690.68
1638820800000;23.09;23.48;23.02;23.38;164703.42
1638824400000;23.39;24.35;23.3;24.19;248225.46
1638828000000;24.19;24.82;24.17;24.53;223922.68
1638831600000;24.54;24.67;24.08;24.33;174616.9
1638835200000;24.33;24.78;24.19;24.53;136506.56
1638838800000;24.54;24.85;24.08;24.26;172237.8
1638842400000;24.25;24.5;24.16;24.29;109076.51
1638846000000;24.27;24.54;24.19;24.21;89904.51
1638849600000;24.21;24.48;24.11;24.32;90897.9
1638853200000;24.32;24.51;24.19;24.41;89802.27
1638856800000;24.42;24.97;24.4;24.83;114542.25
1638860400000;24.84;25.35;24.71;25.03;269939.1
1638864000000;25.02;25.39;24.76;25.25;196492
1638867600000;25.24;25.3;24.83;24.95;167986.49
1638871200000;24.96;25.05;24.75;25.05;132085.36
1638874800000;25.04;25.37;24.88;25.34;157361.4
1638878400000;25.34;25.41;24.2;24.42;286426.3
1638882000000;24.42;24.67;24.29;24.39;144007.12
1638885600000;24.39;25.02;24.28;25;133927.22
1638889200000;25.01;25.44;24.98;25.22;247723.93
1638892800000;25.22;25.33;24.46;24.82;158560.79
1638896400000;24.83;25.13;24.46;25.01;155016.12
1638900000000;25;25.04;24.52;24.52;108356.2
1638903600000;24.52;24.66;24.23;24.46;144895.09
1638907200000;24.48;24.61;23.8;23.97;207410.07
1638910800000;23.98;24.37;23.92;24.14;112092.19
1638914400000;24.13;24.26;23.8;23.9;90147.66
1638918000000;23.88;24.35;23.8;24.3;76880.38
1638921600000;24.3;24.53;23.9;24.53;140004.46
1638925200000;24.52;24.59;23.94;24.06;103286.58
1638928800000;24.07;24.22;23.9;23.91;73366.74
1638932400000;23.91;24.17;23.34;23.46;158996.29
1638936000000;23.45;23.86;23.44;23.82;98693.46
1638939600000;23.82;24.03;23.68;23.83;116189.94
1638943200000;23.84;24.23;23.82;24.12;94388.65
1638946800000;24.11;24.27;24.01;24.21;66194.02
1638950400000;24.2;24.3;24;24.23;99010.18
1638954000000;24.22;24.33;23.73;23.74;112351.35
1638957600000;23.74;24.1;23.04;23.06;222694.03
1638961200000;23.05;23.46;22.82;23.41;244078.26
1638964800000;23.43;24.05;23.32;24;185662.47
1638968400000;24;24.5;23.87;24.29;170085.3
1638972000000;24.29;25.5;24.24;25.38;422721.75
1638975600000;25.39;25.67;25.16;25.44;220417.33
1638979200000;25.43;26;25.41;25.56;289780.67
1638982800000;25.55;25.61;24.84;24.87;199473.34
1638986400000;24.87;25.13;24.72;25.11;144969.12
1638990000000;25.11;25.18;24.63;24.8;98690.33
1638993600000;24.81;25.12;24.53;25.09;101035.56
1638997200000;25.09;25.31;24.82;25.03;102435.15
1639000800000;25.03;25.1;24.61;24.64;55653.43
1639004400000;24.67;25.38;24.66;25.32;75233.29
1639008000000;25.32;25.6;25;25.03;96894.23
1639011600000;25.02;25.32;24.88;24.92;67140.31
1639015200000;24.91;25.01;24.28;24.51;165105.57
1639018800000;24.51;24.6;24.14;24.3;62704.69
1639022400000;24.29;24.58;24.24;24.5;61128.03
1639026000000;24.49;24.58;24.32;24.55;43994.14
1639029600000;24.54;24.86;24.44;24.68;98121.97
1639033200000;24.68;24.99;24.2;24.76;120860.59
1639036800000;24.75;24.78;24.35;24.51;86355.98
1639040400000;24.5;24.53;23.88;24.26;177241.88
1639044000000;24.26;24.43;24.09;24.38;92940.7
1639047600000;24.39;24.46;24.17;24.31;86900.85
1639051200000;24.31;24.37;24;24.28;93568.27
1639054800000;24.28;24.3;23.94;24.14;76049.39
1639058400000;24.15;24.26;23.26;23.38;189752.89
1639062000000;23.38;23.6;23.06;23.45;180590.86
1639065600000;23.45;23.6;23.28;23.37;130054.88
1639069200000;23.37;23.59;22.97;23.02;111737.12
1639072800000;23.02;23.23;22.66;22.85;186773.65
1639076400000;22.86;23.1;22.79;22.95;94694.39
1639080000000;22.94;23.05;22.54;22.8;129297.23
1639083600000;22.79;23.01;22.69;22.95;101592.34
1639087200000;22.93;23.13;22.7;22.83;66262.1
1639090800000;22.83;23;22.42;22.45;88495.63
1639094400000;22.46;23.19;22.44;22.67;177668.01
1639098000000;22.67;23.01;22.49;22.9;91218.85
1639101600000;22.88;23.21;22.76;23.1;79809.47
1639105200000;23.1;23.12;22.88;23.01;31525.48
1639108800000;23;23.21;22.81;22.94;61635.15
1639112400000;22.94;23.15;22.75;22.99;42759.51
1639116000000;22.99;23.08;22.68;22.72;71015.53
1639119600000;22.68;22.76;22.23;22.42;160928.11
1639123200000;22.42;22.9;22.31;22.79;118156.6
1639126800000;22.79;23.18;22.58;23.13;91213.71
1639130400000;23.12;23.24;22.95;23;86060.34
1639134000000;22.99;23.46;22.98;23.38;95784.07
1639137600000;23.39;23.76;23.3;23.62;133450.58
1639141200000;23.63;23.85;23.35;23.74;130901.75
1639144800000;23.75;23.86;22.61;22.63;188711.84
1639148400000;22.62;22.96;22.33;22.53;167975.65
1639152000000;22.53;22.54;21.85;22.21;234936.71
1639155600000;22.22;22.45;22.04;22.43;85144.97
1639159200000;22.42;22.89;22.34;22.64;111362.25
1639162800000;22.63;23.83;22.57;23.71;226999.32
1639166400000;23.71;23.73;23.29;23.59;164733.47
1639170000000;23.58;23.65;23.12;23.35;126668.89
1639173600000;23.35;23.88;23.05;23.11;155469.12
1639177200000;23.13;23.42;22.49;22.54;198107.42
1639180800000;22.54;23;21.97;22.6;290710.16
1639184400000;22.59;23.7;22.53;23.29;157308.41
1639188000000;23.29;23.54;23.06;23.53;75296.68
1639191600000;23.52;23.8;23.39;23.4;94488.1
1639195200000;23.41;23.48;23.24;23.42;64029.25
1639198800000;23.42;23.58;23.15;23.19;82522.46
1639202400000;23.2;23.42;22.68;22.7;130986.65
1639206000000;22.7;23.07;22.6;23.05;113961
1639209600000;23.05;23.86;22.92;23.66;188565.75
1639213200000;23.67;23.71;23.34;23.5;96922.52
1639216800000;23.49;23.61;23.38;23.43;70816.01
1639220400000;23.44;23.45;23.18;23.23;79094.69
1639224000000;23.24;23.57;23.2;23.5;62108.03
1639227600000;23.51;23.83;23.12;23.76;136800.15
1639231200000;23.75;24.42;23.71;24.28;332253.07
1639234800000;24.28;24.78;24.28;24.47;306778.94
1639238400000;24.48;24.72;24.3;24.49;165461.66
1639242000000;24.5;24.67;24.37;24.6;86112.95
1639245600000;24.6;24.68;24.11;24.16;110366.38
1639249200000;24.15;24.2;23.83;23.87;113858.1
1639252800000;23.87;24.05;23.86;23.98;78293.86
1639256400000;23.97;24.07;23.76;24.05;73287.65
1639260000000;24.05;24.31;23.95;24.15;61334.63
1639263600000;24.14;24.42;24.14;24.4;58215.66
1639267200000;24.41;24.5;24.06;24.37;100141.72
1639270800000;24.37;24.52;24.03;24.05;69299.14
1639274400000;24.05;24.2;23.97;24.12;71137.99
1639278000000;24.12;24.29;24.12;24.14;37119.38
1639281600000;24.13;24.36;23.97;24.36;74451.44
1639285200000;24.36;24.84;24.29;24.83;119778.84
1639288800000;24.82;25.06;24.78;24.83;138367.48
1639292400000;24.83;24.87;24.49;24.49;64278.88
1639296000000;24.49;24.62;23.97;24.07;164228.67
1639299600000;24.06;24.13;23.72;23.8;100237.65
1639303200000;23.79;23.83;23.48;23.78;87559.27
1639306800000;23.79;24.14;23.75;24.06;91423.25
1639310400000;24.06;24.31;23.97;24.16;69353.91
1639314000000;24.16;24.46;24.11;24.37;58565.9
1639317600000;24.37;24.56;24.21;24.39;67208.53
1639321200000;24.39;24.46;23.85;24;131654.87
1639324800000;23.98;24.42;23.89;24.24;57119.58
1639328400000;24.24;24.52;24.06;24.5;141427.66
1639332000000;24.5;25.22;24.5;24.94;192170.04
1639335600000;24.93;25.02;24.63;24.67;61477.46
1639339200000;24.66;24.88;24.62;24.8;46044.02
1639342800000;24.8;24.81;24.5;24.57;65390.9
1639346400000;24.57;24.77;24.55;24.62;36283.48
1639350000000;24.62;24.68;24.42;24.49;51181.41
1639353600000;24.5;24.94;24.36;24.41;84979.15
1639357200000;24.42;24.42;23.72;23.73;118913.55
1639360800000;23.73;23.98;23.52;23.6;98280.63
1639364400000;23.59;23.82;23.53;23.72;48330.29
1639368000000;23.71;23.98;23.56;23.91;39870.81
1639371600000;23.9;24.07;23.71;24;69492.26
1639375200000;23.98;23.98;23.52;23.54;56522.41
1639378800000;23.53;23.64;23.32;23.42;98098.71
1639382400000;23.42;23.69;23.21;23.65;105282.13
1639386000000;23.65;23.69;23.44;23.5;43011.8
1639389600000;23.5;23.57;23.24;23.51;73336.88
1639393200000;23.5;23.9;23.4;23.56;185807.2
1639396800000;23.55;23.71;23.3;23.35;78729.72
1639400400000;23.36;23.43;23;23.25;92886.54
1639404000000;23.24;23.26;22.62;22.87;174004.04
1639407600000;22.85;22.86;21.88;22.2;346144.29
1639411200000;22.22;22.4;21.93;22.2;191302.07
1639414800000;22.21;22.65;22.07;22.24;189704.43
1639418400000;22.25;22.32;21.93;22.1;134449.54
1639422000000;22.09;22.09;21.06;21.56;479431.86
1639425600000;21.57;21.75;21.22;21.37;166055.89
1639429200000;21.38;21.69;21.23;21.62;136246.73
1639432800000;21.61;21.95;21.52;21.88;130327.12
1639436400000;21.89;22;21.68;21.74;96874.6
1639440000000;21.74;22.14;21.59;21.96;149264.15
1639443600000;21.96;21.99;21.55;21.8;62323.65
1639447200000;21.8;21.92;21.57;21.8;57251.12
1639450800000;21.82;21.89;21.62;21.82;73719.44
1639454400000;21.81;21.93;21.44;21.52;62622.06
1639458000000;21.53;21.84;21.38;21.43;64699.74
1639461600000;21.43;21.65;21.24;21.6;104411.02
1639465200000;21.6;21.71;21.41;21.68;104449.82
1639468800000;21.68;21.89;21.56;21.84;94437.4
1639472400000;21.84;21.87;21.37;21.41;84209.96
1639476000000;21.41;21.79;21.4;21.76;122016.94
1639479600000;21.77;21.81;21.45;21.78;86311.51
1639483200000;21.79;22.08;21.67;21.73;135082.96
1639486800000;21.73;21.91;21.4;21.52;96563.16
1639490400000;21.51;21.64;21.1;21.57;153572.29
1639494000000;21.58;21.87;21.35;21.46;87841.23
1639497600000;21.46;21.73;21.18;21.48;125953.11
1639501200000;21.48;21.72;21.36;21.39;59216.81
1639504800000;21.39;21.55;20.96;21.26;98918.59
1639508400000;21.25;21.5;21.19;21.24;65104.01
1639512000000;21.24;21.68;21.24;21.65;117738.81
1639515600000;21.65;22.08;21.58;21.9;142331.65
1639519200000;21.9;21.95;21.62;21.71;51963.39
1639522800000;21.71;21.82;21.6;21.8;36397.68
1639526400000;21.81;22.08;21.66;21.71;89650.48
1639530000000;21.7;21.71;21.4;21.55;66411.95
1639533600000;21.53;21.56;21.39;21.44;60792.71
1639537200000;21.44;21.69;21.38;21.67;33080.2
1639540800000;21.67;21.97;21.52;21.83;117504.49
1639544400000;21.82;21.89;21.63;21.72;49840.28
1639548000000;21.72;21.96;21.72;21.85;42221.15
1639551600000;21.84;22.13;21.8;22.08;83173.07
1639555200000;22.08;22.4;22.04;22.2;104453.54
1639558800000;22.21;22.28;22.01;22.15;71708.8
1639562400000;22.15;22.18;21.85;21.93;66661.48
1639566000000;21.94;22;21.82;21.88;43510.64
1639569600000;21.88;21.96;21.25;21.28;130201.04
1639573200000;21.28;21.42;21.1;21.34;90494.49
1639576800000;21.33;21.39;20.82;20.95;131327.4
1639580400000;20.96;21.07;20.23;20.26;257245.25
1639584000000;20.26;20.53;20.18;20.51;110854.19
1639587600000;20.51;20.62;20.2;20.59;152276.98
1639591200000;20.58;21.7;20.55;21.55;232601.43
1639594800000;21.54;22.72;21.19;22.25;650580.24
1639598400000;22.25;22.85;22.23;22.66;288944.93
1639602000000;22.66;22.87;22.58;22.7;114853.05
1639605600000;22.7;22.83;22.2;22.25;84831.4
1639609200000;22.27;22.44;22.23;22.34;49054.67
1639612800000;22.34;22.66;22.26;22.57;88148.1
1639616400000;22.57;22.62;22.35;22.5;60103.98
1639620000000;22.49;22.57;22.4;22.49;39807.85
1639623600000;22.5;22.54;22.27;22.33;51740.14
1639627200000;22.33;22.39;22.11;22.2;47957.51
1639630800000;22.21;22.38;22.14;22.15;51137.94
1639634400000;22.16;22.5;22.15;22.5;46030.64
1639638000000;22.49;22.78;22.47;22.54;75567.41
1639641600000;22.54;22.72;22.51;22.63;86930.3
1639645200000;22.62;22.83;22.6;22.72;63075.37
1639648800000;22.73;22.97;22.68;22.96;99991.31
1639652400000;22.97;23.17;22.74;23.09;106141.39
1639656000000;23.07;23.12;22.62;22.72;104333.27
1639659600000;22.72;23.04;22.51;22.95;95047.49
1639663200000;22.95;23.35;22.82;23.07;99936
1639666800000;23.06;23.5;22.77;23.21;115734.43
1639670400000;23.22;23.29;22.94;23.02;87523.33
1639674000000;23.02;23.03;22.43;22.57;127309.74
1639677600000;22.57;22.85;22.31;22.52;79335.43
1639681200000;22.51;22.56;21.94;22.05;136534.29
1639684800000;22.05;22.49;22.03;22.28;83301.18
1639688400000;22.3;22.49;22.25;22.28;35041.94
1639692000000;22.27;22.32;21.86;22.18;72383.04
1639695600000;22.19;22.19;21.66;21.83;76031.23
1639699200000;21.83;22.02;21.6;21.94;97924.4
1639702800000;21.91;22.06;21.83;21.98;40564.57
1639706400000;21.97;21.98;21.75;21.84;38980.92
1639710000000;21.84;21.86;21.64;21.77;31780.56
1639713600000;21.77;21.91;21.76;21.87;33976.86
1639717200000;21.86;21.89;21.65;21.71;51763.44
1639720800000;21.71;21.76;21.55;21.63;50008.43
1639724400000;21.63;21.64;21.2;21.45;121080.36
1639728000000;21.45;21.65;21.37;21.61;54916.82
1639731600000;21.6;21.69;21.47;21.66;37703.33
1639735200000;21.65;21.66;21.19;21.37;72170.69
1639738800000;21.36;21.51;21.21;21.35;87956.95
1639742400000;21.35;21.68;21.25;21.4;70138.81
1639746000000;21.4;21.51;21.04;21.14;75311.9
1639749600000;21.15;21.19;20.38;20.71;268282.45
1639753200000;20.7;21.77;20.5;21.75;218482.62
1639756800000;21.75;22.04;21.55;21.92;207633.55
1639760400000;21.91;21.91;21.47;21.53;94631.54
1639764000000;21.52;21.7;21.44;21.68;60223.75
1639767600000;21.69;21.86;21.44;21.47;74467.06
1639771200000;21.48;21.54;21.09;21.11;90120.47
1639774800000;21.1;21.89;21.04;21.59;108882.86
1639778400000;21.59;21.63;20.92;21.47;131107.48
1639782000000;21.47;21.48;21.08;21.21;49040.31
1639785600000;21.21;21.51;20.92;21.45;90211.89
1639789200000;21.47;21.51;20.96;21.09;67941.44
1639792800000;21.08;21.37;20.94;21.16;39116.79
1639796400000;21.16;21.63;21.15;21.47;48152.75
1639800000000;21.46;21.49;21.26;21.44;31552.17
1639803600000;21.44;21.74;21.35;21.54;62801.29
1639807200000;21.55;21.61;21.34;21.38;41604.78
1639810800000;21.37;21.54;21.34;21.47;28863.38
1639814400000;21.48;21.73;21.47;21.59;51346.91
1639818000000;21.59;21.88;21.59;21.84;49482.82
1639821600000;21.85;22.05;21.77;22.03;91520.06
1639825200000;22.04;22.13;21.83;21.88;86254.79
1639828800000;21.89;21.99;21.78;21.91;47724.95
1639832400000;21.91;21.97;21.69;21.72;48416.31
1639836000000;21.71;21.97;21.69;21.94;44668.72
1639839600000;21.95;22.23;21.85;21.87;73359.95
1639843200000;21.88;22.11;21.65;21.71;66261.22
1639846800000;21.71;21.79;21.62;21.65;36571.19
1639850400000;21.65;21.77;21.62;21.75;22664.46
1639854000000;21.75;22.02;21.51;22.02;69420.74
1639857600000;22.02;22.25;21.77;22.2;90975.76
1639861200000;22.2;22.55;22.08;22.53;88425.62
1639864800000;22.53;22.99;22.46;22.97;148060.53
1639868400000;22.96;23.25;22.81;23.15;119724.36
1639872000000;23.16;23.45;22.89;23.13;113941.55
1639875600000;23.13;23.29;22.9;23.1;79527.24
1639879200000;23.09;23.21;23.06;23.09;59550.38
1639882800000;23.09;23.44;23.04;23.28;127109.58
1639886400000;23.28;23.34;23.1;23.1;56469.62
1639890000000;23.12;23.24;23.1;23.15;36183.88
1639893600000;23.16;23.7;23.09;23.42;94464.45
1639897200000;23.4;23.57;23.38;23.42;74816.15
1639900800000;23.43;23.72;23.41;23.53;79028.25
1639904400000;23.54;23.6;23.27;23.48;83768.22
1639908000000;23.48;23.54;23.04;23.29;84545.08
1639911600000;23.29;23.32;23.06;23.31;66230.92
1639915200000;23.29;23.31;23.07;23.25;52233.72
1639918800000;23.27;23.31;22.77;23.1;140775.49
1639922400000;23.1;23.28;22.84;22.94;104716.39
1639926000000;22.95;22.98;22.8;22.86;37733.66
1639929600000;22.86;22.95;22.55;22.61;87095.64
1639933200000;22.61;22.63;22.4;22.45;85923.41
1639936800000;22.45;22.54;22.26;22.48;69729.12
1639940400000;22.49;22.54;22.05;22.2;108516.52
1639944000000;22.19;22.34;22;22.29;72471.15
1639947600000;22.29;22.4;22.2;22.24;37109.45
1639951200000;22.24;22.63;22.19;22.51;42891.66
1639954800000;22.5;22.55;22.1;22.16;58629.01
1639958400000;22.15;22.26;21.76;22.26;96412.31
1639962000000;22.26;22.41;21.98;22.1;54665.49
1639965600000;22.1;22.18;21.92;22.02;41282.1
1639969200000;22.01;22.09;21.77;21.95;81772.1
1639972800000;21.95;22.35;21.93;22.31;114888.43
1639976400000;22.3;22.44;21.73;21.76;74489.97
1639980000000;21.76;22.03;21.55;21.94;111806.58
1639983600000;21.93;22.01;21.73;21.91;41418.96
1639987200000;21.91;22.06;21.56;21.72;61260.44
1639990800000;21.72;21.74;21.13;21.17;130133.36
1639994400000;21.17;21.5;21.16;21.37;58436.46
1639998000000;21.36;21.49;21.32;21.41;39331.43
1640001600000;21.41;21.41;21.02;21.13;78333.33
1640005200000;21.11;21.26;20.98;21.03;56471.32
1640008800000;21.03;21.15;20.73;21.14;159224.77
1640012400000;21.14;21.15;20.9;21.04;108857.59
1640016000000;21.05;21.36;20.88;21.27;86346.93
1640019600000;21.27;21.35;21.1;21.15;56237
1640023200000;21.16;21.2;20.97;21.16;116375.64
1640026800000;21.17;21.56;21.13;21.54;86705.22
1640030400000;21.54;21.74;21.45;21.67;88543.27
1640034000000;21.68;21.9;21.48;21.5;85266.11
1640037600000;21.49;21.61;21.32;21.33;34726.6
1640041200000;21.33;21.67;21.33;21.52;46886.44
1640044800000;21.53;21.74;21.48;21.6;58256.62
1640048400000;21.6;21.72;21.49;21.67;37372.09
1640052000000;21.67;21.74;21.58;21.7;30094.89
1640055600000;21.7;22.07;21.68;22;84185.42
1640059200000;22;22.46;22;22.12;137122.79
1640062800000;22.12;22.2;21.95;22.08;163989.56
1640066400000;22.07;22.39;22.04;22.29;74855.87
1640070000000;22.28;22.4;22.18;22.34;42711.05
1640073600000;22.34;22.49;22.26;22.4;87727.47
1640077200000;22.4;22.49;22.31;22.41;47794.27
1640080800000;22.42;22.56;22.33;22.5;50835.3
1640084400000;22.5;22.8;22.49;22.58;72205.24
1640088000000;22.58;22.99;22.57;22.75;105264.89
1640091600000;22.76;23.1;22.73;22.9;106977.98
1640095200000;22.89;23.02;22.76;22.77;80161.33
1640098800000;22.78;22.88;22.42;22.67;118267.36
1640102400000;22.68;22.83;22.61;22.67;50513.59
1640106000000;22.66;22.77;22.63;22.65;42167.27
1640109600000;22.64;22.99;22.6;22.94;41163.29
1640113200000;22.93;23.25;22.85;23.22;76523.6
1640116800000;23.22;23.4;23.11;23.14;94522.7
1640120400000;23.12;23.46;23.09;23.39;81470.29
1640124000000;23.39;23.5;23.32;23.49;53280.17
1640127600000;23.49;23.7;23.34;23.63;78400.02
1640131200000;23.63;23.87;23.35;23.47;90258.25
1640134800000;23.47;23.68;23.44;23.65;45233.11
1640138400000;23.65;24.25;23.63;24.24;125767.22
1640142000000;24.23;25;24.2;24.97;246539.11
1640145600000;24.96;25;24.85;24.88;103930.44
1640149200000;24.87;24.97;24.72;24.92;102000.89
1640152800000;24.92;25.13;24.92;25.05;122082.82
1640156400000;25.06;25.21;25.02;25.14;102111.65
1640160000000;25.14;25.33;25.07;25.29;123453.87
1640163600000;25.28;25.32;24.88;25.01;118242.44
1640167200000;25.01;25.36;24.9;25.26;142503.75
1640170800000;25.26;25.32;25.1;25.29;94145.85
1640174400000;25.3;25.33;24.54;24.67;232765.85
1640178000000;24.66;25.69;24.62;25.54;263447.68
1640181600000;25.54;26.95;25.42;26.52;538831.48
1640185200000;26.54;27.49;26.4;26.91;516621.9
1640188800000;26.92;27.49;26.64;27.37;330719.34
1640192400000;27.36;28;27.07;27.47;510524.89
1640196000000;27.46;27.49;26.98;27.1;187726.72
1640199600000;27.1;27.99;27.03;27.73;302232.1
1640203200000;27.74;28;27.49;27.86;226747.01
1640206800000;27.88;28.48;27.29;27.34;339137.64
1640210400000;27.35;27.64;27.34;27.53;100064.5
1640214000000;27.53;27.85;26.85;27.37;226922.58
1640217600000;27.38;28.78;27.36;28.1;698718.08
1640221200000;28.09;28.09;27.25;27.84;199188.62
1640224800000;27.83;27.92;27.36;27.36;87701.06
1640228400000;27.38;27.75;26.89;27.69;132584.87
1640232000000;27.68;27.69;27.19;27.24;97485.67
1640235600000;27.24;27.47;27.02;27.12;101384.25
1640239200000;27.12;27.43;27.02;27.2;130983.76
1640242800000;27.2;27.38;26.43;26.53;186435.2
1640246400000;26.55;27.63;26.37;27.61;243728.17
1640250000000;27.61;27.61;26.88;27.32;116568.02
1640253600000;27.32;27.53;27.23;27.39;94934.19
1640257200000;27.4;27.54;26.91;27.15;131006.9
1640260800000;27.14;27.44;26.98;27.3;88160.49
1640264400000;27.3;27.46;27;27.11;113210.44
1640268000000;27.13;27.18;26.76;26.91;94978.91
1640271600000;26.9;28.02;26.9;27.84;182226.02
1640275200000;27.85;27.96;27.02;27.45;195907.47
1640278800000;27.45;28;27.32;27.94;180446.68
1640282400000;27.94;28.29;27.81;28.02;176944.03
1640286000000;28.03;28.45;27.91;28.28;126567.12
1640289600000;28.28;28.49;27.75;28.29;137757.06
1640293200000;28.29;28.48;27.92;28.26;85005.45
1640296800000;28.24;28.88;28.24;28.77;147571.08
1640300400000;28.76;28.86;28.28;28.36;78718.36
1640304000000;28.37;28.72;28.11;28.51;134613.43
1640307600000;28.51;28.71;28.24;28.25;77500.9
1640311200000;28.26;28.48;28.19;28.24;51895.38
1640314800000;28.23;28.26;27.99;28.08;49194.96
1640318400000;28.08;28.24;27.98;28.08;29336.13
1640322000000;28.04;28.17;27.81;28.17;52169.46
1640325600000;28.15;28.18;27.84;27.98;41883.97
1640329200000;27.99;28.35;27.9;28.34;46352.29
1640332800000;28.34;28.69;28.2;28.59;77338.46
1640336400000;28.59;29.35;28.58;29.29;174110.07
1640340000000;29.29;29.76;29.23;29.39;183251.27
1640343600000;29.39;29.42;28.57;28.64;211703.07
1640347200000;28.64;29.34;28.5;28.88;133576.62
1640350800000;28.88;28.91;28.64;28.7;62490.96
1640354400000;28.69;29.08;28.56;29.01;116295.1
1640358000000;29;29;28.16;28.77;134416.5
1640361600000;28.76;28.77;28.13;28.39;107228.24
1640365200000;28.38;28.46;28.09;28.33;54484.61
1640368800000;28.33;28.6;28.27;28.53;55385.14
1640372400000;28.52;28.69;28.03;28.1;57759.77
1640376000000;28.08;28.3;27.88;28.16;100881.89
1640379600000;28.16;28.16;27.77;27.79;45066.13
1640383200000;27.79;27.86;26.95;27.04;137861.95
1640386800000;27.05;27.17;26.74;26.9;122110.43
1640390400000;26.91;27.24;26.62;27.2;73210.32
1640394000000;27.2;27.22;26.77;26.95;75093.51
1640397600000;26.95;27.05;26.78;26.79;34694.26
1640401200000;26.79;27.02;26.74;26.84;39806.67
1640404800000;26.85;27.34;26.81;27.13;137811.15
1640408400000;27.12;27.22;26.76;26.84;114306.68
1640412000000;26.84;27.06;26.65;27.04;55306.62
1640415600000;27.04;27.25;26.99;27.15;48284.05
1640419200000;27.14;27.22;26.94;27.12;54802.5
1640422800000;27.11;27.41;27.1;27.3;66401.91
1640426400000;27.3;27.4;27.06;27.1;62405.74
1640430000000;27.11;27.35;27.08;27.27;35882.69
1640433600000;27.28;27.8;27.28;27.67;108332.62
1640437200000;27.66;27.82;27.48;27.72;55754.45
1640440800000;27.71;27.8;27.54;27.59;55322.78
1640444400000;27.6;27.91;27.57;27.86;54216.18
1640448000000;27.86;28.24;27.67;28.08;91419.22
1640451600000;28.08;28.82;27.76;28.79;213344.42
1640455200000;28.8;28.93;28.4;28.47;138253.53
1640458800000;28.49;28.7;28.26;28.67;54349.68
1640462400000;28.66;28.81;28.34;28.58;52354.69
1640466000000;28.57;28.94;28.55;28.8;54135.3
1640469600000;28.79;29.09;28.69;28.99;86105.91
1640473200000;28.98;29.69;28.95;29.66;178385.68
1640476800000;29.67;29.92;29.12;29.33;182621.11
1640480400000;29.33;29.93;29.3;29.7;125502.85
1640484000000;29.7;29.74;29.02;29.5;125741.38
1640487600000;29.51;29.51;28.56;28.85;121689.01
1640491200000;28.84;30.09;28.83;29.75;257550.18
1640494800000;29.74;29.74;29.23;29.28;57514.59
1640498400000;29.29;29.85;29.22;29.83;103530.55
1640502000000;29.82;30.7;29.68;30.53;332943.52
1640505600000;30.53;30.58;30.09;30.37;141615.12
1640509200000;30.37;30.86;30.24;30.79;145542.2
1640512800000;30.78;31.59;30.76;31.42;363156.98
1640516400000;31.42;31.58;30.83;31.31;232287.86
1640520000000;31.32;31.41;30.86;31.07;151314.31
1640523600000;31.08;31.55;30.94;31.53;129963.24
1640527200000;31.52;31.73;31.16;31.53;164412.61
1640530800000;31.54;31.63;31.08;31.14;133762.68
1640534400000;31.15;31.37;30.83;31.3;138729.16
1640538000000;31.3;31.32;30.97;31.19;103135.55
1640541600000;31.19;31.95;31.07;31.73;179067.73
1640545200000;31.73;31.81;31.24;31.36;128220.18
1640548800000;31.35;31.4;31.02;31.11;59252.36
1640552400000;31.11;31.77;30.92;31.45;108054.8
1640556000000;31.45;32.13;31.45;31.76;166436.09
1640559600000;31.77;32.25;31.62;32.12;102648.84
1640563200000;32.13;32.7;31.89;32.25;262694.06
1640566800000;32.22;32.42;31.92;32.01;108537.68
1640570400000;32.01;32.4;31.9;32.16;116650.8
1640574000000;32.14;32.38;31.8;31.91;80689.65
1640577600000;31.9;32.08;31.71;31.99;63711.11
1640581200000;31.99;32.06;31.39;31.53;94563.94
1640584800000;31.53;31.62;31.35;31.51;65334.65
1640588400000;31.5;31.52;31.08;31.17;72328.25
1640592000000;31.17;31.27;30.87;30.9;117641.67
1640595600000;30.9;31.15;30.83;31.08;112669.42
1640599200000;31.08;31.14;30.84;30.97;96330.4
1640602800000;30.97;31.02;30.89;30.91;63422.29
1640606400000;30.91;31.33;30.6;30.9;170245.24
1640610000000;30.9;31.12;30.78;30.96;115518.72
1640613600000;30.96;31.61;30.9;31.32;221423.53
1640617200000;31.32;31.38;30.87;30.94;109060.64
1640620800000;30.95;31.47;30.93;31.43;92689.4
1640624400000;31.43;32.24;31.4;31.82;285958.79
1640628000000;31.83;31.89;31.23;31.33;133040.81
1640631600000;31.32;31.4;30.98;31.08;95464.81
1640635200000;31.09;31.27;30.87;31.15;101137.95
1640638800000;31.16;31.18;30.54;30.61;83713.51
1640642400000;30.61;30.79;29.56;30.15;220224.13
1640646000000;30.14;30.22;29.57;29.71;108761.42
1640649600000;29.71;29.72;28.74;29.07;315604.81
1640653200000;29.07;29.09;28.41;28.53;221003.38
1640656800000;28.53;28.7;28.08;28.18;153708.12
1640660400000;28.19;28.22;27.69;28.2;166892.5
1640664000000;28.2;28.36;27.5;28.18;273377.23
1640667600000;28.17;28.88;28.11;28.84;174802.06
1640671200000;28.84;28.99;28.53;28.9;137652.29
1640674800000;28.89;28.97;28.36;28.66;97996.37
1640678400000;28.65;29.22;28.44;29.07;163144.9
1640682000000;29.05;29.15;28.49;28.56;119617.2
1640685600000;28.56;28.94;28.44;28.72;91980.37
1640689200000;28.72;29.27;28.67;29.25;84474.3
1640692800000;29.25;29.4;28.99;29;65064.73
1640696400000;29.01;29.18;28.75;28.79;89807.47
1640700000000;28.79;28.95;27.75;28.41;222626.18
1640703600000;28.4;28.57;27.92;27.98;122777.92
1640707200000;27.99;28.07;27.11;27.87;288973.03
1640710800000;27.87;27.95;26.77;27.23;314460.99
1640714400000;27.23;27.47;26.72;26.82;162373.61
1640718000000;26.82;27.02;26.16;26.92;228569.98
1640721600000;26.92;27.29;26.74;27.04;170656.11
1640725200000;27.04;27.22;26.56;26.65;99085.11
1640728800000;26.65;26.92;26.44;26.85;112623.45
1640732400000;26.87;27.05;26.54;26.59;72876.8
1640736000000;26.62;27.15;26.33;26.91;146847.84
1640739600000;26.91;27.03;26.66;26.75;71942.53
1640743200000;26.74;27.07;26.72;26.96;79449.51
1640746800000;26.97;27.18;26.89;27.03;74239.15
1640750400000;27.04;27.1;26.68;26.69;45683.04
1640754000000;26.69;26.86;26.37;26.53;60116.19
1640757600000;26.53;26.74;26.36;26.51;49714.04
1640761200000;26.51;26.55;25.89;26.04;166085.56
1640764800000;26.05;26.47;25.97;26.32;119459.97
1640768400000;26.32;26.53;25.77;26.39;176794.97
1640772000000;26.4;26.44;26.12;26.29;108731
1640775600000;26.3;26.37;25.94;26.24;109649.13
1640779200000;26.25;26.26;25.41;25.64;341208.66
1640782800000;25.64;26.45;25.1;26.23;314715.57
1640786400000;26.22;27.1;26.15;26.92;251887.12
1640790000000;26.92;27.5;26.88;27.42;224684.16
1640793600000;27.44;27.55;26.89;27.1;180532.31
1640797200000;27.09;27.13;26.75;26.76;118452.16
1640800800000;26.75;27.45;26.74;27.01;130880.28
1640804400000;27.01;27.35;26.76;26.9;173596.26
1640808000000;26.91;27.66;26.8;27.31;202496.85
1640811600000;27.33;27.99;26.98;27.36;224454.99
1640815200000;27.36;27.8;27.03;27.7;107071.15
1640818800000;27.68;28.16;26.8;27.94;425774.85
1640822400000;27.94;28.16;26.38;27.69;537986.73
1640826000000;27.69;27.76;26.83;27.07;187048.11
1640829600000;27.06;27.54;26.92;27.38;164964.68
1640833200000;27.38;27.66;26.98;27.2;136140.55
1640836800000;27.2;27.88;27.16;27.52;155080.79
1640840400000;27.53;27.86;27.33;27.77;157613.97
1640844000000;27.76;28.21;27.46;28.12;270186.21
1640847600000;28.11;28.47;27.99;28.37;215121.66
1640851200000;28.39;28.53;27.86;27.86;155022.44
1640854800000;27.86;28.79;27.86;28.38;240299.06
1640858400000;28.37;28.67;28.33;28.6;127065.07
1640862000000;28.6;28.88;28.36;28.85;177849.35
1640865600000;28.85;29.3;28.78;29.15;263422.28
1640869200000;29.16;29.3;28.51;28.66;217514.64
1640872800000;28.66;28.85;28.27;28.62;138777.43
1640876400000;28.63;29.14;28.5;28.81;169921.45
1640880000000;28.81;29.32;28.79;29.23;116477.14
1640883600000;29.24;29.26;28.99;29.13;64706.27
1640887200000;29.11;29.65;29;29.57;141278.04
1640890800000;29.57;30.23;29.46;30;257207.9
1640894400000;29.99;30.55;29.88;30.24;245610.24
1640898000000;30.25;30.5;29.9;30.29;188757.54
1640901600000;30.28;30.33;29.54;29.85;152956.87
1640905200000;29.86;30.36;29.81;30.16;206241.39
1640908800000;30.16;31.64;30.11;31.52;525351.26
1640912400000;31.51;32.04;31.25;31.61;393466
1640916000000;31.63;31.63;31.21;31.53;175537.33
1640919600000;31.52;31.6;31.11;31.24;113347.67
1640923200000;31.25;31.46;31.08;31.14;90579.39
1640926800000;31.14;31.19;30.66;30.8;130667.54
1640930400000;30.81;31.06;30.63;30.74;81401.21
1640934000000;30.75;30.9;30.28;30.88;153016.18
1640937600000;30.88;32.2;30.73;31.72;506007.98
1640941200000;31.73;32;31.45;31.65;158881.19
1640944800000;31.64;31.83;31.32;31.48;125515.92
1640948400000;31.47;31.58;31.15;31.28;82936.37
1640952000000;31.28;31.6;31.09;31.58;90565.28
1640955600000;31.58;31.59;31.16;31.3;68987.56
1640959200000;31.29;31.48;31.05;31.35;91416.44
1640962800000;31.35;32.05;31.3;32.05;125410.62
1640966400000;32.05;33.3;31.95;32.33;647501.62
1640970000000;32.33;32.55;31.29;32.47;484777.11
1640973600000;32.44;33.01;31.88;32.3;413915.05
1640977200000;32.27;32.3;30.54;30.66;370560.35
1640980800000;30.64;31.61;30.55;30.71;231588.91
1640984400000;30.71;31.55;30.53;31.51;179691.17
1640988000000;31.51;32.93;31.48;32.9;282819.41
1640991600000;32.88;33.06;32.27;32.39;187108.64
1640995200000;32.41;33.5;32.34;33.4;339100.71
1640998800000;33.4;34;33.32;33.67;375425.02
1641002400000;33.68;34.17;33.64;33.8;176387.29
1641006000000;33.81;33.87;33.29;33.41;151489.36
1641009600000;33.43;33.83;32.94;33.73;153879.55
1641013200000;33.73;34;33.37;33.46;160928.14
1641016800000;33.46;33.9;33.44;33.53;120287.55
1641020400000;33.53;33.99;33.43;33.66;172132.15
1641024000000;33.67;33.7;33.26;33.5;134785.03
1641027600000;33.51;33.53;32.96;33.35;141525.29
1641031200000;33.34;33.55;32.76;33.19;189379.92
1641034800000;33.18;33.9;33.14;33.39;178943.5
1641038400000;33.4;34.39;33.37;34.02;380680
1641042000000;34.02;34.68;33.91;34.36;323711.54
1641045600000;34.37;35.99;34.36;34.93;776407.39
1641049200000;34.94;35.4;34.8;35.33;304793.18
1641052800000;35.34;35.75;34.87;35.43;360408.27
1641056400000;35.44;36.98;35.43;36.92;656363.21
1641060000000;36.91;37;36.41;36.54;344042.73
1641063600000;36.55;36.68;36.05;36.36;253832.49
1641067200000;36.36;36.92;36.18;36.7;217957.03
1641070800000;36.7;36.78;35.92;36.27;241252.86
1641074400000;36.28;36.4;35.99;36.26;125499.52
1641078000000;36.25;36.38;35.54;36.36;271650.6
1641081600000;36.35;36.88;35.55;35.56;335768.61
1641085200000;35.56;35.65;35.03;35.33;255739.88
1641088800000;35.33;36.01;35.08;35.37;178581.92
1641092400000;35.37;35.68;35.18;35.66;103363.27
1641096000000;35.66;36.07;35.34;35.78;167306.77
1641099600000;35.78;36.45;35.66;36.21;183439.64
1641103200000;36.19;36.38;35.82;35.87;104014.36
1641106800000;35.87;35.95;35.53;35.68;100649.76
1641110400000;35.68;35.81;35.36;35.39;129468.58
1641114000000;35.38;35.81;35.34;35.47;147186.17
1641117600000;35.46;35.67;35.07;35.11;153942.25
1641121200000;35.13;35.39;34.76;34.9;153789.66
1641124800000;34.9;35.16;34.59;35.03;193310.84
1641128400000;35.04;35.06;34.72;34.82;124599.83
1641132000000;34.82;35.17;34.73;34.96;168534.61
1641135600000;34.97;35.79;34.96;35.62;258228.29
1641139200000;35.63;35.76;35.15;35.37;156834.22
1641142800000;35.37;35.55;34.6;34.71;187220.97
1641146400000;34.72;34.89;34.22;34.88;220187.17
1641150000000;34.87;34.98;34.55;34.66;112994.86
1641153600000;34.66;35.21;34.64;35.08;102219.7
1641157200000;35.08;35.26;34.82;34.98;83568.19
1641160800000;34.98;35.65;34.85;35.4;94373.5
1641164400000;35.41;35.73;35.17;35.53;73995.36
1641168000000;35.53;35.54;34.48;34.84;211270.2
1641171600000;34.84;35.03;34.52;35.03;73939.6
1641175200000;35.02;35.04;34.55;34.66;75691.72
1641178800000;34.66;34.86;34.23;34.44;105581.33
1641182400000;34.45;34.84;34.42;34.6;60861.69
1641186000000;34.6;34.97;34.58;34.84;62572.52
1641189600000;34.83;34.89;34.53;34.64;70035.54
1641193200000;34.65;35.45;34.51;35.33;166366.67
1641196800000;35.33;36.91;35.33;36.86;478162.24
1641200400000;36.86;37.9;36.56;37.51;697860.97
1641204000000;37.52;37.98;37.32;37.75;310019.64
1641207600000;37.76;37.84;37.37;37.47;168774.76
1641211200000;37.47;37.92;37.39;37.8;193059.16
1641214800000;37.79;38.53;37.61;38.28;435164.81
1641218400000;38.29;38.35;37.81;38.02;275216.13
1641222000000;38.02;38.83;37.91;38.05;395868.48
1641225600000;38.06;38.3;36.8;37.83;719119.75
1641229200000;37.84;38.5;37.77;38.03;343169.92
1641232800000;38.02;38.66;37.9;37.94;291012.63
1641236400000;37.94;38.3;37.64;37.97;143950.36
1641240000000;37.96;38.03;36.93;37.55;342172.47
1641243600000;37.54;38.18;37.26;37.84;196103.43
1641247200000;37.83;39.8;37.73;39.3;620002.42
1641250800000;39.3;39.53;38.98;39.25;205259.9
1641254400000;39.23;39.73;38.55;38.68;302780.87
1641258000000;38.68;38.98;38.32;38.34;161863.28
1641261600000;38.35;38.5;37.57;37.66;208574.88
1641265200000;37.67;38.04;37.51;37.96;207170.48
1641268800000;37.95;39.74;37.82;38.97;413569.07
1641272400000;38.96;39.21;38.44;38.9;178095.98
1641276000000;38.9;39.51;38.73;39.25;234773.15
1641279600000;39.26;39.44;38.97;39.36;171835.54
1641283200000;39.37;40.04;39.2;39.9;565870.55
1641286800000;39.9;39.92;39.19;39.3;184335.86
1641290400000;39.29;40.1;38.95;39.82;287080.19
1641294000000;39.84;40.75;39.63;40.56;447890.28
1641297600000;40.55;40.97;40.18;40.85;342097.15
1641301200000;40.85;40.93;40.35;40.6;222058.84
1641304800000;40.61;41.97;40.61;41.85;578401.38
1641308400000;41.86;43.2;41.85;42.25;846650.92
1641312000000;42.24;42.82;41.82;42.34;473437.72
1641315600000;42.34;42.8;41.6;41.76;338757.79
1641319200000;41.76;42.09;40.56;40.96;422322.5
1641322800000;40.97;43.18;40.6;42.93;844541.42
1641326400000;42.93;43.95;42.16;43.32;609968.71
1641330000000;43.33;43.93;41.84;41.95;374243.27
1641333600000;41.95;42.43;41.92;42.13;178074.38
1641337200000;42.13;42.96;41.56;42.1;263397.69
1641340800000;42.11;42.76;41.65;42.18;296826.24
1641344400000;42.18;43.27;42.03;42.37;276789.42
1641348000000;42.37;42.64;41.18;41.41;265017.01
1641351600000;41.43;42.25;41.41;41.98;153863.98
1641355200000;41.99;42.05;41;41.4;148038.41
1641358800000;41.39;41.48;40.86;41.22;137781.38
1641362400000;41.21;41.82;40.95;41.75;192954.9
1641366000000;41.75;41.82;41.12;41.6;151692.33
1641369600000;41.59;41.68;41.06;41.17;179142.8
1641373200000;41.17;41.25;40.57;40.98;278470.72
1641376800000;40.97;41.06;40.18;40.2;335470.82
1641380400000;40.21;40.42;39.81;40.26;332948.58
1641384000000;40.26;40.34;39.39;40.12;232048.95
1641387600000;40.12;40.53;39.8;40.1;220216.1
1641391200000;40.11;40.17;39.42;39.97;235007.83
1641394800000;39.98;40.96;39.75;40.69;268076.92
1641398400000;40.71;40.9;39.56;39.71;206343.54
1641402000000;39.71;40.04;38.53;38.63;279045.34
1641405600000;38.62;39.74;38.44;38.99;377160.52
1641409200000;39;39.14;37.1;37.46;691905.21
1641412800000;37.45;38.39;36.98;37.5;849811.93
1641416400000;37.49;38.56;37.09;37.13;496473.75
1641420000000;37.14;38.45;34.59;38.1;1301735.86
1641423600000;38.1;39.54;37.34;38.66;820503.08
1641427200000;38.65;39.73;38.25;39.08;454597.42
1641430800000;39.08;39.2;36.76;37.23;442491.82
1641434400000;37.21;37.58;36.57;36.74;424310.45
1641438000000;36.75;37.14;36.07;36.16;381473.19
1641441600000;36.17;36.91;35.86;36.61;303146.37
1641445200000;36.61;37.5;36.38;37.12;304130.71
1641448800000;37.12;37.4;36.74;37.05;188260.66
1641452400000;37.06;37.48;36.77;37.1;190989.48
1641456000000;37.09;37.19;36;36.58;251062.67
1641459600000;36.57;36.64;35.43;35.6;404032.76
1641463200000;35.6;36.62;35.6;36.47;372702.1
1641466800000;36.47;36.52;35.9;36.23;183177.91
1641470400000;36.22;36.82;35.71;36.73;184214.66
1641474000000;36.73;37.83;36.54;37.67;348240.15
1641477600000;37.67;38.2;36.84;37.08;555374.6
1641481200000;37.08;38.51;36.78;38.23;471393.42
1641484800000;38.23;39.12;38.04;38.91;554960.91
1641488400000;38.92;39.4;38.63;39.13;319812.78
1641492000000;39.14;41.49;38.95;41.26;799241.68
1641495600000;41.23;41.33;40.31;40.45;354537.25
1641499200000;40.46;40.72;39.61;40;353132.47
1641502800000;40;40.24;39.34;39.51;199443.64
1641506400000;39.52;39.91;38.99;39.74;195901.31
1641510000000;39.75;40.53;39.64;40.08;282602.64
1641513600000;40.08;40.94;39.22;39.66;452764.14
1641517200000;39.65;40.3;39.11;39.54;242648.15
1641520800000;39.53;40.25;39.3;39.51;218145.79
1641524400000;39.5;40.38;37.7;38.33;830040.24
1641528000000;38.35;41.98;38.04;41.76;1566191.11
1641531600000;41.77;41.9;40.74;41.43;622703.23
1641535200000;41.42;41.55;40.23;40.72;504413.23
1641538800000;40.73;41.73;40.13;41.31;486217.23
1641542400000;41.35;43;41.17;41.88;983802.66
1641546000000;41.86;43.33;41.83;43.11;749532.21
1641549600000;43.1;44.7;42.86;43.52;1292221.67
1641553200000;43.52;44.25;42.8;43.06;538670.86
1641556800000;43.06;43.79;42.87;42.89;319394.04
1641560400000;42.92;43.43;41.38;42.13;866306.13
1641564000000;42.14;43.64;41.55;43.13;787342.28
1641567600000;43.12;44.05;41.96;43.04;1001794.54
1641571200000;43.01;43.89;42.3;42.86;728510.02
1641574800000;42.84;42.97;41.39;41.78;597377.33
1641578400000;41.78;41.9;40.4;40.91;459452.71
1641582000000;40.93;41.37;40.55;40.97;317740.65
1641585600000;40.97;41.37;40.39;40.82;272912.29
1641589200000;40.82;41.3;40.43;40.49;283604.19
1641592800000;40.49;40.57;39.12;39.57;374187.6
1641596400000;39.57;39.73;38.33;38.58;433732.89
1641600000000;38.57;40;38.29;39.59;571490.9
1641603600000;39.58;40.34;39.26;39.4;293539.66
1641607200000;39.39;39.42;38.58;39.09;273674.51
1641610800000;39.09;39.2;38.43;39.04;250798.67
1641614400000;39.04;39.41;38.81;39.14;163298.43
1641618000000;39.13;39.26;38.79;38.92;141023.5
1641621600000;38.94;39.18;38.61;39.12;169199.87
1641625200000;39.12;39.28;38.83;39;147216.63
1641628800000;38.99;39.7;38.96;39.12;210237.74
1641632400000;39.12;39.48;39.02;39.47;139925.17
1641636000000;39.46;39.47;38.5;38.74;166019.5
1641639600000;38.73;38.77;37.84;38.11;367284.17
1641643200000;38.11;38.34;37.63;37.93;195051.03
1641646800000;37.92;38.14;37.4;37.66;348857.52
1641650400000;37.65;37.78;37.1;37.17;224496.19
1641654000000;37.17;37.21;36.63;36.78;484777.54
1641657600000;36.77;36.79;35.65;35.8;522160.75
1641661200000;35.77;36.47;34.6;34.65;783897.7
1641664800000;34.66;35.88;34.05;34.42;888409.42
1641668400000;34.38;35.32;34.21;35.07;444028.25
1641672000000;35.08;35.72;34.75;35.04;275828.77
1641675600000;35.03;36.75;34.96;36.26;437238.37
1641679200000;36.28;37.43;36.08;36.69;347599.76
1641682800000;36.67;36.7;35.71;35.87;235091.72
1641686400000;35.85;36.9;35.44;36.85;366500.32
1641690000000;36.86;37.13;36.34;36.94;450426.13
1641693600000;36.94;38.08;36.9;37.71;406184.41
1641697200000;37.72;37.72;37.1;37.14;184268.32
1641700800000;37.12;38.05;37.11;37.96;175244.31
1641704400000;37.96;38.01;37.02;37.22;196486.03
1641708000000;37.22;37.4;36.73;37.17;201099.01
1641711600000;37.18;37.4;36.17;36.18;131008.31
1641715200000;36.18;36.62;35.93;35.93;137591.19
1641718800000;35.94;36.14;34.66;34.77;465141.36
1641722400000;34.76;35.2;34.44;35.13;311453.1
1641726000000;35.13;35.81;34.78;35.42;569599.36
1641729600000;35.43;35.77;34.99;35.02;224927.97
1641733200000;35.02;35.45;34.53;34.68;183976.59
1641736800000;34.67;35.3;34.6;34.87;127917.97
1641740400000;34.87;34.98;34.11;34.87;188005.39
1641744000000;34.87;36.38;34.62;36.31;341135.18
1641747600000;36.3;36.99;35.87;36.5;330698.34
1641751200000;36.54;36.69;35.92;35.98;165558.06
1641754800000;35.97;37.65;35.88;37.48;350584.39
1641758400000;37.48;37.87;36.41;36.6;292096.56
1641762000000;36.59;36.75;35.54;35.59;423314.6
1641765600000;35.58;35.7;35;35.26;292334.8
1641769200000;35.26;35.43;34.8;34.98;286482.2
1641772800000;34.97;35.45;34.54;34.88;320608.87
1641776400000;34.9;35.4;34.77;35.3;174278.79
1641780000000;35.3;36.11;35;36;285045.25
1641783600000;36.01;36.33;35.54;36.17;322186.23
1641787200000;36.17;37.11;35.79;37.01;314678
1641790800000;37.02;37.13;36.35;36.64;393419.55
1641794400000;36.63;37.01;36.35;36.77;223151.28
1641798000000;36.76;37.25;36.59;36.7;205006.53
1641801600000;36.7;36.83;35.87;36.2;251710.82
1641805200000;36.18;37;36.05;36.45;179092.36
1641808800000;36.43;36.68;36.23;36.33;214473.69
1641812400000;36.31;36.36;35.53;35.79;284431.58
1641816000000;35.78;35.97;34.46;34.56;405409.36
1641819600000;34.57;35.14;34.33;34.47;270445.27
1641823200000;34.47;35.84;32.9;35.19;1425041.7
1641826800000;35.17;36.48;34.28;36.37;932061.94
1641830400000;36.38;37.87;36.11;37.63;898977.92
1641834000000;37.62;38.12;36.07;36.99;890159.49
1641837600000;36.99;37.54;36.56;37.3;317422.43
1641841200000;37.3;37.6;36.32;36.52;242155.73
1641844800000;36.52;37.48;36.34;37.37;201793.99
1641848400000;37.38;37.59;36.92;37.34;203973.51
1641852000000;37.36;37.5;36.66;36.83;135608.34
1641855600000;36.84;38.16;36.84;37.86;265948.88
1641859200000;37.87;38.17;36.85;36.94;227323.56
1641862800000;36.94;37.74;36.66;37.61;225898.8
1641866400000;37.62;39.16;37.17;38.46;512859.19
1641870000000;38.47;38.96;38.3;38.64;251841.46
1641873600000;38.61;39.28;38.11;38.98;312099.31
1641877200000;38.98;39.5;38.57;39;318703.31
1641880800000;39;39.18;38.53;39.13;282823.88
1641884400000;39.13;39.13;38.37;38.54;186341.59
1641888000000;38.55;39.23;38.22;38.47;314784.69
1641891600000;38.48;38.66;37.41;37.74;420175.63
1641895200000;37.75;37.9;36.91;37.05;231493.58
1641898800000;37.05;37.6;36.84;36.86;225346.69
1641902400000;36.86;37.8;36.65;37.47;227391.57
1641906000000;37.47;37.92;36.86;36.99;241837.03
1641909600000;36.98;37.32;36.1;36.75;358383.56
1641913200000;36.74;37.29;36.2;36.73;395350.71
1641916800000;36.73;38.98;36.5;38.5;585243.22
1641920400000;38.51;39.3;38.07;38.27;405587.43
1641924000000;38.27;38.7;37.87;38.45;166063.82
1641927600000;38.44;38.97;38.08;38.71;161659.27
1641931200000;38.72;39.09;38.51;38.78;180930.71
1641934800000;38.77;40.05;38.59;39.12;356804.39
1641938400000;39.09;39.36;38.33;38.44;134332.67
1641942000000;38.44;39.1;38.35;38.7;114199.24
1641945600000;38.68;40.05;38.59;39.88;333733.63
1641949200000;39.87;41;39.78;40.48;430071.22
1641952800000;40.48;40.92;40.29;40.43;132469.64
1641956400000;40.43;40.65;39.96;40.17;129957.22
1641960000000;40.18;40.77;40.18;40.74;117565.51
1641963600000;40.73;40.81;40.13;40.64;214996.84
1641967200000;40.64;41.7;40.62;41.22;376886.58
1641970800000;41.23;41.45;40.72;41;221362.33
1641974400000;40.99;41.43;40.75;40.81;189109.13
1641978000000;40.78;41.11;40.08;40.29;348131.3
1641981600000;40.27;40.35;39.66;39.75;218883.82
1641985200000;39.75;40.8;39.75;40.08;271231.77
1641988800000;40.08;40.54;39.87;40.32;177877.18
1641992400000;40.34;41.54;40.08;41.24;408502.99
1641996000000;41.25;41.87;40.76;41.76;387630.97
1641999600000;41.76;42.33;40.72;40.94;579165.3
1642003200000;40.94;41.69;40.59;41.3;272586.28
1642006800000;41.3;41.67;40.92;41.22;159740.43
1642010400000;41.22;41.83;40.81;40.92;205412.23
1642014000000;40.91;41.43;40.55;41.3;172445.18
1642017600000;41.31;42.06;41.14;41.79;314517.34
1642021200000;41.8;42.05;41.26;41.3;152759.12
1642024800000;41.3;41.51;40.31;40.35;304424.54
1642028400000;40.34;40.62;40;40.22;454707.32
1642032000000;40.21;40.69;39.27;39.48;490608.57
1642035600000;39.49;39.77;39.03;39.43;243718.41
1642039200000;39.43;40.14;39.41;39.7;172677.04
1642042800000;39.7;40;39.29;39.74;161594.04
1642046400000;39.75;40.19;39.69;39.79;103518.71
1642050000000;39.79;40.13;39.55;40.05;82032.43
1642053600000;40.05;40.36;39.85;40.02;118894.67
1642057200000;40.01;40.31;39.86;40.06;103824.27
1642060800000;40.06;41.15;39.98;40.99;264525.29
1642064400000;40.99;41.1;40.49;40.84;226585.08
1642068000000;40.86;41.11;40.61;40.7;150772.92
1642071600000;40.69;40.83;40;40.08;203049.29
1642075200000;40.08;40.57;40.04;40.32;120218.91
1642078800000;40.34;40.97;40.15;40.92;131828.42
1642082400000;40.91;41.28;40.56;40.99;365026.42
1642086000000;40.99;41.03;38.82;39.36;534351.05
1642089600000;39.38;39.96;39.07;39.49;237590.61
1642093200000;39.5;39.67;38.5;39.28;294794.45
1642096800000;39.29;39.7;38.88;39.08;200855.94
1642100400000;39.09;39.25;38.31;38.64;256782.19
1642104000000;38.64;38.95;38.04;38.95;203781.7
1642107600000;38.94;39.32;38.73;39.07;192878.66
1642111200000;39.08;39.09;38.13;38.4;227165.74
1642114800000;38.4;38.53;37.41;37.6;297537.61
1642118400000;37.6;37.95;37.01;37.85;456967.48
1642122000000;37.85;37.95;37.53;37.84;144652.93
1642125600000;37.83;38.22;37.45;37.91;106743.84
1642129200000;37.91;38.17;37.71;38.06;67566.82
1642132800000;38.02;38.61;38;38.32;128013.42
1642136400000;38.32;38.7;38.04;38.52;116110.36
1642140000000;38.52;38.73;38.19;38.42;190884.93
1642143600000;38.43;38.59;37.52;37.7;223165.22
1642147200000;37.71;37.86;37.05;37.83;229749
1642150800000;37.84;38.42;37.83;37.96;164704.21
1642154400000;37.96;38.35;36.66;36.98;607231.76
1642158000000;36.98;37.49;36.7;37.38;233724.73
1642161600000;37.37;37.43;36.76;36.95;214368.84
1642165200000;36.96;37.5;36.88;37.16;138748.09
1642168800000;37.16;38.32;37.1;38.07;206827.64
1642172400000;38.07;38.58;37.87;38.31;243236.28
1642176000000;38.29;39.16;37.95;38.97;234512.67
1642179600000;38.95;39.26;38.56;39.17;148201.19
1642183200000;39.16;39.89;38.94;39.53;253980.53
1642186800000;39.53;39.67;39.17;39.4;160127.81
1642190400000;39.39;39.8;39.26;39.36;111167.71
1642194000000;39.34;39.46;39;39.19;91744.29
1642197600000;39.18;40.2;39.1;40.18;155918.78
1642201200000;40.19;40.83;40.08;40.42;246902.02
1642204800000;40.42;40.96;39.86;40.8;216033.05
1642208400000;40.81;40.89;40.22;40.42;204636.85
1642212000000;40.41;40.63;40.07;40.21;153000.1
1642215600000;40.2;40.56;39.93;40.11;98248.56
1642219200000;40.11;40.3;39.63;39.93;130764.12
1642222800000;39.92;39.99;39.69;39.76;51010.19
1642226400000;39.76;40.36;39.56;40.26;137790.51
1642230000000;40.25;40.65;39.92;40.4;190744.75
1642233600000;40.39;40.66;40.05;40.07;75813.7
1642237200000;40.06;40.24;39.73;40.13;116178.13
1642240800000;40.11;40.35;39.88;40;92124.09
1642244400000;40.01;40.02;39.68;39.84;91574.02
1642248000000;39.83;39.89;39.12;39.36;189358.97
1642251600000;39.37;39.72;39.12;39.51;111555.55
1642255200000;39.53;39.88;39.23;39.77;190491.36
1642258800000;39.78;40.21;39.73;40.04;160752.41
1642262400000;40.05;40.09;39.47;39.96;143964.68
1642266000000;39.95;40.18;39.84;40.02;90528.44
1642269600000;40.02;40.36;39.84;40.17;117850.86
1642273200000;40.17;40.24;39.93;40.14;54842.41
1642276800000;40.14;40.44;40.08;40.4;79447.99
1642280400000;40.39;40.4;39.87;39.97;110520.36
1642284000000;39.97;40.02;39.51;39.76;75644.01
1642287600000;39.76;39.82;39.11;39.12;103137.58
1642291200000;39.1;39.41;38.81;39.41;152358.54
1642294800000;39.4;39.5;39.15;39.17;76904.59
1642298400000;39.18;39.73;39.05;39.19;125307.69
1642302000000;39.18;41.1;39.16;41.04;332509.97
1642305600000;41.04;41.67;40.78;41.53;260343.75
1642309200000;41.54;41.86;41.27;41.36;210040.07
1642312800000;41.36;42;41.29;41.98;143301.19
1642316400000;41.98;42.57;41.81;42.2;319999.6
1642320000000;42.2;42.39;41.68;42.26;252341.68
1642323600000;42.26;43.41;42.15;43.12;389117.42
1642327200000;43.12;43.41;42.73;42.79;217634.04
1642330800000;42.78;43.46;42.49;42.92;207775.75
1642334400000;42.94;43.82;42.79;43.53;292141.31
1642338000000;43.52;43.55;42.86;43.43;252410.2
1642341600000;43.42;43.61;43.06;43.26;149541.73
1642345200000;43.28;43.3;42.74;43.04;134380.11
1642348800000;43.07;43.18;42.61;42.89;141599.38
1642352400000;42.88;43.35;42.77;42.92;133085.29
1642356000000;42.92;43.19;42.86;43.02;58357.28
1642359600000;43.03;43.04;42.37;42.54;85117.63
1642363200000;42.53;42.76;42.33;42.57;74844.86
1642366800000;42.58;42.67;42.18;42.23;72107.1
1642370400000;42.23;42.7;42.21;42.56;59085.86
1642374000000;42.56;43.68;42.56;43.65;167868.12
1642377600000;43.66;44.56;43.37;43.47;571019.43
1642381200000;43.47;43.54;42.44;42.78;372736.18
1642384800000;42.77;43.51;42.48;43.12;228523.01
1642388400000;43.12;43.69;41.79;41.86;244980.45
1642392000000;41.85;42.56;41.38;41.45;220279.96
1642395600000;41.45;41.95;41.06;41.92;216377.51
1642399200000;41.91;42.57;41.91;42.07;145897.96
1642402800000;42.05;42.6;42;42;102854.41
1642406400000;42;42.55;41.9;42.4;178908.45
1642410000000;42.39;42.97;41.66;42.05;331221.66
1642413600000;42.05;42.32;41.44;41.75;148209.75
1642417200000;41.76;41.88;41.26;41.44;125311.82
1642420800000;41.42;41.6;40.67;40.94;284983.22
1642424400000;40.93;41.35;40.85;41.17;117029.35
1642428000000;41.17;41.56;41.14;41.29;115939.46
1642431600000;41.29;41.34;40.41;40.6;188327.2
1642435200000;40.6;40.81;40.2;40.63;213125.84
1642438800000;40.62;40.74;39.62;40.02;310067.4
1642442400000;40.02;40.19;39.51;40.12;223780.38
1642446000000;40.11;40.16;39.6;39.92;136180.41
1642449600000;39.92;40.05;39.34;39.47;151853.87
1642453200000;39.48;39.49;38.33;38.77;295754.93
1642456800000;38.77;39.25;37.94;38.92;274998.97
1642460400000;38.91;39.35;38.88;39.13;184202.06
1642464000000;39.13;39.9;39.12;39.84;199849.92
1642467600000;39.85;40.08;39.34;39.46;155065.07
1642471200000;39.46;39.49;38.77;39.16;127747.64
1642474800000;39.15;39.23;38.03;38.45;196149.51
1642478400000;38.45;38.54;37.8;38.1;220907.61
1642482000000;38.1;38.58;37.95;38.17;142190.86
1642485600000;38.17;39.01;38.15;38.82;126525.08
1642489200000;38.82;38.98;38.16;38.36;138708.67
1642492800000;38.36;38.5;37.45;37.62;253833.09
1642496400000;37.64;37.95;36.96;37.83;275735.14
1642500000000;37.84;38.03;37.62;37.75;108413.75
1642503600000;37.75;37.82;37.24;37.78;159489.33
1642507200000;37.77;38.2;37.41;37.86;156166.77
1642510800000;37.85;37.93;36.81;37.36;227805.64
1642514400000;37.37;37.5;36.25;36.67;397126.22
1642518000000;36.66;37.68;36.45;37.02;261243.23
1642521600000;37;37.5;36.83;37.24;125979.45
1642525200000;37.24;37.39;36.83;37.22;272669.29
1642528800000;37.23;37.66;37.04;37.51;260031.53
1642532400000;37.51;38.41;37.41;38.03;324037.93
1642536000000;38.04;38.3;37.62;38.16;161033.68
1642539600000;38.16;39.15;37.89;38.92;391129.04
1642543200000;38.91;39.09;38.54;38.8;159784.77
1642546800000;38.8;38.81;38.22;38.24;140265.54
1642550400000;38.24;38.84;37.78;37.86;182406.93
1642554000000;37.9;38.49;37.9;38.41;87420.49
1642557600000;38.42;38.76;38.05;38.07;127808.54
1642561200000;38.08;38.1;37.04;37.15;224998.01
1642564800000;37.16;37.4;36.94;36.96;197690.64
1642568400000;36.95;37.16;36.63;37.03;150548.79
1642572000000;37.05;37.24;36.51;36.55;102513.92
1642575600000;36.57;36.66;35.52;35.85;359356.78
1642579200000;35.85;35.91;35.33;35.78;183913.16
1642582800000;35.78;36.38;35.67;36.23;233307.63
1642586400000;36.22;36.28;35.24;35.81;177725.26
1642590000000;35.8;36.75;35.77;36.53;190398.47
1642593600000;36.51;36.73;36.12;36.25;121537.72
1642597200000;36.26;37.23;36.25;36.96;241890.56
1642600800000;36.96;37.96;36.73;37.9;261003.1
1642604400000;37.91;37.93;36.72;37.21;225672.52
1642608000000;37.21;37.56;36.54;36.85;161334.63
1642611600000;36.85;37.45;36.79;37.16;138936.14
1642615200000;37.16;37.41;36.91;37.16;80346.44
1642618800000;37.15;37.55;37.09;37.35;105880.38
1642622400000;37.34;37.43;36.74;36.85;105380.97
1642626000000;36.83;37.19;36.6;36.67;86981.91
1642629600000;36.68;37;36.33;36.97;109481.37
1642633200000;36.96;37.19;36.67;37.02;93399.59
1642636800000;37.02;38.56;36.93;38.23;311636.83
1642640400000;38.24;38.72;37.73;37.99;177256.94
1642644000000;37.99;38.69;37.98;38.41;173468.15
1642647600000;38.4;38.69;38.29;38.51;91497.76
1642651200000;38.53;38.94;38.26;38.46;121482.86
1642654800000;38.45;38.79;38.44;38.57;79427.06
1642658400000;38.58;39.56;38.54;39.21;272823.52
1642662000000;39.21;39.51;38.91;39.44;242864.02
1642665600000;39.44;39.58;39.18;39.43;137665.57
1642669200000;39.44;39.44;38.8;39.32;200297.49
1642672800000;39.31;39.86;39.17;39.52;180454.21
1642676400000;39.51;39.72;39.2;39.35;169067.45
1642680000000;39.35;39.54;39;39.48;176832.14
1642683600000;39.48;39.99;39.22;39.89;243848.89
1642687200000;39.89;40.88;39.83;40.74;469489.01
1642690800000;40.74;41.5;40.74;41.31;535691.51
1642694400000;41.32;42.06;40.99;41.79;449398.35
1642698000000;41.8;42.1;41.35;41.65;275335.08
1642701600000;41.65;41.93;41.24;41.27;254339.01
1642705200000;41.27;41.77;40.83;40.89;226100.56
1642708800000;40.88;41.08;40.32;40.54;265193.19
1642712400000;40.55;40.61;38.34;38.37;491549.14
1642716000000;38.37;39.72;37.77;39.39;787718.07
1642719600000;39.39;39.99;38.49;38.98;738244.56
1642723200000;38.98;41.14;38.16;40.43;852026
1642726800000;40.4;40.49;38.5;38.68;699696.87
1642730400000;38.68;40.47;38.56;39.18;869194.39
1642734000000;39.19;39.48;37.51;38.2;1089299.85
1642737600000;38.21;39.34;38.14;38.49;494364.76
1642741200000;38.49;38.5;36.77;37.28;694651.95
1642744800000;37.28;37.34;36.26;36.45;444156.04
1642748400000;36.45;37.32;36.33;37.17;445977.98
1642752000000;37.15;37.87;37.07;37.53;379647.01
1642755600000;37.53;37.59;36.83;36.98;210549.12
1642759200000;36.99;37.58;36.76;37.17;243966.29
1642762800000;37.17;37.26;36.39;36.9;265990.06
1642766400000;36.9;36.97;35.29;35.9;780645.51
1642770000000;35.9;36.46;35.56;35.99;384332.96
1642773600000;36;36.73;35.61;36.09;313780.63
1642777200000;36.07;37.82;35.69;37.55;547304.4
1642780800000;37.55;37.96;36.54;36.8;465068.14
1642784400000;36.8;37.03;36.27;36.58;224759.86
1642788000000;36.55;36.98;36.05;36.2;242814.81
1642791600000;36.2;36.92;35.85;35.92;226929.59
1642795200000;35.93;36.29;34.71;35.08;602357.24
1642798800000;35.09;35.38;32.1;33.52;1033948.11
1642802400000;33.53;34;32.39;33.29;772563.4
1642806000000;33.27;35;33.03;34.61;552274.24
1642809600000;34.6;35.08;33.64;34.41;394168.76
1642813200000;34.4;34.57;33.91;34.32;179030.01
1642816800000;34.31;34.4;33.73;33.99;190660.65
1642820400000;33.99;34.75;33.8;34.39;270994.41
1642824000000;34.38;34.51;33.42;33.68;160668.22
1642827600000;33.68;33.79;31.5;31.94;469706.89
1642831200000;31.95;32.28;30.68;31.41;722221.83
1642834800000;31.4;31.6;29.17;29.33;752934.55
1642838400000;29.33;30.42;29.32;29.84;361939.38
1642842000000;29.84;30.17;28.23;28.6;623217.77
1642845600000;28.57;30.44;27.31;29.95;1369518.59
1642849200000;29.94;30.27;28.95;29.67;452665.79
1642852800000;29.68;31.68;29.5;31.6;520206.56
1642856400000;31.61;32.12;30.73;30.73;537403.7
1642860000000;30.77;30.85;29.63;29.7;336422.62
1642863600000;29.71;30.06;28.88;28.9;392369.94
1642867200000;28.92;30.68;28.45;29.57;539306.59
1642870800000;29.54;30;28.89;29.18;270546.1
1642874400000;29.16;29.23;28.07;28.2;369980.91
1642878000000;28.2;28.7;27.67;28.13;237862.11
1642881600000;28.13;29.96;27.92;29.58;439923.45
1642885200000;29.56;30.27;29.23;29.9;171571.92
1642888800000;29.91;29.93;28.65;28.77;176828.13
1642892400000;28.77;29.45;28.59;29.24;132651.62
1642896000000;29.28;30.85;29.1;30.84;317170.06
1642899600000;30.84;31.38;30.32;30.88;223459.77
1642903200000;30.89;31.01;29.47;29.66;405865.3
1642906800000;29.64;30.11;29.2;29.98;193421.08
1642910400000;29.98;30.56;29.77;30.24;213594.33
1642914000000;30.24;31.5;29.88;31.16;330505.56
1642917600000;31.15;31.73;30.91;31.22;432262.38
1642921200000;31.22;32.46;31.08;32.29;385002.61
1642924800000;32.3;33.96;32.21;33.94;937711.31
1642928400000;33.94;34.25;33.36;33.46;612072.55
1642932000000;33.48;34.02;33.02;33.62;376835.34
1642935600000;33.63;33.63;32.64;32.94;259807.84
1642939200000;32.93;33.19;31.79;33.03;387939.24
1642942800000;33.03;33.48;32.72;33.24;166773.78
1642946400000;33.25;33.45;31.27;32.03;725243.77
1642950000000;32.03;32.68;31.82;32.5;324172.49
1642953600000;32.51;32.84;31.98;32.3;225806.86
1642957200000;32.29;33.78;32.15;33.67;321825.81
1642960800000;33.67;34;32.12;32.37;426362.1
1642964400000;32.38;32.61;31.4;31.62;396533.03
1642968000000;31.62;32.37;31.29;32.24;395471.44
1642971600000;32.25;32.97;31.82;32.76;210830.55
1642975200000;32.76;33.05;32.39;32.49;186975.86
1642978800000;32.48;34.78;32.31;34.61;737010.58
1642982400000;34.6;35.16;33.74;34.01;834674.56
1642986000000;34.01;34.42;33.28;33.52;570759.3
1642989600000;33.52;33.62;33.03;33.28;245775.72
1642993200000;33.29;34.19;33.2;33.69;262560.34
1642996800000;33.71;34.01;32.75;32.81;305017.71
1643000400000;32.81;33;32.31;32.99;281812.38
1643004000000;32.98;33.43;32.57;32.72;186633.15
1643007600000;32.72;32.73;31.48;31.78;354351.06
1643011200000;31.79;32.6;31.27;31.58;495542.98
1643014800000;31.57;31.79;30.57;30.91;675755.13
1643018400000;30.91;31.02;29.81;29.98;1308072.97
1643022000000;30;31.7;29.85;30.89;868907.67
1643025600000;30.91;31.08;29.88;30.42;510358.8
1643029200000;30.43;31.35;30.11;30.82;738065.06
1643032800000;30.84;33;30.25;32.05;1265391.96
1643036400000;32.05;34.74;31.31;34.31;1273091.74
1643040000000;34.32;34.75;32.83;33.97;1060397.18
1643043600000;33.98;35.9;33.06;35.51;1224766.28
1643047200000;35.5;36.51;34.96;35.42;975421.2
1643050800000;35.42;35.69;34.54;35.21;550341.17
1643054400000;35.21;37.05;35;36.6;742593.33
1643058000000;36.61;36.62;35.02;35.35;677878.1
1643061600000;35.35;36;35;35.37;292099.4
1643065200000;35.36;36.1;35.08;36.02;348011.46
1643068800000;36.03;36.74;35.17;35.18;572825.75
1643072400000;35.18;35.61;34.76;35.54;323953.92
1643076000000;35.56;36.3;35.43;36.14;238071.5
1643079600000;36.16;37.19;35.58;36.82;550557.96
1643083200000;36.82;36.96;35.7;35.8;275633.06
1643086800000;35.8;36.27;35.5;35.88;175748.68
1643090400000;35.91;36.02;34.94;34.97;345240.74
1643094000000;34.96;35.59;34.88;35.43;295727.94
1643097600000;35.41;36.76;35.32;36;476152.04
1643101200000;36.01;36.82;35.87;36.23;405562.13
1643104800000;36.24;36.7;35.75;36.11;334453.35
1643108400000;36.1;36.29;35.45;35.83;316770.99
1643112000000;35.83;35.95;35.19;35.39;326741.75
1643115600000;35.4;35.71;35.04;35.61;234148.91
1643119200000;35.61;37;35.14;35.21;839376.9
1643122800000;35.22;36.1;34.76;35.59;414141.1
1643126400000;35.59;37;35.56;36.5;487673.05
1643130000000;36.5;37.17;36.24;36.41;574461.94
1643133600000;36.43;36.88;35.99;36.86;254508.6
1643137200000;36.86;36.99;35.4;35.63;358499.14
1643140800000;35.63;35.88;35.2;35.6;267322.29
1643144400000;35.61;35.71;35.1;35.42;240348.35
1643148000000;35.42;35.66;35.08;35.5;134577.28
1643151600000;35.51;36.08;35.33;35.87;135723
1643155200000;35.88;35.97;34.09;34.42;442204.53
1643158800000;34.42;34.49;33.72;34.18;268288.78
1643162400000;34.19;34.39;33.92;34.1;149362.25
1643166000000;34.12;34.96;34.09;34.72;239675.89
1643169600000;34.71;35.32;34.42;35.26;166448.49
1643173200000;35.26;35.44;34.93;35.06;137692.11
1643176800000;35.06;35.11;34.52;34.72;186103.29
1643180400000;34.73;34.8;34.1;34.47;261358.22
1643184000000;34.46;34.94;34.44;34.77;147590.25
1643187600000;34.77;35.22;34.46;34.51;211952.52
1643191200000;34.51;35.02;34.38;34.91;121759.11
1643194800000;34.91;35.06;34.58;34.9;192756.88
1643198400000;34.91;34.93;34.15;34.42;216101.49
1643202000000;34.42;34.97;34.29;34.77;294714
1643205600000;34.76;35.66;34.26;34.86;1000556.28
1643209200000;34.86;35.25;33.94;34.15;592845.65
1643212800000;34.17;34.51;33.91;34.16;489621.09
1643216400000;34.17;34.78;34.17;34.3;285169.07
1643220000000;34.3;34.33;33.16;33.85;594040.55
1643223600000;33.86;36.39;33.64;33.72;2043493.75
1643227200000;33.73;33.73;31.91;32.89;1334887.23
1643230800000;32.89;33.11;31.34;31.51;630079.27
1643234400000;31.5;32.13;31.25;32.07;368114.58
1643238000000;32.07;32.63;31.9;32.36;293210.87
1643241600000;32.37;32.94;32.01;32.82;292382.48
1643245200000;32.79;32.82;31.38;31.56;341874.46
1643248800000;31.55;31.75;30.58;30.85;695434
1643252400000;30.85;31.15;30;30.24;505275.31
1643256000000;30.24;30.54;29.95;30.39;368412.85
1643259600000;30.39;30.66;30.2;30.52;161724.52
1643263200000;30.51;30.82;30.15;30.72;188449.2
1643266800000;30.73;31.06;30.5;30.88;187071.7
1643270400000;30.89;31.3;30.3;31.17;202678.03
1643274000000;31.16;31.6;30.98;31.34;291684.68
1643277600000;31.33;31.62;30.9;31.09;205059.62
1643281200000;31.1;31.65;31.09;31.54;152605.62
1643284800000;31.54;31.78;31.3;31.49;160565.1
1643288400000;31.49;32.13;31.44;32.03;304037.72
1643292000000;32.02;32.78;31.92;32.01;350044.28
1643295600000;32.01;32.28;31.2;31.4;233951.87
1643299200000;31.41;31.55;30.91;31.2;203347.57
1643302800000;31.2;31.26;30.49;30.81;252523.74
1643306400000;30.8;31.07;30.44;30.95;157399.36
1643310000000;30.95;31.12;29.95;30.1;260657.09
1643313600000;30.1;30.51;29.24;29.27;363884.26
1643317200000;29.28;29.56;28.95;29.22;421663.91
1643320800000;29.22;29.81;28.57;29.51;510821.74
1643324400000;29.51;30.25;29.5;30.06;280016.05
1643328000000;30.08;30.35;29.28;29.74;310815.3
1643331600000;29.74;30.2;29.09;29.3;213224.43
1643335200000;29.3;29.41;28.94;29.2;340578.93
1643338800000;29.21;29.76;29.14;29.48;198685.17
1643342400000;29.49;29.59;28.99;29.21;226035.85
1643346000000;29.2;29.52;29;29.33;130475.78
1643349600000;29.33;29.91;29.13;29.16;178380.91
1643353200000;29.15;29.57;29.05;29.11;113401.32
1643356800000;29.1;29.26;28.59;28.87;225417.67
1643360400000;28.87;29.19;28.69;28.78;157635.4
1643364000000;28.77;28.89;28.33;28.56;233871.4
1643367600000;28.56;28.65;27.88;28.41;405272.42
1643371200000;28.4;28.6;27.71;28;262435.29
1643374800000;28;28.85;27.86;28.8;282734.1
1643378400000;28.8;29.08;28.35;28.55;304971
1643382000000;28.54;29.31;28.33;29.14;211825.63
1643385600000;29.15;29.44;28.87;28.94;217936.44
1643389200000;28.95;29.05;28.17;28.21;176681.31
1643392800000;28.21;28.61;28.13;28.52;196894.92
1643396400000;28.54;28.62;27.79;28.3;251931.17
1643400000000;28.31;29.55;28.21;29.43;331880.05
1643403600000;29.42;29.87;29.38;29.44;274927.02
1643407200000;29.45;29.5;28.91;29.02;146445.26
1643410800000;29.01;29.68;28.99;29.47;90864.4
1643414400000;29.47;30.23;29.18;29.76;322093.88
1643418000000;29.76;29.86;29.04;29.12;161793.82
1643421600000;29.13;29.34;28.95;29.17;78986.7
1643425200000;29.18;29.59;29.12;29.5;72506.9
1643428800000;29.5;29.61;29.35;29.5;62855.56
1643432400000;29.5;29.53;29.27;29.32;90927.82
1643436000000;29.33;29.7;29.21;29.66;100850.87
1643439600000;29.65;29.96;29.59;29.89;125800.1
1643443200000;29.88;30.22;29.83;29.89;213195.04
1643446800000;29.89;29.95;29.43;29.81;125043.47
1643450400000;29.81;29.93;29.54;29.7;62670.94
1643454000000;29.7;29.79;29.45;29.63;70002.68
1643457600000;29.62;29.89;29.48;29.82;85137.8
1643461200000;29.82;30.13;29.6;30.03;210373.22
1643464800000;30.04;30.08;28.98;29.06;270514.97
1643468400000;29.06;29.12;28.29;28.66;370607.13
1643472000000;28.65;28.79;28.34;28.78;184730.57
1643475600000;28.79;28.99;28.52;28.75;205454.13
1643479200000;28.76;28.91;28.48;28.76;116627.83
1643482800000;28.75;29.02;28.71;28.87;97019.02
1643486400000;28.88;29.37;28.74;29.1;222278.93
1643490000000;29.1;29.32;28.87;28.89;136395.41
1643493600000;28.89;29.09;28.75;28.92;65666.52
1643497200000;28.91;29.1;28.66;29.08;139652.78
1643500800000;29.08;29.19;28.38;28.5;199415.51
1643504400000;28.49;28.8;28.48;28.66;62931.69
1643508000000;28.66;28.71;28.41;28.55;101882.93
1643511600000;28.55;28.64;28.43;28.56;56121.44
1643515200000;28.57;28.85;28.49;28.79;54315.57
1643518800000;28.79;28.9;28.64;28.65;75860.68
1643522400000;28.66;28.71;28.53;28.64;82335.7
1643526000000;28.67;28.84;28.6;28.75;95785.98
1643529600000;28.75;28.8;28.12;28.26;173459.95
1643533200000;28.26;28.39;28.06;28.1;233988.7
1643536800000;28.09;28.44;28.01;28.43;130240.93
1643540400000;28.43;28.45;28.21;28.39;91034.9
1643544000000;28.38;28.38;27.78;27.99;453174.6
1643547600000;27.98;28.15;27.89;28.11;94020.64
1643551200000;28.11;28.14;27.41;27.76;184695.12
1643554800000;27.75;27.98;27.64;27.86;98523.7
1643558400000;27.87;28.09;27.64;27.73;75532.52
1643562000000;27.74;27.94;27.54;27.92;70561.6
1643565600000;27.92;28.2;27.77;27.82;82353.92
1643569200000;27.83;27.83;26.64;26.72;428016.45
1643572800000;26.71;26.98;26.44;26.75;219274.91
1643576400000;26.74;26.92;26.37;26.68;169365.83
1643580000000;26.69;27.1;26.61;26.97;86104.26
1643583600000;26.96;27.5;26.96;27.19;160589.7
1643587200000;27.18;27.3;26.05;26.06;289667.32
1643590800000;26.07;26.33;26.02;26.06;130164.93
1643594400000;26.06;26.28;25.61;26.18;224979.2
1643598000000;26.18;26.23;25.96;26.01;98229.27
1643601600000;26.01;26.02;25.5;25.78;142884.55
1643605200000;25.8;25.99;25.69;25.94;107995.01
1643608800000;25.93;26;25.71;25.73;75557.02
1643612400000;25.71;26.07;25.69;25.99;70035.7
1643616000000;26;26.29;25.94;26.07;99004.68
1643619600000;26.08;26.33;25.94;26.29;73738.44
1643623200000;26.29;26.41;26.09;26.38;101376.14
1643626800000;26.38;26.41;25.87;26.29;90287.18
1643630400000;26.28;26.44;25.9;26.34;119405.51
1643634000000;26.34;27.13;26.07;26.93;224768.01
1643637600000;26.93;27.87;26.7;27.85;253737.94
1643641200000;27.86;28.23;27.63;27.96;391349.9
1643644800000;27.95;28.95;27.9;28.84;402080.63
1643648400000;28.84;28.9;28.23;28.24;274477.91
1643652000000;28.24;28.37;27.82;27.94;230687.67
1643655600000;27.95;28.28;27.83;28.07;167770.78
1643659200000;28.06;28.15;27.61;27.91;118990.25
1643662800000;27.91;28.71;27.83;28.21;206130.22
1643666400000;28.2;28.38;28.03;28.11;105320.82
1643670000000;28.11;28.16;27.85;28.05;63958.94
1643673600000;28.06;28.9;27.78;28.76;214335.57
1643677200000;28.76;28.8;28.33;28.47;107879.04
1643680800000;28.47;28.76;28.27;28.55;79379.07
1643684400000;28.54;29.45;28.46;29.43;301189.54
1643688000000;29.43;29.84;29.38;29.55;271282.94
1643691600000;29.53;29.67;29.31;29.32;109700.99
1643695200000;29.32;29.42;29.06;29.14;167519.98
1643698800000;29.14;29.37;29.12;29.25;71355.58
1643702400000;29.25;29.64;29.09;29.55;180933.17
1643706000000;29.56;29.84;28.84;28.96;557100.12
1643709600000;28.95;29.24;28.61;29.16;220435.57
1643713200000;29.15;29.44;28.97;29.1;108570.32
1643716800000;29.09;29.18;28.88;29;144875.62
1643720400000;29;29.24;28.78;28.97;150584.42
1643724000000;28.96;29.2;28.29;28.68;275883.39
1643727600000;28.68;29.01;28.41;28.87;189943.1
1643731200000;28.88;29.2;28.6;29.07;215360.15
1643734800000;29.07;29.09;28.56;28.97;141830.2
1643738400000;28.98;29.03;28.63;28.72;65774.73
1643742000000;28.72;28.89;28.57;28.7;151759.62
1643745600000;28.68;29.07;28.68;28.75;62248.8
1643749200000;28.76;29.22;28.75;29.2;85943.26
1643752800000;29.21;29.25;28.81;29.12;57380.95
1643756400000;29.13;29.22;28.83;28.84;57924.77
1643760000000;28.84;29;28.4;28.56;142755.55
1643763600000;28.56;28.74;28.44;28.67;70455.47
1643767200000;28.66;28.68;28.49;28.54;53574.05
1643770800000;28.54;28.78;28.23;28.3;109095.11
1643774400000;28.3;28.44;28.16;28.33;54191.78
1643778000000;28.33;28.46;28.23;28.31;54979.6
1643781600000;28.31;28.45;28.01;28.11;78353.19
1643785200000;28.12;28.26;27.92;28.09;83900.33
1643788800000;28.12;28.33;27.97;28.24;86269.29
1643792400000;28.24;28.37;28.15;28.35;54391.27
1643796000000;28.37;28.5;28.15;28.44;91705.05
1643799600000;28.44;28.6;28.31;28.56;71677.14
1643803200000;28.55;28.87;28.47;28.77;155006.61
1643806800000;28.76;28.86;28.42;28.45;84189.22
1643810400000;28.45;28.54;27.12;27.36;419443.98
1643814000000;27.36;27.53;27.13;27.24;212589.1
1643817600000;27.24;27.48;26.7;27.46;280184.31
1643821200000;27.46;27.65;27.31;27.57;103498.82
1643824800000;27.56;27.6;27.35;27.55;75095.47
1643828400000;27.53;27.78;27.5;27.61;77959.14
1643832000000;27.61;27.64;27.19;27.47;76102.33
1643835600000;27.46;27.53;26.1;26.51;548249
1643839200000;26.49;26.64;26.24;26.43;140470.17
1643842800000;26.42;26.65;26.18;26.31;122209.68
1643846400000;26.33;26.45;25.98;26.08;133101.59
1643850000000;26.07;26.2;25.62;25.73;134274.23
1643853600000;25.73;26.06;25.58;26.03;92780.03
1643857200000;26.03;26.04;25.74;25.88;44462.77
1643860800000;25.86;26.18;25.82;26.09;116519.31
1643864400000;26.08;26.52;26.03;26.46;90551.22
1643868000000;26.46;26.59;26.24;26.58;85485.15
1643871600000;26.57;26.86;26.54;26.68;85747.31
1643875200000;26.67;26.87;26.49;26.68;64348.11
1643878800000;26.67;26.7;26.08;26.12;119155
1643882400000;26.13;26.17;25.75;26;238910.81
1643886000000;26;26.55;25.91;26.49;101769.18
1643889600000;26.49;26.68;26.03;26.63;140182.79
1643893200000;26.64;26.82;26.35;26.61;157447.62
1643896800000;26.59;26.97;26.48;26.86;162261.68
1643900400000;26.85;28.89;26.8;28.76;901318.49
1643904000000;28.75;28.8;28.07;28.07;320211.48
1643907600000;28.07;28.58;27.9;28.52;195335.38
1643911200000;28.52;28.87;28.29;28.79;260829.61
1643914800000;28.79;29.16;28.24;28.53;248599.48
1643918400000;28.53;28.99;28.35;28.99;173950
1643922000000;28.98;29.69;28.97;29.42;548608.41
1643925600000;29.42;29.75;29.19;29.32;186242.38
1643929200000;29.31;29.7;29.07;29.67;182384.94
1643932800000;29.67;29.97;29.24;29.66;211423.06
1643936400000;29.67;29.68;29.21;29.23;200067
1643940000000;29.23;29.56;29.16;29.34;108332.68
1643943600000;29.32;29.34;29.05;29.23;98839.07
1643947200000;29.23;29.32;28.82;28.96;187871.49
1643950800000;28.97;29.46;28.83;29.16;204506.26
1643954400000;29.17;29.46;29.16;29.4;159045.31
1643958000000;29.41;29.6;29.08;29.14;135919.32
1643961600000;29.14;29.54;29.09;29.29;156221.24
1643965200000;29.3;29.47;29.14;29.41;126546.45
1643968800000;29.42;29.56;28.99;29.11;198807.5
1643972400000;29.11;29.18;28.84;28.86;103081.43
1643976000000;28.85;29.42;28.65;29.38;295262.16
1643979600000;29.38;29.44;28.45;28.6;494456.24
1643983200000;28.6;29.29;28.55;29.07;367550.5
1643986800000;29.08;31.8;29.05;30.38;1337937.24
1643990400000;30.38;31.23;30.31;31.04;576106.3
1643994000000;31.04;31.08;30.74;30.91;254196.66
1643997600000;30.91;31;30.67;30.87;130372.58
1644001200000;30.87;31.42;30.76;31.13;191768.97
1644004800000;31.12;31.24;30.92;30.95;145076.85
1644008400000;30.95;31.07;30.74;30.83;124469.8
1644012000000;30.83;30.93;30.53;30.72;88583.08
1644015600000;30.71;31.2;30.65;31.1;150690.98
1644019200000;31.09;31.87;30.75;31.12;347860.92
1644022800000;31.13;31.15;30.73;30.86;118963.18
1644026400000;30.85;31.46;30.85;31.3;106661.65
1644030000000;31.28;31.57;31.28;31.44;103418.26
1644033600000;31.43;32.1;31.4;31.82;287555.99
1644037200000;31.83;32.16;31.65;31.9;138614.77
1644040800000;31.89;32.29;31.56;31.62;221422.88
1644044400000;31.62;31.65;31.16;31.2;132880.75
1644048000000;31.2;31.65;31.2;31.41;147226.49
1644051600000;31.4;31.6;31.01;31.45;128110.03
1644055200000;31.43;31.53;31.21;31.33;69573.52
1644058800000;31.32;31.44;31.18;31.29;76528.47
1644062400000;31.29;31.45;31.11;31.29;93296.22
1644066000000;31.29;31.42;30.32;31.23;225870.93
1644069600000;31.23;31.37;30.89;31.12;179238
1644073200000;31.11;31.41;30.77;31.31;204068.71
1644076800000;31.3;31.39;30.22;30.33;247571.9
1644080400000;30.33;30.89;29.91;30.68;363556.38
1644084000000;30.67;30.78;30.38;30.49;101557.14
1644087600000;30.49;30.52;30.3;30.39;59598.68
1644091200000;30.39;30.7;30.21;30.66;86724.69
1644094800000;30.66;30.86;30.55;30.8;73625.1
1644098400000;30.8;31.05;30.75;31;62106.73
1644102000000;31;31.05;30.67;30.73;74222.82
1644105600000;30.73;31.06;30.68;30.96;97953.56
1644109200000;30.97;31.65;30.96;31.52;176718.81
1644112800000;31.51;31.55;30.85;30.92;130403.61
1644116400000;30.92;31.11;30.78;30.99;77339.21
1644120000000;30.99;31.33;30.65;31.24;155504.74
1644123600000;31.23;31.96;31.22;31.66;148521.69
1644127200000;31.67;31.77;31.18;31.45;128813.11
1644130800000;31.44;31.75;31.34;31.7;108727.47
1644134400000;31.69;31.96;31.45;31.5;161239.21
1644138000000;31.49;31.63;31.34;31.42;99058.28
1644141600000;31.44;31.5;31.06;31.13;122515.12
1644145200000;31.14;31.36;30.91;31.06;91928.44
1644148800000;31.06;31.26;30.71;30.96;122656.22
1644152400000;30.95;31.14;30.81;31.09;132041.76
1644156000000;31.09;31.37;30.25;30.38;273504.33
1644159600000;30.38;30.59;30.09;30.49;343833.56
1644163200000;30.49;30.59;30.3;30.46;103713.97
1644166800000;30.46;30.79;30.42;30.74;91058.29
1644170400000;30.73;30.73;30.27;30.35;68308.75
1644174000000;30.35;30.61;30.3;30.52;52524.5
1644177600000;30.51;30.64;30.29;30.48;39161.19
1644181200000;30.48;30.56;30.35;30.4;46164.03
1644184800000;30.4;30.51;30.28;30.32;26834.15
1644188400000;30.33;31.43;30.28;31.26;244786.45
1644192000000;31.27;31.4;30.48;30.77;164370.06
1644195600000;30.76;31.05;30.68;30.93;103062.15
1644199200000;30.92;31.68;30.92;31.2;187992.36
1644202800000;31.2;32.06;31.19;31.91;308109.2
1644206400000;31.9;32.05;31.66;31.85;144537.51
1644210000000;31.86;32.57;31.79;32.33;305428.34
1644213600000;32.33;33;32.29;32.68;218625.27
1644217200000;32.67;32.85;32.28;32.43;134392.49
1644220800000;32.44;32.75;32.15;32.22;167029.07
1644224400000;32.22;32.32;31.69;32.05;145974.36
1644228000000;32.05;32.39;32.03;32.06;91852.53
1644231600000;32.07;32.45;32.07;32.3;88497.01
1644235200000;32.31;32.35;31.76;31.98;174615.67
1644238800000;31.98;32.33;31.97;32.09;107173.48
1644242400000;32.1;32.67;31.85;32.66;238774.56
1644246000000;32.65;32.76;31.98;32.71;271800.55
1644249600000;32.7;32.89;32.16;32.45;259600.49
1644253200000;32.44;33.19;32.31;32.82;318522.8
1644256800000;32.82;32.88;31.81;32.11;309487.76
1644260400000;32.1;32.36;31.98;32.05;227194.56
1644264000000;32.04;32.16;31.4;31.64;239098.75
1644267600000;31.65;31.73;31.19;31.62;187156.66
1644271200000;31.62;32.12;31.53;31.95;96376.61
1644274800000;31.94;31.98;31.55;31.63;115337.89
1644278400000;31.64;31.81;30.92;31.34;200957.23
1644282000000;31.33;32.05;31.21;32.01;112854.85
1644285600000;32;32.18;31.72;31.83;129154.96
1644289200000;31.83;32.06;31.76;32.01;95086.86
1644292800000;32.03;32.3;31.85;32.05;135258.01
1644296400000;32.05;32.35;31.95;32.32;168020.76
1644300000000;32.33;32.65;31.43;31.92;373235.9
1644303600000;31.92;32.2;31.44;31.89;165205.95
1644307200000;31.89;32.04;30.91;30.93;286997.27
1644310800000;30.92;31.13;30.36;30.65;394623.37
1644314400000;30.66;30.8;30.33;30.68;183869.57
1644318000000;30.68;30.9;30.58;30.82;112941.65
1644321600000;30.82;30.82;30.14;30.5;219394.89
1644325200000;30.5;30.71;30.14;30.65;123128.95
1644328800000;30.66;30.76;30.35;30.51;129901.13
1644332400000;30.5;30.51;29.91;30.32;240421.22
1644336000000;30.33;30.52;29.95;30.11;154402.35
1644339600000;30.11;30.31;29.73;30.08;219196.59
1644343200000;30.09;30.35;29.97;30.09;85167.37
1644346800000;30.08;30.19;29.77;29.94;92022.42
1644350400000;29.93;30.55;29.79;30.53;157765.94
1644354000000;30.53;30.64;30.27;30.49;139916.36
1644357600000;30.48;30.58;30.14;30.48;56218.25
1644361200000;30.48;30.62;30.36;30.39;63103.71
1644364800000;30.39;30.67;30.16;30.49;106878.22
1644368400000;30.48;30.61;30.01;30.08;99340.21
1644372000000;30.09;30.18;29.53;29.85;206230.77
1644375600000;29.83;29.99;29.64;29.82;56955.17
1644379200000;29.82;30.15;29.76;29.98;81999.04
1644382800000;29.97;30.12;29.61;30.05;79667.63
1644386400000;30.03;30.27;29.94;30.24;61100.92
1644390000000;30.24;30.42;29.96;30.36;72145.42
1644393600000;30.35;30.42;29.88;30.08;200458.34
1644397200000;30.07;30.6;30.07;30.32;113515.04
1644400800000;30.31;31.19;30.3;31.09;235893.69
1644404400000;31.1;31.19;30.88;31.07;123645.47
1644408000000;31.06;31.4;30.94;31.14;149084.4
1644411600000;31.14;31.47;31.01;31.12;140870.35
1644415200000;31.13;31.4;30.9;31.25;100520.13
1644418800000;31.25;31.36;31.03;31.08;80502.03
1644422400000;31.09;31.36;30.93;31.31;71273.05
1644426000000;31.31;31.37;30.77;30.91;185444.77
1644429600000;30.91;31.03;30.78;31.01;63787.16
1644433200000;31.01;31.09;30.8;30.95;111734.87
1644436800000;30.96;31.14;30.85;31.06;82087.94
1644440400000;31.07;31.08;30.72;30.82;95510.08
1644444000000;30.8;31.05;30.75;31.01;40946.26
1644447600000;31.02;31.02;30.77;30.93;42606.72
1644451200000;30.91;30.94;30.4;30.43;79166.42
1644454800000;30.44;30.53;30.16;30.4;60120
1644458400000;30.4;30.55;30.12;30.15;110625.34
1644462000000;30.14;30.35;30.05;30.26;125149.22
1644465600000;30.26;30.36;30.11;30.26;54178.99
1644469200000;30.26;30.28;30.1;30.17;53736.09
1644472800000;30.18;30.35;30.1;30.23;69990.81
1644476400000;30.22;30.46;30.2;30.46;41200.96
1644480000000;30.47;30.5;30.27;30.31;49323.6
1644483600000;30.32;30.56;30.18;30.52;89719.23
1644487200000;30.53;30.76;30.43;30.67;124224.6
1644490800000;30.67;30.86;30.49;30.62;138862.51
1644494400000;30.63;30.73;30.26;30.47;114082.07
1644498000000;30.48;30.72;29.05;29.16;637253.36
1644501600000;29.16;29.72;28.69;29.69;427451.16
1644505200000;29.69;30.69;29.55;30.45;551952.52
1644508800000;30.45;30.46;29.94;30.38;259910.79
1644512400000;30.38;31.3;30.34;30.86;334272.83
1644516000000;30.84;30.89;30.11;30.27;161822.11
1644519600000;30.28;30.3;29.27;29.29;177805.24
1644523200000;29.29;29.75;29.08;29.61;167820.55
1644526800000;29.61;29.7;29.29;29.45;106664.68
1644530400000;29.45;29.65;29.25;29.57;37852.5
1644534000000;29.56;29.6;28.88;29.08;91588.89
1644537600000;29.1;29.13;28.1;28.46;249392.47
1644541200000;28.45;28.82;28.31;28.53;130323.99
1644544800000;28.53;28.72;28.28;28.65;47336.2
1644548400000;28.65;28.88;28.61;28.74;65931.04
1644552000000;28.73;28.97;28.66;28.88;66167.5
1644555600000;28.88;28.89;28.65;28.67;69855.44
1644559200000;28.66;29.13;28.66;28.99;86420.78
1644562800000;29;29.15;28.97;29.13;46028.62
1644566400000;29.13;29.23;28.63;28.65;73430.67
1644570000000;28.66;28.99;28.54;28.99;189817.4
1644573600000;28.98;29.06;28.84;28.9;52358.5
1644577200000;28.9;28.94;28.7;28.76;41321.36
1644580800000;28.75;29.04;28.68;28.93;48757.24
1644584400000;28.95;29.28;28.88;29.24;92531.56
1644588000000;29.24;29.35;28.92;29.05;136408.79
1644591600000;29.05;29.19;28.93;29.12;50666.56
1644595200000;29.1;29.21;28.76;28.96;66014.21
1644598800000;28.97;29.08;28.6;28.68;48018.17
1644602400000;28.65;28.94;28.15;28.18;199493.43
1644606000000;28.18;28.28;27.64;27.72;381850.08
1644609600000;27.7;27.84;27.09;27.35;252285.66
1644613200000;27.36;27.63;27.29;27.56;73020.59
1644616800000;27.56;27.66;26.45;26.47;240652.73
1644620400000;26.46;26.71;26.17;26.57;138834.15
1644624000000;26.57;26.59;26.13;26.24;134426.62
1644627600000;26.23;26.46;26.14;26.45;88382.48
1644631200000;26.45;26.65;26.33;26.64;90382.64
1644634800000;26.64;26.69;26.28;26.47;73095.01
1644638400000;26.47;26.95;26.45;26.74;68678.44
1644642000000;26.75;26.81;26.5;26.56;51684.05
1644645600000;26.56;26.76;26;26.61;173375.59
1644649200000;26.6;27.8;26.59;27.58;359706.19
1644652800000;27.58;28.09;27.57;27.81;235578.47
1644656400000;27.79;27.83;27.55;27.69;103880.38
1644660000000;27.69;27.9;27.47;27.69;92171.51
1644663600000;27.69;28.19;27.09;27.9;223394.7
1644667200000;27.9;27.97;27.43;27.63;88745.48
1644670800000;27.64;27.81;27.33;27.34;76799.14
1644674400000;27.35;27.68;27.08;27.56;147714.39
1644678000000;27.56;27.64;27.18;27.4;80775.79
1644681600000;27.39;28.09;27.29;27.94;170579.46
1644685200000;27.95;27.96;27.68;27.83;59921.82
1644688800000;27.83;28.35;27.65;27.76;151891.99
1644692400000;27.75;27.84;27.35;27.44;53433.84
1644696000000;27.44;27.74;27.32;27.62;53041.49
1644699600000;27.62;27.62;26.63;26.81;150521.15
1644703200000;26.8;27.26;26.74;27.01;112104.51
1644706800000;27.01;27.13;26.78;27.05;54715.07
1644710400000;27.06;27.49;26.92;27.33;103048.69
1644714000000;27.32;27.34;26.85;26.89;64627.47
1644717600000;26.89;27.27;26.85;27.14;45351.04
1644721200000;27.14;27.15;26.93;27.04;31834.45
1644724800000;27.04;27.15;26.81;26.9;61417.11
1644728400000;26.9;27.13;26.84;27.1;51151.04
1644732000000;27.09;27.25;26.96;27.23;47537.24
1644735600000;27.23;27.23;27.03;27.17;47926.51
1644739200000;27.16;27.28;27.12;27.27;50839.22
1644742800000;27.28;27.28;27.05;27.12;29493.51
1644746400000;27.12;27.32;27.03;27.26;51656.28
1644750000000;27.27;27.3;27.17;27.27;37334.49
1644753600000;27.27;27.63;27.19;27.37;60159.42
1644757200000;27.37;27.5;27.31;27.36;35405.85
1644760800000;27.36;27.44;27.02;27.12;134413.31
1644764400000;27.11;27.2;26.97;26.98;117397.46
1644768000000;26.99;27.01;26.68;26.93;112068.12
1644771600000;26.93;26.93;26.5;26.6;79121.95
1644775200000;26.6;26.76;26.17;26.24;153726.13
1644778800000;26.23;26.43;25.9;26.09;151614
1644782400000;26.1;26.47;25.97;26.41;91503.18
1644786000000;26.41;26.53;26.28;26.34;52354.77
1644789600000;26.34;26.6;26.34;26.52;31611.4
1644793200000;26.53;26.58;26.17;26.18;80287.99
1644796800000;26.19;26.42;26;26.37;90729.64
1644800400000;26.36;26.41;25.67;25.8;151268.51
1644804000000;25.79;26;25.36;25.53;178149.95
1644807600000;25.53;25.9;25.43;25.87;85340.56
1644811200000;25.87;25.96;25.78;25.95;38896.3
1644814800000;25.95;26.04;25.69;25.71;52919.86
1644818400000;25.71;26.12;25.59;26.1;65096.8
1644822000000;26.09;26.22;25.97;26.18;72161.31
1644825600000;26.18;26.36;26;26.01;77201.95
1644829200000;26.01;26.23;26;26.1;61751.17
1644832800000;26.1;26.21;25.88;26.15;57649
1644836400000;26.15;26.23;26.04;26.07;42647.2
1644840000000;26.07;26.31;25.76;26.31;105587.2
1644843600000;26.31;26.64;26.31;26.55;136931.65
1644847200000;26.56;26.92;26.55;26.68;132102.83
1644850800000;26.68;26.87;26.54;26.7;88418.24
1644854400000;26.7;27.27;26.69;26.89;120827.6
1644858000000;26.88;27.2;26.85;27.19;87259.93
1644861600000;27.19;27.3;26.64;26.7;146901.21
1644865200000;26.71;26.8;26;26.31;215830.31
1644868800000;26.3;27.44;26.28;27.03;230809.43
1644872400000;27.02;27.09;26.57;26.87;81346.4
1644876000000;26.88;27.27;26.88;27.12;60759.14
1644879600000;27.12;27.36;27.04;27.14;85148.06
1644883200000;27.14;27.75;27.13;27.61;156049.48
1644886800000;27.62;28.27;27.48;28.26;202606.56
1644890400000;28.25;28.52;28.08;28.33;197561.45
1644894000000;28.35;28.38;28.03;28.12;57457.8
1644897600000;28.13;28.2;27.81;27.99;73895.14
1644901200000;27.97;28.3;27.85;28.16;118185.98
1644904800000;28.17;28.22;28.01;28.04;91996.1
1644908400000;28.04;28.2;27.81;28.07;102634.19
1644912000000;28.07;28.47;27.91;28.41;169434.39
1644915600000;28.41;28.58;28.19;28.44;111241.12
1644919200000;28.46;28.78;28.35;28.62;147847.02
1644922800000;28.63;28.69;28.35;28.44;121523.35
1644926400000;28.43;28.93;28.4;28.67;151386.55
1644930000000;28.67;28.69;28.28;28.4;103098.34
1644933600000;28.39;28.58;28.25;28.29;133207.23
1644937200000;28.29;28.54;28.07;28.5;116444.25
1644940800000;28.5;28.53;28.24;28.33;49826.67
1644944400000;28.35;28.46;28.15;28.32;84367.68
1644948000000;28.31;28.77;28.28;28.58;78608.65
1644951600000;28.59;29;28.5;28.66;112369.19
1644955200000;28.66;28.77;28.49;28.58;56399.1
1644958800000;28.57;28.64;28.42;28.49;54813.71
1644962400000;28.48;28.8;28.48;28.56;59802.36
1644966000000;28.56;29.22;28.5;28.97;126015.2
1644969600000;28.97;29.24;28.74;28.87;92424.62
1644973200000;28.86;28.96;28.51;28.56;91583.41
1644976800000;28.56;28.6;28.35;28.59;37850.15
1644980400000;28.59;28.8;28.42;28.46;50570.01
1644984000000;28.45;28.65;28.18;28.46;83429.21
1644987600000;28.46;28.55;28.23;28.41;63850.89
1644991200000;28.41;28.67;28.35;28.57;68187.25
1644994800000;28.57;28.8;28.48;28.7;53513.36
1644998400000;28.71;29;28.7;28.81;76209.36
1645002000000;28.81;28.93;28.4;28.42;62116.78
1645005600000;28.43;28.64;28.27;28.41;68566.48
1645009200000;28.4;28.56;28.38;28.43;47431.36
1645012800000;28.44;28.6;28.23;28.35;50154.03
1645016400000;28.36;28.41;27.72;27.88;216797.31
1645020000000;27.88;28.06;27.59;27.73;132482.88
1645023600000;27.73;27.95;27.66;27.82;56331.68
1645027200000;27.82;28.2;27.61;28.07;85160.08
1645030800000;28.07;28.2;27.95;28.03;54798.8
1645034400000;28.02;28.18;27.93;28.15;46061.17
1645038000000;28.15;28.65;27.94;28.65;184399.13
1645041600000;28.65;28.83;28.47;28.54;119907.05
1645045200000;28.54;28.63;28.33;28.54;59677.95
1645048800000;28.54;28.85;28.44;28.72;59443.16
1645052400000;28.71;28.91;28.41;28.5;81429.65
1645056000000;28.5;28.85;28.37;28.79;65109.31
1645059600000;28.79;29.01;28.59;28.62;119839.96
1645063200000;28.62;29.06;28.48;29.03;84890.4
1645066800000;29.03;29.57;28.98;29.04;306513.09
1645070400000;29.03;30.51;28.68;30.24;577208.44
1645074000000;30.25;30.86;30.04;30.21;259297.92
1645077600000;30.2;30.27;29.91;30.03;160145.26
1645081200000;30.03;30.58;30;30.58;190528.52
1645084800000;30.59;30.66;29.93;30.15;272798.93
1645088400000;30.14;30.3;29.73;30.1;208019.87
1645092000000;30.1;30.28;29.84;29.96;116414.68
1645095600000;29.95;30.21;29.79;29.85;98095.44
1645099200000;29.86;29.97;29.38;29.54;132999.79
1645102800000;29.54;29.89;29.11;29.84;387257.6
1645106400000;29.83;30.08;29.11;29.31;382396.04
1645110000000;29.31;29.81;29.22;29.51;303568.88
1645113600000;29.51;29.94;29.37;29.7;284409.08
1645117200000;29.7;29.8;28.92;28.92;170568.94
1645120800000;28.91;29.38;28.36;29.37;407965.71
1645124400000;29.37;29.37;28.55;28.7;242186.35
1645128000000;28.71;28.71;27.65;27.82;443346.43
1645131600000;27.81;28.6;27.5;28.45;330471.89
1645135200000;28.44;28.66;28.06;28.43;188547.56
1645138800000;28.42;28.46;27.83;28.06;148137.83
1645142400000;28.06;28.29;27.65;28.22;161772.96
1645146000000;28.21;28.6;28.05;28.34;165770.04
1645149600000;28.34;28.54;28.18;28.37;152711.05
1645153200000;28.37;28.37;27.89;28.04;158415.51
1645156800000;28.05;28.32;27.96;28.11;107871.27
1645160400000;28.11;28.48;28.1;28.4;73166.25
1645164000000;28.4;28.65;28.33;28.61;92953.47
1645167600000;28.62;28.88;28.53;28.73;125131.85
1645171200000;28.73;29.07;28.71;28.95;168899.56
1645174800000;28.95;29.02;28.66;28.81;109159.39
1645178400000;28.8;28.81;28.36;28.54;104801.63
1645182000000;28.54;28.59;28.01;28.16;195377.38
1645185600000;28.16;28.6;28.05;28.44;123365.13
1645189200000;28.44;28.46;28.04;28.29;109122.1
1645192800000;28.3;28.44;27.5;28.17;443943.7
1645196400000;28.17;28.38;27;27.06;552202.66
1645200000000;27.06;27.47;26.83;27.08;269337.23
1645203600000;27.08;27.43;27.08;27.2;112053.97
1645207200000;27.21;27.49;26.97;27.43;112121.01
1645210800000;27.42;27.5;27.21;27.41;72741.75
1645214400000;27.43;27.48;26.91;26.99;52447.44
1645218000000;27;27.2;26.88;26.91;59937.68
1645221600000;26.91;27.04;26.71;26.93;97852.6
1645225200000;26.92;27.11;26.84;26.86;57557.79
1645228800000;26.84;27.21;26.82;27.14;93082.45
1645232400000;27.15;27.35;27.13;27.29;55035.14
1645236000000;27.28;27.36;27.15;27.32;36798.23
1645239600000;27.31;27.38;27.15;27.16;35534.53
1645243200000;27.16;27.27;26.99;27.17;43200.22
1645246800000;27.17;27.28;27.13;27.24;22627.36
1645250400000;27.24;27.42;27.23;27.34;53837.86
1645254000000;27.34;27.37;27.2;27.24;30908.16
1645257600000;27.25;27.4;27.04;27.07;77383.49
1645261200000;27.07;27.18;26.84;27.02;64124.13
1645264800000;27.03;27.09;26.73;26.94;85724.56
1645268400000;26.94;27.01;26.36;26.52;125166.85
1645272000000;26.53;26.57;26.22;26.29;126612.16
1645275600000;26.3;26.67;26.05;26.59;104487.15
1645279200000;26.58;26.59;26.32;26.44;47581.68
1645282800000;26.44;26.63;26.31;26.58;69075.38
1645286400000;26.58;26.98;26.4;26.44;108710.01
1645290000000;26.45;26.77;26.39;26.69;62597.84
1645293600000;26.69;26.69;26.44;26.58;39580.53
1645297200000;26.58;26.58;26.28;26.36;34539.3
1645300800000;26.36;26.53;26.3;26.5;27228.57
1645304400000;26.5;26.5;26.26;26.45;33217.89
1645308000000;26.45;26.67;26.38;26.51;25044.31
1645311600000;26.51;26.72;26.47;26.68;29049.59
1645315200000;26.67;26.73;26.26;26.36;40663.03
1645318800000;26.36;26.44;26.13;26.39;51157.84
1645322400000;26.4;26.44;26.05;26.08;49446.21
1645326000000;26.07;26.13;25.83;25.91;85579.71
1645329600000;25.91;26.01;25.64;25.87;104924.3
1645333200000;25.85;26.03;25.6;25.65;104301.27
1645336800000;25.65;25.75;25.44;25.58;199213.48
1645340400000;25.57;26.02;25.52;26.01;125086.17
1645344000000;26.02;26.03;25.49;25.62;198057.19
1645347600000;25.63;26.17;25.53;25.92;149148.25
1645351200000;25.92;26.41;25.92;26.03;112200.33
1645354800000;26.03;26.39;25.95;26.37;74829.32
1645358400000;26.37;26.55;25.94;26;131605.29
1645362000000;26;26.07;25.78;25.84;84813.08
1645365600000;25.83;25.99;25.42;25.97;164632.76
1645369200000;25.95;26.36;25.91;26.19;122836.54
1645372800000;26.18;26.49;26.04;26.16;117763.42
1645376400000;26.15;26.37;26.05;26.27;57736.34
1645380000000;26.27;26.48;26.21;26.43;67111.63
1645383600000;26.42;26.42;26.14;26.23;41606.11
1645387200000;26.24;26.26;25.99;26.07;52111.22
1645390800000;26.08;26.2;25.81;26.2;89663.35
1645394400000;26.2;26.69;26.19;26.68;90660.48
1645398000000;26.68;26.87;26.01;26.08;219073.57
1645401600000;26.08;26.37;25.75;26.35;146608.78
1645405200000;26.35;27.23;26.23;26.9;363322.69
1645408800000;26.91;27.02;26.74;26.96;78244.67
1645412400000;26.97;27;26.64;26.71;146867.94
1645416000000;26.7;27.2;26.7;27.13;129020.06
1645419600000;27.13;27.17;26.94;26.97;58685.22
1645423200000;26.97;27.05;26.86;26.98;64515.33
1645426800000;26.98;27.26;26.84;27.22;84766.07
1645430400000;27.21;27.3;26.83;26.9;87626.14
1645434000000;26.91;26.92;26.55;26.63;135612.84
1645437600000;26.64;26.72;26.06;26.1;226635.68
1645441200000;26.11;26.27;25.44;25.76;260789.35
1645444800000;25.76;25.88;25.06;25.2;384997.4
1645448400000;25.2;25.48;24.79;25.26;233184.04
1645452000000;25.26;26.22;25.11;26.07;389273.6
1645455600000;26.07;26.5;25.94;26.11;275329.27
1645459200000;26.1;26.39;25.93;25.98;113377.99
1645462800000;25.98;26.12;25.62;25.67;100671.56
1645466400000;25.69;25.73;25.1;25.23;415908
1645470000000;25.22;25.48;25.06;25.47;249035.34
1645473600000;25.47;25.57;25.15;25.38;96204.58
1645477200000;25.39;25.64;24.6;24.72;202412.83
1645480800000;24.72;24.97;24.33;24.61;247010.75
1645484400000;24.61;24.76;23.61;23.82;397866.01
1645488000000;23.82;24.34;23.65;24.12;274172.49
1645491600000;24.12;24.22;23.73;24.04;142363.79
1645495200000;24.03;24.08;23.8;23.95;86068.35
1645498800000;23.95;23.96;22.98;23.44;330931.25
1645502400000;23.45;23.68;23.33;23.37;99395.21
1645506000000;23.37;23.74;23.18;23.34;151578.08
1645509600000;23.34;23.76;23.29;23.57;148637.85
1645513200000;23.56;23.68;23.31;23.46;149036.4
1645516800000;23.46;23.84;23.38;23.82;120742.22
1645520400000;23.81;23.91;23.68;23.75;139692.36
1645524000000;23.75;24.36;23.63;24.26;193739.53
1645527600000;24.27;24.32;24.01;24.18;89392.98
1645531200000;24.16;24.36;23.93;24.24;124459.92
1645534800000;24.24;24.54;24.09;24.42;120641.69
1645538400000;24.42;24.9;24.19;24.79;288591.42
1645542000000;24.78;24.84;24.47;24.51;212419.63
1645545600000;24.52;24.64;24.14;24.33;146615.22
1645549200000;24.33;24.43;23.95;24.1;98214.03
1645552800000;24.11;24.45;24;24.29;100964.8
1645556400000;24.28;24.55;24.07;24.43;123182.56
1645560000000;24.43;24.7;24.28;24.47;109485.14
1645563600000;24.48;24.59;24.35;24.43;84316.74
1645567200000;24.43;24.5;24.14;24.5;46928.58
1645570800000;24.5;24.98;24.37;24.81;100505.66
1645574400000;24.81;25.15;24.67;24.84;129369.65
1645578000000;24.84;24.92;24.58;24.75;85749.64
1645581600000;24.76;25.24;24.58;25.08;263231.2
1645585200000;25.09;25.26;24.93;25.11;72214.92
1645588800000;25.11;25.35;25.02;25.1;98276.37
1645592400000;25.1;25.23;24.89;25.04;65503.63
1645596000000;25.05;25.21;24.99;25.01;50642.13
1645599600000;25.01;25.23;24.99;25.21;71320.98
1645603200000;25.21;25.58;25.08;25.41;165685.53
1645606800000;25.41;25.71;25.32;25.63;124212.85
1645610400000;25.66;25.94;25.53;25.91;84621.78
1645614000000;25.91;26.08;25.7;25.74;147030.98
1645617600000;25.75;26.52;25.68;26.31;220579.93
1645621200000;26.32;26.52;26.13;26.2;110844.95
1645624800000;26.19;26.92;25.99;26.39;281836.63
1645628400000;26.39;26.47;26.11;26.2;151182.75
1645632000000;26.2;26.77;25.9;26.68;189865.52
1645635600000;26.69;26.9;26.38;26.54;212891.8
1645639200000;26.54;26.92;25.9;26.03;221971.78
1645642800000;26.02;26.66;25.94;26.12;217806.18
1645646400000;26.11;26.26;25.68;26.17;164883.28
1645650000000;26.18;26.41;25.96;26.03;78116.69
1645653600000;26.03;26.22;25.68;26.13;98158.25
1645657200000;26.13;26.2;25.09;25.18;255045.01
1645660800000;25.18;25.54;24.73;24.76;214486.93
1645664400000;24.78;25.08;24.6;25.06;161293.47
1645668000000;25.06;25.21;24.26;24.35;192797.75
1645671600000;24.35;24.43;22.6;22.68;773371.8
1645675200000;22.68;23.14;22.31;23.11;550608.39
1645678800000;23.1;23.14;21.95;22.22;438933.53
1645682400000;22.24;22.58;21.96;22.33;302051.93
1645686000000;22.32;22.49;21.55;22.37;425692.31
1645689600000;22.37;22.82;22.15;22.42;410154.27
1645693200000;22.41;22.74;22.28;22.31;166011.28
1645696800000;22.31;22.96;21.4;22.29;510377.68
1645700400000;22.28;22.43;21.91;22.32;270403.33
1645704000000;22.32;22.32;21.93;22.06;246944.96
1645707600000;22.07;22.49;21.96;22.29;192697.46
1645711200000;22.29;22.73;22.08;22.64;302842.54
1645714800000;22.64;23.5;22.48;23.38;350340.14
1645718400000;23.39;23.8;23.1;23.28;318592.03
1645722000000;23.27;23.3;22.76;23.01;181529.09
1645725600000;23;23.84;22.99;23.66;213841.82
1645729200000;23.67;24.33;23.46;24.27;323194.36
1645732800000;24.28;24.94;24.27;24.58;578656.22
1645736400000;24.57;24.85;24.36;24.69;169877.83
1645740000000;24.69;24.94;24.17;24.25;175427
1645743600000;24.26;25.08;24.25;24.85;132323.21
1645747200000;24.86;25.43;24.68;24.82;228890.87
1645750800000;24.83;25.38;24.78;25.08;118109.1
1645754400000;25.08;25.28;24.98;25.2;119461.13
1645758000000;25.19;25.23;24.67;24.87;142000.39
1645761600000;24.87;24.89;24.42;24.42;118215.11
1645765200000;24.42;24.78;24.25;24.57;119042.89
1645768800000;24.57;24.8;24.42;24.73;61094.49
1645772400000;24.73;24.87;24.55;24.67;86705.52
1645776000000;24.68;24.79;24.42;24.71;102502.93
1645779600000;24.71;24.8;24.32;24.75;130659.27
1645783200000;24.76;24.91;24.61;24.73;107273.26
1645786800000;24.72;24.99;24.55;24.95;92486.98
1645790400000;24.96;25.42;24.93;25.37;235993.75
1645794000000;25.37;25.81;25.32;25.59;190179.82
1645797600000;25.58;25.61;25.18;25.22;124453.17
1645801200000;25.22;25.56;24.89;25.51;172310.02
1645804800000;25.51;25.81;25.3;25.57;123849
1645808400000;25.58;25.79;25.28;25.47;150517.57
1645812000000;25.49;25.61;25.18;25.35;97445.35
1645815600000;25.36;25.54;25.21;25.3;72124.6
1645819200000;25.3;26.9;25.25;26.84;398370.25
1645822800000;26.83;27.49;26.75;27.36;356849.75
1645826400000;27.36;27.46;27.04;27.37;117448.04
1645830000000;27.37;27.44;27.06;27.27;175920.06
1645833600000;27.27;28.09;27.13;27.79;334201.39
1645837200000;27.81;28.65;27.68;28.25;287699.65
1645840800000;28.25;28.39;27.97;28.27;109627.55
1645844400000;28.26;28.3;27.94;28.16;80915.74
1645848000000;28.15;28.36;28.07;28.24;118313.42
1645851600000;28.24;28.32;27.54;27.97;153529.83
1645855200000;27.97;28.12;27.7;27.75;87923.2
1645858800000;27.75;28.2;27.46;28.19;150487.73
1645862400000;28.2;28.4;27.6;27.91;212082.17
1645866000000;27.91;28.48;27.46;28.34;281533.58
1645869600000;28.34;28.56;27.93;28.31;132697.57
1645873200000;28.3;28.44;27.88;28.02;107365.83
1645876800000;28.03;28.75;27.95;28.68;237667.76
1645880400000;28.67;29.42;28.46;29.13;404177.95
1645884000000;29.13;29.22;28.85;29.02;183552.97
1645887600000;29.02;29.16;28.72;28.82;126179.63
1645891200000;28.83;29.57;28.62;29.53;240778.37
1645894800000;29.53;30.32;29.48;30.26;424853.26
1645898400000;30.26;30.32;29.66;29.88;214324.16
1645902000000;29.87;30.18;29.78;29.88;93877.2
1645905600000;29.87;29.98;29.75;29.76;81285.19
1645909200000;29.76;29.99;29.6;29.93;107910.28
1645912800000;29.94;29.98;29.37;29.55;102163.75
1645916400000;29.54;29.88;29.22;29.88;161833.43
1645920000000;29.88;29.92;28.85;29.09;219197.03
1645923600000;29.09;29.28;28.26;28.27;275661.69
1645927200000;28.27;28.48;28.14;28.34;158213.33
1645930800000;28.34;28.74;28.33;28.47;123175.12
1645934400000;28.49;28.69;28.15;28.26;93288.39
1645938000000;28.26;28.65;28.02;28.46;120021.3
1645941600000;28.46;28.82;28.46;28.73;111889.48
1645945200000;28.74;28.91;28.54;28.64;107288.5
1645948800000;28.62;28.89;28.3;28.81;126844.01
1645952400000;28.81;29.15;28.66;28.88;142016.69
1645956000000;28.88;29.2;28.65;29.15;119206.68
1645959600000;29.15;29.46;28.84;29.37;189518.78
1645963200000;29.37;29.75;29.16;29.54;154194.72
1645966800000;29.53;29.55;28.16;28.89;331376.35
1645970400000;28.9;29.11;28.34;28.49;227109.87
1645974000000;28.49;29.14;28.37;28.95;151530.43
1645977600000;28.96;28.99;28.55;28.64;108548.15
1645981200000;28.63;28.77;28.53;28.58;45837.9
1645984800000;28.57;28.74;28.33;28.49;79763.14
1645988400000;28.47;28.5;27.2;27.31;338196.97
1645992000000;27.3;27.69;27.04;27.33;277134.8
1645995600000;27.33;27.39;26.75;27.13;241368.44
1645999200000;27.12;27.5;27.03;27.43;95559.49
1646002800000;27.42;27.44;26.28;26.77;431982.27
1646006400000;26.77;26.87;26.38;26.5;127930.98
1646010000000;26.5;27.45;26.49;27.15;280072.72
1646013600000;27.16;27.32;26.77;27.02;127927.41
1646017200000;27.02;28.19;26.89;27.46;324000.46
1646020800000;27.47;27.78;27.05;27.26;176921.92
1646024400000;27.25;27.57;27.12;27.32;80253.37
1646028000000;27.33;27.68;26.94;27.49;239051.47
1646031600000;27.49;27.93;27.34;27.74;164380.4
1646035200000;27.75;28.38;27.75;28.33;227319.38
1646038800000;28.33;28.48;27.67;27.68;164792.33
1646042400000;27.67;27.83;27.57;27.67;196880
1646046000000;27.67;27.76;27.24;27.4;167191.91
1646049600000;27.4;27.78;27.11;27.45;159721.35
1646053200000;27.44;27.63;27.14;27.25;124243.03
1646056800000;27.26;28.67;27.23;28.54;388350.82
1646060400000;28.54;29.72;28.28;29.72;557444.72
1646064000000;29.72;29.87;28.94;29.07;370873.87
1646067600000;29.08;29.3;28.72;29.3;191203.23
1646071200000;29.31;29.45;28.86;29.33;218903.37
1646074800000;29.34;30.27;29.11;30.21;379692.8
1646078400000;30.2;30.27;29.57;29.91;286216.63
1646082000000;29.91;29.93;29.59;29.91;87846.3
1646085600000;29.92;30.97;29.71;30.22;368464.8
1646089200000;30.23;31.76;30.18;31.36;518549.4
1646092800000;31.36;33.05;31.23;32.19;827439.39
1646096400000;32.2;32.47;31.58;31.67;245914.16
1646100000000;31.67;31.79;31.35;31.73;204086.08
1646103600000;31.72;31.92;31.36;31.77;151310.32
1646107200000;31.76;32.06;31.51;31.93;213103.95
1646110800000;31.92;31.95;31.55;31.74;152043.83
1646114400000;31.75;31.85;31.09;31.57;178419.74
1646118000000;31.58;31.76;31.37;31.75;135886.76
1646121600000;31.75;31.93;31.47;31.66;152208.54
1646125200000;31.65;31.7;31.08;31.37;143467.72
1646128800000;31.36;31.79;30.76;31.68;287698.87
1646132400000;31.67;31.77;31.24;31.58;208432.09
1646136000000;31.59;32.29;31.38;32.24;393302.73
1646139600000;32.22;32.48;31.82;32.29;329944.77
1646143200000;32.28;32.39;31;31.11;385782.12
1646146800000;31.12;31.49;30.59;31.08;312486.34
1646150400000;31.05;31.43;30.68;30.9;243889.53
1646154000000;30.9;31.19;30.6;30.91;158248.14
1646157600000;30.9;31.3;30.66;31.25;96475.15
1646161200000;31.24;31.33;30.84;31.03;125652.54
1646164800000;31.03;31.25;30.89;31.17;85574.55
1646168400000;31.17;31.24;30.21;30.53;269520.04
1646172000000;30.55;31.01;30.37;30.94;114048.54
1646175600000;30.95;31.2;30.86;31.14;132611.62
1646179200000;31.14;31.89;30.92;31.3;336358.38
1646182800000;31.31;31.57;30.64;30.91;196146.88
1646186400000;30.9;31.23;30.61;31.13;138566.29
1646190000000;31.11;31.33;30.88;30.99;296407.36
1646193600000;30.99;31.48;30.82;30.93;218186.35
1646197200000;30.91;31;30.62;30.92;179594.71
1646200800000;30.91;30.94;30.33;30.37;138318.43
1646204400000;30.36;30.68;30.28;30.47;145812.58
1646208000000;30.47;30.93;30.2;30.65;161681.14
1646211600000;30.65;30.89;30.52;30.66;140674.34
1646215200000;30.67;31.18;30.6;31.04;155190.88
1646218800000;31.03;31.05;30.76;30.92;103078.09
1646222400000;30.92;31.3;30.5;30.85;210231.4
1646226000000;30.84;30.84;29.83;30.12;354720.2
1646229600000;30.11;30.84;30.08;30.73;454903.53
1646233200000;30.74;31.14;30.09;30.5;494768.2
1646236800000;30.5;31.45;30.41;31.3;236523.04
1646240400000;31.31;32.5;31.3;31.93;654285.91
1646244000000;31.93;32.28;31.55;31.84;289474.43
1646247600000;31.84;32.15;31.21;31.9;294260.34
1646251200000;31.9;32.22;31.63;32.14;176276.68
1646254800000;32.14;32.5;31.91;32.49;166297.6
1646258400000;32.49;32.8;32.2;32.49;198568.64
1646262000000;32.48;32.73;32.1;32.24;148006.04
1646265600000;32.23;33.76;31.86;33.5;544599.1
1646269200000;33.5;33.9;33.04;33.27;379391.59
1646272800000;33.27;33.33;32.72;33.29;251788.32
1646276400000;33.29;33.5;32.45;33.17;332956.08
1646280000000;33.17;33.37;32.42;32.66;244131.43
1646283600000;32.68;32.94;32.51;32.72;93397.63
1646287200000;32.72;32.98;32.28;32.94;206599.13
1646290800000;32.94;33.16;32.6;32.75;274116.25
1646294400000;32.74;32.77;32.17;32.34;152205.14
1646298000000;32.35;32.43;32.06;32.26;143765.86
1646301600000;32.25;32.55;32.06;32.47;97809.66
1646305200000;32.48;32.69;32.22;32.28;114145.74
1646308800000;32.28;32.42;32.03;32.21;108120.05
1646312400000;32.21;32.86;32.07;32.77;162207.19
1646316000000;32.76;33.05;32.31;32.62;274351.49
1646319600000;32.63;32.86;31.37;31.48;597175.06
1646323200000;31.49;32.25;31.14;31.72;421683.33
1646326800000;31.71;32.16;31.3;32.02;286789.91
1646330400000;32.01;32.75;31.85;32.45;384232.46
1646334000000;32.44;34.39;32.37;33.72;925173.13
1646337600000;33.7;33.82;33.07;33.53;428906.15
1646341200000;33.53;33.93;33.26;33.54;324473.34
1646344800000;33.52;34.3;33.51;33.97;252769.74
1646348400000;33.98;34.46;33.8;34.04;287521.46
1646352000000;34.03;34.23;32.7;32.76;429247.19
1646355600000;32.77;33.61;32.44;33.39;411888.94
1646359200000;33.4;33.83;33.2;33.44;251128.64
1646362800000;33.44;34.11;33.06;33.91;273669.92
1646366400000;33.88;34.47;33.61;33.93;385311.65
1646370000000;33.94;34.22;33.66;34.1;147802.74
1646373600000;34.1;34.69;34.03;34.13;267328.38
1646377200000;34.13;34.32;33.85;34.3;187230.53
1646380800000;34.3;34.4;33.39;34.3;359455.05
1646384400000;34.29;34.43;34.01;34.07;227730.01
1646388000000;34.08;34.17;33.75;34.11;165896.55
1646391600000;34.11;34.19;33.65;33.77;140048.05
1646395200000;33.77;33.8;33.18;33.29;217473.55
1646398800000;33.29;33.95;33.07;33.65;597691.79
1646402400000;33.64;33.97;33.18;33.78;362184.82
1646406000000;33.77;33.83;32.94;32.97;298680.27
1646409600000;32.97;33.05;32.31;32.54;299058
1646413200000;32.53;32.78;32.07;32.15;170930.96
1646416800000;32.14;32.29;31.54;31.6;208042
1646420400000;31.6;31.77;31.09;31.15;214073.11
1646424000000;31.15;31.46;30.76;31.37;290815.5
1646427600000;31.37;31.4;30.75;30.94;126605.65
1646431200000;30.94;31.05;30.28;30.76;188221.63
1646434800000;30.76;30.79;30.36;30.48;116869.65
1646438400000;30.48;30.5;29.64;29.72;262252.08
1646442000000;29.72;30.06;29.5;29.82;166274.35
1646445600000;29.81;30.24;29.54;29.69;257823.34
1646449200000;29.69;30.3;29.67;30.11;217295.14
1646452800000;30.11;30.14;29.71;29.87;136633.14
1646456400000;29.87;30.17;29.77;30.15;112494.95
1646460000000;30.15;30.42;30.07;30.15;223730.68
1646463600000;30.14;30.45;29.99;30.36;279099.88
1646467200000;30.36;30.6;30.16;30.56;125553.01
1646470800000;30.56;30.66;30.16;30.22;231462.32
1646474400000;30.22;30.28;29.85;30.19;171049.2
1646478000000;30.19;30.28;29.92;30.06;94962.71
1646481600000;30.06;30.26;29.93;30;120475.83
1646485200000;30.01;30.13;29.75;29.9;129371.36
1646488800000;29.89;30.26;29.77;30.17;105004.95
1646492400000;30.18;30.19;29.85;30.01;77986.67
1646496000000;30.01;30.48;29.88;30.33;173167.96
1646499600000;30.32;31.18;30.28;30.82;295764.1
1646503200000;30.82;31.25;30.65;31.2;110868.35
1646506800000;31.2;31.36;31.03;31.33;110871.47
1646510400000;31.32;31.68;31.18;31.3;151221.41
1646514000000;31.29;31.32;30.89;31.01;132994.89
1646517600000;31.02;31.41;30.97;31.29;71130.23
1646521200000;31.29;31.32;30.84;30.87;109627
1646524800000;30.86;30.95;30.41;30.74;250478.43
1646528400000;30.74;30.77;30.05;30.13;137029.26
1646532000000;30.12;30.23;29.93;30.07;73513.57
1646535600000;30.08;30.1;29.17;29.39;222309.79
1646539200000;29.38;29.84;29.12;29.72;182758.26
1646542800000;29.72;29.84;29.47;29.49;83754.22
1646546400000;29.49;29.71;29.38;29.39;73040.07
1646550000000;29.39;29.63;29.2;29.58;96489.09
1646553600000;29.58;29.58;29.18;29.23;79823.9
1646557200000;29.23;29.3;28.72;28.75;213991.89
1646560800000;28.75;29.04;28.61;28.77;204098.59
1646564400000;28.77;29.02;28.58;29.01;108610.22
1646568000000;29;29.12;28.73;28.94;146423.58
1646571600000;28.95;29.33;28.94;29.06;99746.22
1646575200000;29.06;29.15;28.82;28.99;81872.58
1646578800000;28.99;29.07;28.77;29.03;61045.72
1646582400000;29.04;29.43;28.89;29.2;110915.77
1646586000000;29.21;29.27;28.66;28.8;85931.89
1646589600000;28.8;29.01;28.4;28.68;135176.97
1646593200000;28.67;28.78;28.13;28.38;132599.68
1646596800000;28.37;28.67;28.29;28.61;63945.88
1646600400000;28.62;28.85;28.53;28.58;145275.63
1646604000000;28.58;28.76;28.45;28.47;56133.03
1646607600000;28.47;28.53;27.9;28.15;225251.53
1646611200000;28.14;28.18;27.47;28.05;276257.86
1646614800000;28.05;28.37;27.86;27.91;148347.22
1646618400000;27.91;28;27.26;27.46;244114.21
1646622000000;27.47;27.48;27.12;27.26;165914.57
1646625600000;27.25;27.42;27.14;27.27;63876.04
1646629200000;27.27;27.56;27.13;27.35;85896.36
1646632800000;27.35;27.62;27.34;27.55;76832.89
1646636400000;27.55;27.6;27.15;27.22;96660.87
1646640000000;27.23;27.68;27.16;27.66;124459.55
1646643600000;27.65;27.82;27.43;27.44;110181.82
1646647200000;27.44;27.71;27.39;27.5;66666.89
1646650800000;27.51;28.02;27.47;27.95;97675.47
1646654400000;27.95;28.37;27.95;28.19;188949.45
1646658000000;28.2;28.91;28.14;28.71;247892.85
1646661600000;28.71;29.16;28.63;28.72;239320.62
1646665200000;28.73;29.36;28.58;29.22;198945.84
1646668800000;29.21;29.44;28.89;29.05;205866.4
1646672400000;29.04;29.56;28.8;28.84;249151.18
1646676000000;28.83;29.26;28.27;29.02;387648.48
1646679600000;29.02;29.23;27.36;27.46;446735.2
1646683200000;27.47;28.22;27.16;27.68;389639.49
1646686800000;27.68;28.64;27.52;28.29;419190.65
1646690400000;28.29;28.94;28.26;28.55;188731.81
1646694000000;28.56;29.04;28.28;28.29;204090.45
1646697600000;28.29;29.1;28.05;28.99;313220.52
1646701200000;28.98;29.15;28.56;28.91;217462.94
1646704800000;28.92;29.3;28.66;28.98;173629.46
1646708400000;28.99;29.19;28.75;28.99;76026.53
1646712000000;28.99;29.27;28.57;28.59;193408.77
1646715600000;28.59;28.7;28.23;28.51;144015.96
1646719200000;28.5;28.66;27.84;28.14;182497.36
1646722800000;28.15;28.3;27.86;28.09;136336.1
1646726400000;28.09;28.72;28.01;28.48;157974.75
1646730000000;28.47;28.56;28.18;28.43;128959.16
1646733600000;28.44;28.6;28.17;28.56;118776.61
1646737200000;28.54;28.86;28.35;28.67;137547.85
1646740800000;28.68;28.92;28.06;28.21;231041.85
1646744400000;28.19;28.31;27.97;28.23;134486.65
1646748000000;28.23;28.28;27.81;28;206161.07
1646751600000;28;28.1;27.54;27.86;206834.57
1646755200000;27.87;28.06;27.35;27.45;188807.56
1646758800000;27.44;28.3;27.39;28.19;253581.12
1646762400000;28.2;28.9;28.2;28.36;297324.34
1646766000000;28.35;28.5;28.06;28.37;149592.11
1646769600000;28.36;28.46;27.67;27.75;172908.17
1646773200000;27.75;27.8;27.5;27.59;80129.73
1646776800000;27.58;27.82;27.56;27.75;47928.61
1646780400000;27.76;27.94;27.63;27.87;77034
1646784000000;27.86;28.5;27.77;28.39;165601.68
1646787600000;28.39;29.05;28.39;29.04;228406.73
1646791200000;29.05;29.5;28.98;29.39;214243.19
1646794800000;29.39;30.23;29.36;29.95;429856.61
1646798400000;29.95;30.1;29.65;29.83;203500.52
1646802000000;29.84;29.93;29.58;29.92;113905.8
1646805600000;29.93;30.39;29.8;30.27;221053.92
1646809200000;30.28;30.6;30.2;30.33;165600.71
1646812800000;30.33;30.67;30.07;30.48;229868.78
1646816400000;30.48;30.51;29.9;30;190709.84
1646820000000;29.99;30.27;29.92;30.24;78269.65
1646823600000;30.24;30.49;30.06;30.23;149665.47
1646827200000;30.22;30.48;29.82;29.97;176584.88
1646830800000;29.98;30.2;29.76;29.96;130081.49
1646834400000;29.98;30.58;29.93;30.44;185341.25
1646838000000;30.45;31.17;30.42;30.75;345180.41
1646841600000;30.75;31.32;30.56;30.9;246372.97
1646845200000;30.91;31.29;30.71;31.08;187368.04
1646848800000;31.08;31.19;30.25;30.56;228079.38
1646852400000;30.57;30.73;30.02;30.47;149675.28
1646856000000;30.47;30.57;29.99;30.08;111132.46
1646859600000;30.08;30.24;29.85;30.14;114574.26
1646863200000;30.13;30.26;29.75;29.86;90070.95
1646866800000;29.85;30.28;29.8;30.05;115912.7
1646870400000;30.04;30.19;29.77;30.07;145505.97
1646874000000;30.06;30.34;29.47;29.5;259820.43
1646877600000;29.49;29.76;29.33;29.46;179267.8
1646881200000;29.45;29.52;29.07;29.08;120458.56
1646884800000;29.08;29.22;28.46;28.48;281217.11
1646888400000;28.48;28.55;27.58;27.84;321412.28
1646892000000;27.85;28.01;27.6;27.88;161150.22
1646895600000;27.87;27.97;27.74;27.87;107531.88
1646899200000;27.87;28.23;27.7;28.17;172831.98
1646902800000;28.18;28.29;27.88;28.06;104994.36
1646906400000;28.06;28.11;27.87;27.92;78588.49
1646910000000;27.91;28.11;27.76;28.07;65398.65
1646913600000;28.07;28.25;27.94;28.11;95457.84
1646917200000;28.1;28.56;27.4;27.76;450229.88
1646920800000;27.76;28.17;27.58;28.17;150960.32
1646924400000;28.18;28.56;27.93;28.2;238856.69
1646928000000;28.2;28.5;27.73;27.95;345303.36
1646931600000;27.95;28.1;27.79;27.89;106889.2
1646935200000;27.88;27.98;27.62;27.9;90369.26
1646938800000;27.91;28.21;27.83;28.2;105689.35
1646942400000;28.18;28.4;28.12;28.37;85235.08
1646946000000;28.36;28.41;28.01;28.06;63290.59
1646949600000;28.05;28.27;27.84;28.22;37958.01
1646953200000;28.22;28.27;27.89;28.03;84296.34
1646956800000;28.02;28.28;27.82;28.02;143289.83
1646960400000;28.02;28.04;27.7;27.81;145940.43
1646964000000;27.81;27.88;27.16;27.22;186284.74
1646967600000;27.22;27.61;27.17;27.55;91425.13
1646971200000;27.55;27.56;27.16;27.25;62210.38
1646974800000;27.25;27.37;26.89;27.34;191658.74
1646978400000;27.35;27.66;27.27;27.64;101245.92
1646982000000;27.64;27.91;27.61;27.76;100236.42
1646985600000;27.75;27.86;27.48;27.49;88846.36
1646989200000;27.48;27.7;27.47;27.53;37804.2
1646992800000;27.52;27.71;27.52;27.65;48423.35
1646996400000;27.63;28.39;27.39;28.18;271363.73
1647000000000;28.17;28.5;28.07;28.26;180865.49
1647003600000;28.26;28.3;27.86;27.94;113391.61
1647007200000;27.95;28.23;27.71;27.84;97860.01
1647010800000;27.83;27.83;27.42;27.58;127213.34
1647014400000;27.59;27.63;27.15;27.36;113759.14
1647018000000;27.35;27.77;27.3;27.65;97109.51
1647021600000;27.66;27.69;27.29;27.32;50234.86
1647025200000;27.32;27.53;27.2;27.35;74633.74
1647028800000;27.35;27.53;27.16;27.25;69912.24
1647032400000;27.28;27.72;27.25;27.54;84390.18
1647036000000;27.56;27.99;27.56;27.67;60500.16
1647039600000;27.68;27.85;27.45;27.47;80753.25
1647043200000;27.47;27.98;27.43;27.95;97306.69
1647046800000;27.96;28.2;27.89;28.13;103448.48
1647050400000;28.14;28.27;27.8;27.84;46542.91
1647054000000;27.84;27.98;27.77;27.78;23971.1
1647057600000;27.78;28;27.72;27.86;40126.82
1647061200000;27.86;27.87;27.64;27.8;70227.55
1647064800000;27.8;27.9;27.66;27.72;30478.71
1647068400000;27.71;27.76;27.54;27.63;41919.92
1647072000000;27.64;27.64;27.25;27.44;58383.21
1647075600000;27.44;27.62;27.41;27.55;28535.78
1647079200000;27.55;27.73;27.51;27.69;34241.05
1647082800000;27.68;27.82;27.54;27.61;39792.52
1647086400000;27.6;27.76;27.57;27.64;37713.32
1647090000000;27.63;27.7;27.45;27.47;42707.55
1647093600000;27.47;27.52;27.24;27.38;70799.36
1647097200000;27.39;27.6;27.33;27.47;34724.51
1647100800000;27.47;27.58;27.4;27.58;44666.35
1647104400000;27.59;27.75;27.39;27.44;52844.22
1647108000000;27.44;27.56;27.37;27.44;30486.55
1647111600000;27.44;27.44;27.33;27.4;33365.1
1647115200000;27.4;27.51;27.33;27.46;21148.94
1647118800000;27.46;27.57;27.43;27.49;18907.13
1647122400000;27.48;27.52;27.37;27.45;16874.9
1647126000000;27.45;27.51;27.15;27.22;43350.64
1647129600000;27.23;27.24;27.04;27.11;108477.87
1647133200000;27.11;27.32;27.08;27.2;55897.43
1647136800000;27.2;27.47;27.16;27.43;48791.06
1647140400000;27.44;27.52;27.33;27.42;36852.26
1647144000000;27.43;27.48;27.21;27.23;32515.19
1647147600000;27.23;27.33;27.19;27.27;37427.33
1647151200000;27.27;27.45;27.24;27.42;110126.34
1647154800000;27.42;27.54;27.37;27.42;64605.93
1647158400000;27.43;27.45;27.3;27.41;38145.71
1647162000000;27.42;27.43;27.09;27.16;66336.14
1647165600000;27.15;27.25;27.15;27.25;26718.52
1647169200000;27.26;27.28;27.07;27.19;36842.2
1647172800000;27.18;27.25;26.6;26.68;226538.87
1647176400000;26.67;26.97;26.63;26.79;101141.06
1647180000000;26.79;27.21;26.76;27.15;75130.75
1647183600000;27.14;27.52;27.14;27.28;116167.61
1647187200000;27.28;27.45;27.18;27.31;49459.66
1647190800000;27.32;27.47;27.26;27.37;48314.95
1647194400000;27.38;27.41;27.23;27.28;35277.34
1647198000000;27.29;27.31;26.82;26.85;64932.09
1647201600000;26.84;26.92;26.66;26.87;69084.53
1647205200000;26.87;26.96;26.7;26.73;32499.39
1647208800000;26.73;26.87;26;26.13;346876.62
1647212400000;26.12;26.39;25.97;26.24;119868.83
1647216000000;26.23;26.33;26;26.15;117113.8
1647219600000;26.16;26.48;26.12;26.19;80625.61
1647223200000;26.19;26.27;26.06;26.15;49122.06
1647226800000;26.15;26.29;26.07;26.25;38674.73
1647230400000;26.25;26.77;26.25;26.53;131458.85
1647234000000;26.54;26.75;26.51;26.59;72606.46
1647237600000;26.58;26.84;26.55;26.75;56551.34
1647241200000;26.75;26.98;26.74;26.87;85401.78
1647244800000;26.87;27.05;26.76;26.91;84818.25
1647248400000;26.92;27.04;26.79;26.97;66123.28
1647252000000;26.97;27.17;26.84;26.93;79776.26
1647255600000;26.93;26.97;26.68;26.77;59097.74
1647259200000;26.76;26.85;26.56;26.79;114657.55
1647262800000;26.78;27;26.68;26.97;131028.59
1647266400000;26.97;27.07;26.71;26.86;109637.15
1647270000000;26.86;26.91;26.59;26.67;53791.27
1647273600000;26.68;26.81;26.29;26.31;100694.06
1647277200000;26.31;26.45;26.1;26.12;127715.58
1647280800000;26.12;26.16;25.76;25.99;207193.22
1647284400000;26;26.21;25.97;26.11;106956.55
1647288000000;26.1;26.25;26.01;26.02;73200.22
1647291600000;26.03;26.18;25.96;26.08;21825.29
1647295200000;26.08;26.66;26.07;26.48;156226.83
1647298800000;26.48;26.89;26.48;26.83;114354.53
1647302400000;26.82;27;26.7;26.9;94149.27
1647306000000;26.9;26.93;26.35;26.37;109994.27
1647309600000;26.37;26.7;26.33;26.57;57867.33
1647313200000;26.58;26.62;26.33;26.38;43286.66
1647316800000;26.37;26.37;26.18;26.25;42972.57
1647320400000;26.25;26.37;26.18;26.33;34719.81
1647324000000;26.33;27.18;26.27;27.05;352197.31
1647327600000;27.05;27.47;26.83;26.94;373916.93
1647331200000;26.94;26.94;26.58;26.63;83861.97
1647334800000;26.62;26.85;26.47;26.65;76186.4
1647338400000;26.64;26.73;26.42;26.56;69671.86
1647342000000;26.57;26.8;26.45;26.66;58787.85
1647345600000;26.66;27.07;26.54;26.97;90854.09
1647349200000;26.98;27.07;26.51;26.87;122118.47
1647352800000;26.86;27.36;26.82;26.96;215389.43
1647356400000;26.97;27.71;26.96;27.42;238448.85
1647360000000;27.41;27.57;27.22;27.33;153814.22
1647363600000;27.33;27.67;27.17;27.62;101881.72
1647367200000;27.62;27.76;27.28;27.38;179393.36
1647370800000;27.38;27.73;27.2;27.44;166460.03
1647374400000;27.43;27.59;27.11;27.18;118807.11
1647378000000;27.18;27.41;27.06;27.32;30092.35
1647381600000;27.32;27.34;26.84;26.88;142492.91
1647385200000;26.89;26.97;26.71;26.91;99803.49
1647388800000;26.9;27.06;26.79;26.93;78800.11
1647392400000;26.93;27.24;26.84;27.14;67926.77
1647396000000;27.13;28;27.12;27.57;363160.19
1647399600000;27.58;27.64;26.75;26.81;275911.03
1647403200000;26.8;26.83;26.52;26.77;104295.96
1647406800000;26.77;26.84;26.58;26.8;65136.44
1647410400000;26.81;26.99;26.71;26.98;46520.47
1647414000000;26.98;26.99;26.79;26.95;55616.28
1647417600000;26.96;27.31;26.91;27.19;139078.42
1647421200000;27.2;27.36;27.04;27.18;89569.14
1647424800000;27.18;27.27;27.07;27.1;51402.76
1647428400000;27.09;27.27;27;27.25;100279.8
1647432000000;27.25;27.29;27.14;27.26;111660.25
1647435600000;27.26;27.62;27.18;27.59;212655.34
1647439200000;27.59;28;27.47;27.99;311320.02
1647442800000;27.99;28.23;27.83;28.12;327767.63
1647446400000;28.12;28.4;27.78;28.3;316655.74
1647450000000;28.3;28.44;28.09;28.38;194943.78
1647453600000;28.39;28.5;27.77;28.25;481914.75
1647457200000;28.25;28.93;28.15;28.82;275721.33
1647460800000;28.82;29.11;28.66;28.8;175642.43
1647464400000;28.8;28.81;28.57;28.74;70080.39
1647468000000;28.73;28.77;28.56;28.68;76673.02
1647471600000;28.68;29.07;28.62;28.96;110698.24
1647475200000;28.95;29.01;28.62;28.92;81608.99
1647478800000;28.92;29.01;28.7;28.98;82944.3
1647482400000;28.97;28.97;28.54;28.8;134802.27
1647486000000;28.8;28.82;28.44;28.49;114807.4
1647489600000;28.5;28.55;28.28;28.52;334888.5
1647493200000;28.51;28.52;28.27;28.37;75493.09
1647496800000;28.38;28.43;28.11;28.22;87674.21
1647500400000;28.22;28.38;28.14;28.35;42977.32
1647504000000;28.34;28.37;28.09;28.26;110172.48
1647507600000;28.26;28.32;28.18;28.25;50739.45
1647511200000;28.25;28.31;28.11;28.31;71568.88
1647514800000;28.3;28.47;28.11;28.41;131470.41
1647518400000;28.41;28.76;28.39;28.62;168988.53
1647522000000;28.61;28.8;28.53;28.71;96166.77
1647525600000;28.7;28.86;28.42;28.52;88265.47
1647529200000;28.52;28.69;28.35;28.43;78364.86
1647532800000;28.44;28.64;28.3;28.51;58508.57
1647536400000;28.5;28.6;28.39;28.44;47777.68
1647540000000;28.44;28.48;28.22;28.29;54735.92
1647543600000;28.28;28.51;28.26;28.51;52279.93
1647547200000;28.51;28.52;28.21;28.26;46387.75
1647550800000;28.26;28.41;28.15;28.4;31449.94
1647554400000;28.39;28.55;28.17;28.36;142289.85
1647558000000;28.36;28.39;28.13;28.16;54396.36
1647561600000;28.16;28.18;27.51;27.57;231939.65
1647565200000;27.57;27.83;27.48;27.64;100808.64
1647568800000;27.65;27.66;27.47;27.5;82367.86
1647572400000;27.5;27.85;27.42;27.7;79894.93
1647576000000;27.7;27.95;27.63;27.91;57464.42
1647579600000;27.91;28.05;27.87;28.01;53670.35
1647583200000;28.01;28.13;27.94;27.96;49182.63
1647586800000;27.96;28.02;27.75;27.79;37757.7
1647590400000;27.79;28.12;27.6;27.86;129325.93
1647594000000;27.87;27.9;27.22;27.45;324862.97
1647597600000;27.44;27.62;27.24;27.33;291433.33
1647601200000;27.32;27.39;27.18;27.33;90682.68
1647604800000;27.33;27.51;27.26;27.39;79358.44
1647608400000;27.38;27.6;27.29;27.59;73625.15
1647612000000;27.59;27.68;27.46;27.59;108311.97
1647615600000;27.59;27.82;27.49;27.55;187257.85
1647619200000;27.55;28.18;27.51;28.1;168158.11
1647622800000;28.1;28.21;27.97;28.09;157972.54
1647626400000;28.09;28.35;28.03;28.23;165195.98
1647630000000;28.23;28.7;28.18;28.66;128118.33
1647633600000;28.67;28.76;28.5;28.68;160613.58
1647637200000;28.69;28.77;28.64;28.7;63954.6
1647640800000;28.7;28.74;28.43;28.54;46376.39
1647644400000;28.54;28.73;28.54;28.61;53870.56
1647648000000;28.61;29.01;28.6;28.9;107222.15
1647651600000;28.9;29.36;28.85;29.29;200004.63
1647655200000;29.3;29.42;29.2;29.32;86750.1
1647658800000;29.33;29.35;28.95;29.08;98702.04
1647662400000;29.09;29.22;29;29.1;43881.15
1647666000000;29.1;29.12;28.9;28.91;58454.72
1647669600000;28.92;29.01;28.89;28.9;60584.64
1647673200000;28.91;28.91;28.68;28.8;77558.78
1647676800000;28.8;28.84;28.69;28.83;36073.52
1647680400000;28.83;29.03;28.36;28.49;497116.28
1647684000000;28.48;28.6;28.34;28.43;87655.59
1647687600000;28.44;28.79;28.35;28.78;64836.88
1647691200000;28.78;29;28.67;29;95267.61
1647694800000;29;29.07;28.62;28.76;104473.43
1647698400000;28.76;28.98;28.33;28.9;266555.51
1647702000000;28.9;28.98;28.68;28.81;95992.89
1647705600000;28.81;29.15;28.69;28.99;143644.85
1647709200000;29;29.02;28.74;28.9;96345.74
1647712800000;28.91;28.99;28.73;28.97;43444.23
1647716400000;28.97;29;28.77;28.86;45682.08
1647720000000;28.86;28.96;28.59;28.9;88875.55
1647723600000;28.92;29;28.74;28.75;41272.68
1647727200000;28.75;28.86;28.45;28.69;71695.9
1647730800000;28.68;28.77;28.57;28.65;39208.35
1647734400000;28.65;28.83;28.35;28.49;94612.48
1647738000000;28.49;28.54;28.22;28.52;99859.77
1647741600000;28.53;28.57;28.28;28.38;44750.81
1647745200000;28.39;28.5;28.33;28.4;41115.8
1647748800000;28.4;28.43;28.3;28.35;31756.05
1647752400000;28.35;28.55;28.31;28.53;31025.23
1647756000000;28.52;28.66;28.48;28.49;36202.07
1647759600000;28.48;28.63;28.46;28.57;38768.98
1647763200000;28.59;28.67;28.43;28.51;50284.83
1647766800000;28.51;28.53;28.14;28.37;97668.87
1647770400000;28.37;28.51;28.18;28.42;47563.05
1647774000000;28.43;28.58;28.16;28.16;104552.44
1647777600000;28.17;28.24;27.81;28.05;159945.83
1647781200000;28.06;28.1;27.91;28;42550.95
1647784800000;28;28.09;27.86;27.92;47578.35
1647788400000;27.91;28.04;27.71;27.83;108133.34
1647792000000;27.83;28.05;27.68;27.9;63024.84
1647795600000;27.89;27.98;27.47;27.66;111839.88
1647799200000;27.65;27.81;27.61;27.78;32821.66
1647802800000;27.77;27.91;27.73;27.87;27280.38
1647806400000;27.86;28.03;27.7;27.76;49174.5
1647810000000;27.75;27.92;27.67;27.79;28495.4
1647813600000;27.79;27.86;27.63;27.85;104417.74
1647817200000;27.85;27.93;27.68;27.84;48921.84
1647820800000;27.84;27.91;27.66;27.9;64996.55
1647824400000;27.9;28.03;27.87;27.98;58553.7
1647828000000;27.98;28.07;27.55;27.87;115886.92
1647831600000;27.88;28.16;27.83;27.98;82273.09
1647835200000;27.98;28.01;27.84;27.97;46320.03
1647838800000;27.97;28.21;27.96;28.19;52421.8
1647842400000;28.18;28.28;28.02;28.08;74618.35
1647846000000;28.08;28.26;27.99;28.26;58836.46
1647849600000;28.26;28.39;28.2;28.21;66439.71
1647853200000;28.21;28.33;28.11;28.31;49154
1647856800000;28.31;28.37;28.15;28.16;50669.77
1647860400000;28.16;28.36;28.12;28.13;78690.7
1647864000000;28.13;28.21;27.8;28.01;101003.36
1647867600000;28.01;28.26;27.94;27.94;70065.44
1647871200000;27.93;28.02;27.7;27.81;139024.67
1647874800000;27.82;28;27.71;27.99;121234.65
1647878400000;27.99;28;27.72;27.77;124664.24
1647882000000;27.77;27.93;27.68;27.92;106237.28
1647885600000;27.92;27.95;27.76;27.82;81644.93
1647889200000;27.82;27.97;27.79;27.97;67184.54
1647892800000;27.96;27.99;27.89;27.93;67891.53
1647896400000;27.93;27.99;27.9;27.95;23816.69
1647900000000;27.95;28.01;27.92;27.96;37684.36
1647903600000;27.96;28.02;27.92;27.93;42145.64
1647907200000;27.93;27.93;27.73;27.85;95107.77
1647910800000;27.85;27.85;27.64;27.74;91095.69
1647914400000;27.74;28.1;27.72;28.07;202814.95
1647918000000;28.06;28.45;28.06;28.25;232367.03
1647921600000;28.24;28.73;28.24;28.65;242159.55
1647925200000;28.66;28.67;28.41;28.43;69228.88
1647928800000;28.43;28.44;28.06;28.2;139150.59
1647932400000;28.21;28.4;28.16;28.36;58119.87
1647936000000;28.36;28.6;28.22;28.46;111511.03
1647939600000;28.46;28.48;28.2;28.24;93491.14
1647943200000;28.24;28.53;28.2;28.51;83371.93
1647946800000;28.51;28.58;28.39;28.53;94584.79
1647950400000;28.54;28.57;28.31;28.37;55078.94
1647954000000;28.37;28.7;28.34;28.49;155774.87
1647957600000;28.5;28.95;28.46;28.57;330529.83
1647961200000;28.58;28.64;28.2;28.24;398072.37
1647964800000;28.25;28.31;28.1;28.19;107893.79
1647968400000;28.19;28.38;28.17;28.25;58624.61
1647972000000;28.25;28.25;28.07;28.1;60096.69
1647975600000;28.09;28.29;27.86;27.86;116508.98
1647979200000;27.87;28.14;27.85;28.07;130080.5
1647982800000;28.07;28.31;28.04;28.29;96041.7
1647986400000;28.3;28.31;28.03;28.11;89588.88
1647990000000;28.11;28.16;27.96;28.02;61081.9
1647993600000;28.02;28.05;27.92;28.01;49703.56
1647997200000;28.01;28.01;27.75;27.91;141720.45
1648000800000;27.9;28.12;27.86;27.95;66190.59
1648004400000;27.94;28;27.8;27.8;39715.87
1648008000000;27.8;27.93;27.76;27.92;78534.62
1648011600000;27.92;27.99;27.83;27.94;26505.79
1648015200000;27.93;28.05;27.87;27.95;56738.93
1648018800000;27.95;28.01;27.62;27.76;240895.16
1648022400000;27.77;27.81;27.28;27.52;433455.59
1648026000000;27.53;27.57;27.16;27.41;490682.4
1648029600000;27.41;27.58;27.4;27.55;84495.17
1648033200000;27.55;27.58;27.37;27.51;71957.77
1648036800000;27.52;27.7;27.39;27.68;86885.28
1648040400000;27.67;27.74;27.55;27.59;73327.12
1648044000000;27.6;27.92;27.6;27.91;114573
1648047600000;27.91;28.19;27.8;28.11;213783.58
1648051200000;28.11;28.22;27.92;27.99;108994.03
1648054800000;27.99;28;27.65;27.75;116289.39
1648058400000;27.74;27.89;27.64;27.67;50484.08
1648062000000;27.67;27.88;27.65;27.74;50424.58
1648065600000;27.74;27.94;27.73;27.88;35641.25
1648069200000;27.9;27.94;27.8;27.9;39534.4
1648072800000;27.9;28.03;27.84;28.03;37972.04
1648076400000;28.02;28.38;27.98;28.25;134750.24
1648080000000;28.25;28.45;28.08;28.36;156833.7
1648083600000;28.36;28.43;28.05;28.2;81812.23
1648087200000;28.19;28.45;28.16;28.31;108531.97
1648090800000;28.31;28.35;28.09;28.11;57644.48
1648094400000;28.12;28.38;28.11;28.33;69446.09
1648098000000;28.34;28.5;28.24;28.5;82555.56
1648101600000;28.49;28.63;28.42;28.56;144238.25
1648105200000;28.57;28.6;28.39;28.51;78463.92
1648108800000;28.51;28.85;28.45;28.74;129905.26
1648112400000;28.74;28.74;28.32;28.54;322508.44
1648116000000;28.54;28.55;28.05;28.41;515781.44
1648119600000;28.4;28.49;28.27;28.37;81316.27
1648123200000;28.37;28.49;28.08;28.21;98318.81
1648126800000;28.2;28.28;27.95;28.26;136243.44
1648130400000;28.27;28.58;28.2;28.58;139841.56
1648134000000;28.57;28.99;28.47;28.89;319518.69
1648137600000;28.9;29.05;28.78;28.96;168600.8
1648141200000;28.97;29.45;28.94;28.97;338939.03
1648144800000;28.98;29.11;28.87;29.06;108506.94
1648148400000;29.06;29.37;29;29.25;132226.65
1648152000000;29.24;29.43;29.06;29.14;158376.35
1648155600000;29.15;29.31;29.04;29.22;60226.16
1648159200000;29.23;29.39;29.07;29.08;99511.48
1648162800000;29.08;29.28;28.95;29.27;108961.29
1648166400000;29.27;29.93;28.9;29.74;305563.77
1648170000000;29.74;30;29.46;29.55;288389.8
1648173600000;29.54;29.66;29.24;29.59;149333.37
1648177200000;29.58;29.59;29.28;29.42;149479.64
1648180800000;29.42;29.61;29.26;29.55;68728.66
1648184400000;29.54;29.57;29.37;29.38;50481.32
1648188000000;29.37;29.57;29.24;29.43;85394.74
1648191600000;29.44;29.51;29.12;29.15;103243.59
1648195200000;29.15;29.23;28.75;29.15;172882.48
1648198800000;29.15;29.34;28.97;29.22;99733.42
1648202400000;29.22;29.4;29.13;29.33;81183.73
1648206000000;29.34;29.57;29.29;29.5;124154.29
1648209600000;29.49;29.71;29.16;29.63;262477.73
1648213200000;29.63;29.64;29.23;29.34;144485.88
1648216800000;29.36;29.59;29.07;29.37;168194.73
1648220400000;29.37;29.37;28.51;28.66;309408.09
1648224000000;28.65;28.85;28.04;28.06;270318.8
1648227600000;28.06;28.21;27.65;28.02;255258.24
1648231200000;28.03;28.28;28.01;28.16;175310.54
1648234800000;28.16;28.18;27.87;28.17;78921.04
1648238400000;28.16;28.4;28.1;28.4;96222.81
1648242000000;28.4;28.4;28.21;28.34;36991.26
1648245600000;28.34;28.34;27.97;28;56263.44
1648249200000;27.99;28.18;27.95;28.12;38420.67
1648252800000;28.12;28.31;28.03;28.03;46612.7
1648256400000;28.03;28.23;28;28.17;44849.24
1648260000000;28.17;28.3;28.09;28.16;39421.38
1648263600000;28.16;28.39;28.09;28.32;51206.31
1648267200000;28.32;28.47;28.24;28.41;48072.48
1648270800000;28.41;28.5;28.24;28.49;63841.02
1648274400000;28.5;28.61;28.41;28.54;64312.73
1648278000000;28.53;28.73;28.42;28.66;56586.21
1648281600000;28.64;28.74;28.57;28.58;49309.4
1648285200000;28.59;28.61;28.45;28.5;52103.06
1648288800000;28.5;28.6;28.43;28.59;49974.39
1648292400000;28.59;28.96;28.56;28.78;94366.8
1648296000000;28.79;28.9;28.44;28.71;110997.67
1648299600000;28.71;28.76;28.44;28.58;92825.26
1648303200000;28.58;28.66;28.46;28.48;52493.61
1648306800000;28.49;28.75;28.46;28.64;71932.99
1648310400000;28.64;28.78;28.57;28.71;70828.56
1648314000000;28.72;28.78;28.66;28.71;30690.24
1648317600000;28.71;28.8;28.69;28.7;29576.09
1648321200000;28.7;28.8;28.69;28.77;38461.8
1648324800000;28.77;28.88;28.67;28.73;47854.32
1648328400000;28.72;28.74;28.51;28.67;68656.63
1648332000000;28.67;28.8;28.64;28.73;29533.39
1648335600000;28.72;28.91;28.72;28.78;46506.24
1648339200000;28.78;28.9;28.68;28.87;58256.86
1648342800000;28.88;29.09;28.8;29.07;75822.14
1648346400000;29.08;29.15;28.85;28.97;84838.45
1648350000000;28.97;28.98;28.82;28.94;31420.48
1648353600000;28.93;29.03;28.75;28.94;51453.76
1648357200000;28.93;28.96;28.88;28.9;41028.52
1648360800000;28.89;28.99;28.88;28.94;22653.46
1648364400000;28.94;29;28.9;28.97;31054.21
1648368000000;28.98;29.03;28.79;28.8;50810.5
1648371600000;28.8;28.87;28.72;28.73;40460.23
1648375200000;28.73;28.77;28.63;28.64;47678.56
1648378800000;28.64;28.78;28.6;28.7;50026.05
1648382400000;28.69;28.69;28.14;28.17;111781.3
1648386000000;28.16;28.45;28.1;28.44;71831.37
1648389600000;28.43;28.62;28.4;28.52;64662.47
1648393200000;28.52;28.73;28.37;28.64;101996.12
1648396800000;28.65;28.78;28.53;28.74;83504.04
1648400400000;28.74;28.82;28.69;28.81;45125.77
1648404000000;28.81;28.88;28.73;28.79;42872.38
1648407600000;28.8;28.98;28.77;28.91;61940.84
1648411200000;28.92;29.3;28.8;29.27;216644.55
1648414800000;29.26;29.5;29.13;29.48;143947.9
1648418400000;29.48;29.69;29.28;29.56;169139.11
1648422000000;29.55;29.98;29.48;29.96;144469.53
1648425600000;29.95;30.67;29.82;30.51;552995.83
1648429200000;30.5;30.67;30.24;30.33;136420.85
1648432800000;30.33;30.58;30.33;30.51;83873.45
1648436400000;30.51;30.79;30.31;30.44;181183.25
1648440000000;30.44;30.45;30.34;30.38;106582.85
1648443600000;30.38;30.62;30.33;30.56;117297.93
1648447200000;30.55;30.61;30.05;30.27;232988.19
1648450800000;30.27;30.48;30.24;30.38;86950.38
1648454400000;30.38;30.44;30.15;30.36;82280.67
1648458000000;30.37;30.59;30.3;30.57;109493.78
1648461600000;30.58;30.73;30.4;30.47;130184.7
1648465200000;30.47;30.61;30.4;30.46;88747.55
1648468800000;30.46;30.64;30.33;30.38;91944.61
1648472400000;30.38;31.27;30.33;31.16;298584.96
1648476000000;31.15;31.17;30.63;31.04;203713.78
1648479600000;31.05;31.12;30.54;30.56;193680.84
1648483200000;30.55;30.91;30.26;30.79;159057.5
1648486800000;30.8;30.96;30.67;30.85;116370.74
1648490400000;30.84;31.14;30.62;31.09;197335.98
1648494000000;31.08;31.29;30.83;31.12;212189.61
1648497600000;31.13;31.48;30.88;31.44;191354.51
1648501200000;31.44;31.48;30.18;30.56;219380.11
1648504800000;30.56;30.73;30.03;30.1;170810.6
1648508400000;30.09;30.29;29.14;29.38;417011.38
1648512000000;29.37;29.94;29.32;29.84;145085.37
1648515600000;29.84;30.33;29.76;30.19;121103.31
1648519200000;30.21;30.29;30.01;30.09;113092.12
1648522800000;30.09;30.14;29.83;29.9;140920.69
1648526400000;29.9;30.56;29.87;30.56;190561.83
1648530000000;30.55;31.16;30.5;31.05;300531.48
1648533600000;31.04;31.09;30.77;30.78;140418.2
1648537200000;30.79;31.03;30.64;30.7;149312.32
1648540800000;30.7;31.11;30.68;30.88;160323.26
1648544400000;30.88;30.96;30.59;30.66;142018.05
1648548000000;30.67;30.74;30.5;30.62;131580.44
1648551600000;30.62;30.83;30.54;30.82;185302.74
1648555200000;30.83;31.2;30.73;31.09;240037.39
1648558800000;31.1;31.57;30.85;31.23;580964.2
1648562400000;31.23;31.7;31.13;31.36;399145.09
1648566000000;31.35;31.48;30.28;30.5;384520.49
1648569600000;30.49;30.7;29.82;30.68;382106.08
1648573200000;30.69;30.71;29.97;30.4;186187.66
1648576800000;30.4;30.54;30.24;30.3;88475.63
1648580400000;30.32;30.67;30.27;30.45;112919.11
1648584000000;30.45;30.53;30;30.2;118114.11
1648587600000;30.2;30.27;29.82;29.88;129161.55
1648591200000;29.88;29.96;29.53;29.88;238012.4
1648594800000;29.88;30.29;29.76;30.23;127261.09
1648598400000;30.23;30.24;29.74;30.08;138689.7
1648602000000;30.08;30.08;29.29;29.52;205934.84
1648605600000;29.54;29.89;29.47;29.8;102317.33
1648609200000;29.81;30.16;29.8;30.14;121812.89
1648612800000;30.15;30.29;29.89;30.02;139639.27
1648616400000;30.02;30.5;29.97;30.47;138535.33
1648620000000;30.47;30.56;30.26;30.42;112104.02
1648623600000;30.42;30.59;30.3;30.5;79501.89
1648627200000;30.5;30.77;30.15;30.48;204491.96
1648630800000;30.49;30.54;30.08;30.2;133742.85
1648634400000;30.2;30.32;30.13;30.23;79803.11
1648638000000;30.24;30.42;30;30.32;138852.73
1648641600000;30.32;30.34;30;30.14;104342.59
1648645200000;30.15;30.17;29.69;29.88;231181.76
1648648800000;29.88;30.23;29.63;30.01;128948.95
1648652400000;30.01;30.5;29.69;30.49;159096.38
1648656000000;30.48;31.32;30.37;31;647922.92
1648659600000;31;31.22;30.79;31.2;223836.31
1648663200000;31.19;31.27;30.73;30.74;186140.99
1648666800000;30.73;30.74;30.03;30.31;247561.78
1648670400000;30.31;30.42;30.1;30.41;106445.37
1648674000000;30.42;30.5;30.1;30.17;69883.06
1648677600000;30.19;30.32;29.93;30.21;105827.78
1648681200000;30.22;30.42;29.88;30.05;136861.61
1648684800000;30.05;30.4;29.76;30.18;203974.97
1648688400000;30.19;30.71;30.12;30.58;137515.95
1648692000000;30.58;30.71;30.4;30.66;118552.08
1648695600000;30.67;30.79;30.17;30.31;232332.17
1648699200000;30.32;30.5;29.98;30.13;148705.32
1648702800000;30.13;30.41;30.02;30.4;79089.61
1648706400000;30.4;30.59;30.28;30.54;95254.57
1648710000000;30.54;30.7;30.42;30.63;102320.95
1648713600000;30.64;30.82;30.44;30.71;149384.79
1648717200000;30.71;30.8;30.52;30.72;69702.69
1648720800000;30.71;31.12;30.71;31.1;181447.71
1648724400000;31.1;31.19;30.61;30.69;153914.34
1648728000000;30.69;31.31;30.5;31.16;275708.89
1648731600000;31.16;31.32;30.22;30.24;394350.47
1648735200000;30.24;30.25;29.07;29.63;848453.02
1648738800000;29.63;29.81;29.32;29.69;279733.88
1648742400000;29.69;29.73;28.66;28.78;527010.38
1648746000000;28.78;29.13;28.72;29;127223.08
1648749600000;29.01;29.04;28.39;29.04;325490.23
1648753200000;29.05;29.05;28.71;28.75;86004.93
1648756800000;28.75;29.01;28.71;28.94;75135.81
1648760400000;28.94;29.01;28.79;28.85;53620.57
1648764000000;28.85;29.06;28.75;29.03;82874.87
1648767600000;29.03;29.09;28.59;28.89;103583.77
1648771200000;28.89;29.24;28.75;29.14;117800.28
1648774800000;29.13;29.13;28.59;28.67;115196.55
1648778400000;28.65;28.73;27.75;27.85;367520.32
1648782000000;27.84;28.06;27.7;28.06;174829.64
1648785600000;28.06;28.17;27.91;28.13;87270.08
1648789200000;28.12;28.39;28.1;28.21;69460.58
1648792800000;28.21;28.47;28.13;28.44;70807.67
1648796400000;28.44;28.68;28.43;28.66;103377.15
1648800000000;28.66;28.79;28.46;28.55;115624.66
1648803600000;28.55;28.65;28.38;28.41;78811.45
1648807200000;28.41;28.51;28.31;28.5;82335.71
1648810800000;28.49;28.53;28.27;28.33;67912.34
1648814400000;28.33;28.49;28.01;28.44;173393.88
1648818000000;28.44;28.85;28.44;28.66;174945.66
1648821600000;28.66;29.22;28.59;29.2;159559.52
1648825200000;29.19;29.47;29.08;29.34;191089.55
1648828800000;29.35;29.41;29.09;29.11;105446.29
1648832400000;29.11;29.63;29.02;29.55;127947.36
1648836000000;29.54;29.67;29.41;29.59;88405.74
1648839600000;29.59;29.62;29.4;29.59;69845.7
1648843200000;29.59;29.61;29.31;29.39;57724.55
1648846800000;29.38;29.6;29.37;29.51;37060.52
1648850400000;29.5;29.61;29.22;29.33;74381.44
1648854000000;29.32;29.42;29.12;29.41;87715.48
1648857600000;29.41;29.8;29.23;29.79;172420.41
1648861200000;29.78;30.25;29.72;30.01;372528.53
1648864800000;30.01;30.2;29.45;29.72;215546.17
1648868400000;29.71;29.94;29.6;29.89;119359.75
1648872000000;29.9;30.02;29.79;29.96;53290.46
1648875600000;29.96;30.09;29.86;29.99;72538.88
1648879200000;30;30.05;29.8;30;71093.13
1648882800000;30;30.13;29.87;30.05;94691.85
1648886400000;30.04;30.33;29.97;30.29;108149.44
1648890000000;30.29;30.44;30.17;30.38;102383.86
1648893600000;30.38;30.42;30.2;30.4;102663.1
1648897200000;30.4;30.42;30.12;30.12;75987.03
1648900800000;30.13;30.41;29.76;30.33;265364.71
1648904400000;30.33;30.85;30.3;30.58;293348.68
1648908000000;30.59;30.63;30.13;30.27;150516.96
1648911600000;30.27;30.28;29.51;29.94;412580.12
1648915200000;29.94;31.3;29.84;31.04;616924.35
1648918800000;31.04;31.32;30.8;31.29;243324.7
1648922400000;31.3;32.44;30.72;31.73;985718.99
1648926000000;31.73;32.24;31.67;31.92;234869.53
1648929600000;31.93;32.8;31.86;32.67;414084.9
1648933200000;32.68;32.7;31.99;32.18;226972.41
1648936800000;32.18;32.26;31.54;31.61;201373.28
1648940400000;31.62;31.74;31.2;31.3;247044.71
1648944000000;31.31;31.71;31.08;31.2;192286.17
1648947600000;31.19;31.23;30.5;30.98;419955.83
1648951200000;30.98;31.4;30.9;31.01;167873.7
1648954800000;31.01;31.9;30.95;31.59;250840.68
1648958400000;31.59;32.2;31.5;32.16;224248.43
1648962000000;32.17;32.38;31.9;32.32;236825.52
1648965600000;32.32;32.89;32.23;32.83;356317.69
1648969200000;32.83;33.06;32.49;32.62;423057.74
1648972800000;32.61;32.71;32.13;32.24;250347.41
1648976400000;32.24;33.14;31.96;32.79;577715.09
1648980000000;32.8;33.29;32.63;33.02;321996.69
1648983600000;33.03;33.14;32.65;33.01;254610.02
1648987200000;33;33.11;32.75;32.8;199368.29
1648990800000;32.81;33.04;32.52;32.55;223765.03
1648994400000;32.56;32.69;32.35;32.69;191690.71
1648998000000;32.69;32.95;32.2;32.25;214809.4
1649001600000;32.24;32.48;32.01;32.4;230540.75
1649005200000;32.4;32.59;31.67;31.95;301351.03
1649008800000;31.96;32.07;31.75;31.94;83493.36
1649012400000;31.93;32.06;31.68;31.73;112063.23
1649016000000;31.72;31.99;31.69;31.81;66976.28
1649019600000;31.81;32.39;31.78;32.33;83659.01
1649023200000;32.34;32.77;32.25;32.33;228578.38
1649026800000;32.32;32.33;31.82;31.97;170071.73
1649030400000;31.96;32.3;31.51;31.57;380150.33
1649034000000;31.58;32.25;31.52;32.08;187593.97
1649037600000;32.07;32.15;31.77;32.09;94709.16
1649041200000;32.08;32.28;31.84;31.84;67532.53
1649044800000;31.85;32.03;31.68;31.88;153143.22
1649048400000;31.88;32.28;31.79;32.21;96812.63
1649052000000;32.22;32.54;32.21;32.39;150151.25
1649055600000;32.39;32.53;32.28;32.37;98772.84
1649059200000;32.36;32.46;31.81;32.05;129878.34
1649062800000;32.04;32.05;31.52;31.55;163456.92
1649066400000;31.55;31.61;31.05;31.33;273221.02
1649070000000;31.33;31.49;31.13;31.35;118336.82
1649073600000;31.35;31.5;30.84;30.95;190292.32
1649077200000;30.94;31.21;30.66;31.11;215633.37
1649080800000;31.12;31.26;30.61;30.64;192235.73
1649084400000;30.64;30.74;30.33;30.44;303062.76
1649088000000;30.44;30.89;30.3;30.79;163823.26
1649091600000;30.77;30.86;30.07;30.3;219847.86
1649095200000;30.3;30.63;30.06;30.62;148670.46
1649098800000;30.63;30.97;30.53;30.91;139614.11
1649102400000;30.93;31.18;30.67;31.12;121921.9
1649106000000;31.12;31.26;31.02;31.14;63741.77
1649109600000;31.15;31.2;30.82;31.13;85380.26
1649113200000;31.13;31.2;30.77;30.85;108276.45
1649116800000;30.86;31.12;30.23;30.27;421652.14
1649120400000;30.28;30.6;30.2;30.51;223423.7
1649124000000;30.5;30.73;30.49;30.68;75484.57
1649127600000;30.69;30.84;30.62;30.75;76012.59
1649131200000;30.76;31.09;30.75;30.9;143486.03
1649134800000;30.89;30.96;30.76;30.92;120621.69
1649138400000;30.93;30.94;30.5;30.56;82973.67
1649142000000;30.57;30.92;30.51;30.87;55996.26
1649145600000;30.86;30.93;30.63;30.84;49506.59
1649149200000;30.83;30.89;30.42;30.48;99027.02
1649152800000;30.49;30.74;30.37;30.6;151641.1
1649156400000;30.61;30.64;30.33;30.52;250389.45
1649160000000;30.53;31.23;30.5;30.81;239216.1
1649163600000;30.8;30.9;30.22;30.4;250888.41
1649167200000;30.39;30.47;29.79;29.99;346084.39
1649170800000;29.99;30.13;29.85;29.89;174958.51
1649174400000;29.89;30.15;29.57;29.98;194289.05
1649178000000;29.98;30.27;29.93;30.13;114567.72
1649181600000;30.13;30.26;29.87;29.9;52547.52
1649185200000;29.89;30.06;29.46;30.05;204374.74
1649188800000;30.06;30.14;29.43;29.64;122444.14
1649192400000;29.63;29.69;29.27;29.68;110053.94
1649196000000;29.68;29.87;29.54;29.61;59473.18
1649199600000;29.61;29.69;29.14;29.29;106994.39
1649203200000;29.3;29.5;28.12;28.87;604023.76
1649206800000;28.88;29.13;28.84;28.93;112408.5
1649210400000;28.93;29.15;28.89;28.95;41532.26
1649214000000;28.95;29.01;28.67;28.75;64352.83
1649217600000;28.74;29.05;28.58;29.04;62321.69
1649221200000;29.03;29.26;29;29.16;136126.1
1649224800000;29.15;29.36;28.96;29.31;88410.06
1649228400000;29.31;29.35;29.09;29.15;63832.57
1649232000000;29.14;29.21;29;29.1;60413.02
1649235600000;29.1;29.15;28.81;29.12;56760
1649239200000;29.13;29.2;28.81;28.82;123811.44
1649242800000;28.83;28.87;28.25;28.46;241292.49
1649246400000;28.44;28.67;28.2;28.29;140537.74
1649250000000;28.27;28.59;27.61;27.76;339680.47
1649253600000;27.77;27.94;27.32;27.69;312585.52
1649257200000;27.69;27.92;27.3;27.7;205172.96
1649260800000;27.68;27.86;27.03;27.32;237824.14
1649264400000;27.33;27.54;26.81;27.41;233038.07
1649268000000;27.41;27.75;26.81;27.49;254266.65
1649271600000;27.5;27.88;27.23;27.5;167390.17
1649275200000;27.5;27.72;27.43;27.65;70905.02
1649278800000;27.66;27.71;27.5;27.53;43418.85
1649282400000;27.53;27.54;26.93;26.98;119253.23
1649286000000;26.99;27.29;26.66;26.89;171097.55
1649289600000;26.89;27.28;26.26;26.45;304671.44
1649293200000;26.45;27.15;26.41;27.11;137588.83
1649296800000;27.12;27.29;26.83;27.26;68617.61
1649300400000;27.26;27.31;26.97;27.02;92644.15
1649304000000;27.03;27.22;26.87;27.17;64959.88
1649307600000;27.17;27.2;26.9;27.17;46941.14
1649311200000;27.17;27.39;26.96;27.33;86222.85
1649314800000;27.33;27.6;27.28;27.48;96987.02
1649318400000;27.48;27.58;27.33;27.44;61014.92
1649322000000;27.44;27.44;27.07;27.32;67446.44
1649325600000;27.31;27.35;27.12;27.3;82684.82
1649329200000;27.3;27.67;27.15;27.56;140119.95
1649332800000;27.56;27.73;27.33;27.35;124187.45
1649336400000;27.35;27.43;27.09;27.39;113205.29
1649340000000;27.4;27.48;27.1;27.15;91144.19
1649343600000;27.15;27.27;26.69;27.21;157180.33
1649347200000;27.21;27.41;27.04;27.41;56418.79
1649350800000;27.4;27.59;27.25;27.45;99905.54
1649354400000;27.45;27.67;27.38;27.61;59286.67
1649358000000;27.6;27.67;27.48;27.5;70830.64
1649361600000;27.5;27.72;27.42;27.62;71842.46
1649365200000;27.62;27.64;27.26;27.44;45791.97
1649368800000;27.44;27.79;27.39;27.77;58797.37
1649372400000;27.77;27.9;27.65;27.66;62388.37
1649376000000;27.65;27.83;27.52;27.53;62675.43
1649379600000;27.54;27.83;27.5;27.75;40499.58
1649383200000;27.75;27.88;27.68;27.79;33938.93
1649386800000;27.78;27.94;27.73;27.85;70355.75
1649390400000;27.86;27.96;27.73;27.87;40400.07
1649394000000;27.87;27.99;27.79;27.83;42846.32
1649397600000;27.84;27.99;27.78;27.9;88229.4
1649401200000;27.9;27.97;27.62;27.93;80387.29
1649404800000;27.92;28.19;27.87;27.89;112314.43
1649408400000;27.88;28;27.73;27.82;49672.77
1649412000000;27.82;27.88;27.53;27.57;58399.18
1649415600000;27.57;27.57;27.16;27.21;141650.52
1649419200000;27.2;27.36;26.94;26.99;99588.58
1649422800000;26.98;27.56;26.81;27.54;200325.15
1649426400000;27.53;28.8;27.52;28.66;650554.08
1649430000000;28.66;28.95;28.42;28.53;218275.01
1649433600000;28.53;28.54;28.13;28.16;82334.73
1649437200000;28.15;28.18;27.7;28.04;179036.9
1649440800000;28.02;28.11;27.59;28.09;217239.66
1649444400000;28.08;28.2;27.69;27.77;140559.92
1649448000000;27.78;27.97;27.56;27.74;111096.36
1649451600000;27.72;27.95;27.22;27.24;137006.49
1649455200000;27.24;27.3;26.86;26.93;165596.35
1649458800000;26.92;27.04;26.62;26.88;170110.31
1649462400000;26.88;27.15;26.84;27.14;131528.68
1649466000000;27.14;27.22;26.92;27.14;47992.98
1649469600000;27.16;27.2;26.64;26.69;94950.38
1649473200000;26.69;26.94;26.59;26.89;58526.84
1649476800000;26.9;27.16;26.84;26.94;54002.26
1649480400000;26.95;27.16;26.94;27.13;58689.84
1649484000000;27.12;27.13;26.93;27;32420.37
1649487600000;27;27.09;26.89;27.08;41051.17
1649491200000;27.07;27.21;26.95;27.19;46950.85
1649494800000;27.19;27.22;26.99;27.06;45606.7
1649498400000;27.07;27.12;26.88;27.11;53325.2
1649502000000;27.11;27.19;27.03;27.09;42634.53
1649505600000;27.09;27.21;26.97;27.19;67931.38
1649509200000;27.19;27.47;27.12;27.22;104359.34
1649512800000;27.22;27.38;26.97;27.18;97099.07
1649516400000;27.18;27.2;26.7;26.77;90843.35
1649520000000;26.78;27.14;26.77;26.97;60402.26
1649523600000;26.97;27.21;26.92;27.13;27526.81
1649527200000;27.12;27.18;26.85;26.87;27391.78
1649530800000;26.86;26.97;26.82;26.89;24493.76
1649534400000;26.89;27.07;26.86;26.87;27946.02
1649538000000;26.86;27.09;26.84;27.01;23826.95
1649541600000;27.01;27.1;26.97;27.01;27792.21
1649545200000;27.01;27.31;27;27.27;62913.25
1649548800000;27.27;27.29;27.08;27.1;30771.95
1649552400000;27.1;27.3;27.07;27.22;19868.02
1649556000000;27.21;27.38;27.21;27.34;17461.56
1649559600000;27.34;27.39;27.24;27.24;25705.55
1649563200000;27.25;27.27;27.12;27.14;20286.8
1649566800000;27.14;27.2;26.97;27;30142.65
1649570400000;27;27.18;26.95;27.09;36750.9
1649574000000;27.08;27.09;26.89;26.96;23940.29
1649577600000;26.96;27.02;26.85;26.94;24870.97
1649581200000;26.94;26.97;26.82;26.91;19663.27
1649584800000;26.91;26.96;26.82;26.95;29546.55
1649588400000;26.96;27.05;26.89;26.99;28183.2
1649592000000;26.99;27.12;26.78;26.8;45041.99
1649595600000;26.81;26.83;26.4;26.53;147410.55
1649599200000;26.52;26.76;26.49;26.72;57932.77
1649602800000;26.72;26.78;26.62;26.74;23977.14
1649606400000;26.75;27;26.69;27;41935.5
1649610000000;27.01;27.37;27;27.25;100036.68
1649613600000;27.25;27.43;27.21;27.25;50064.43
1649617200000;27.25;27.32;27.19;27.21;37073.49
1649620800000;27.21;27.31;27.16;27.16;37849.07
1649624400000;27.17;27.24;26.86;26.87;41309.05
1649628000000;26.86;26.93;26.48;26.76;130512.36
1649631600000;26.76;26.85;26.42;26.5;67774.58
1649635200000;26.5;26.59;25.99;26.33;189781.24
1649638800000;26.32;26.58;26.28;26.28;57826.69
1649642400000;26.28;26.31;25.79;25.99;125947.75
1649646000000;25.99;26.12;25.82;26.1;64817.62
1649649600000;26.1;26.29;26.07;26.26;39683.56
1649653200000;26.28;26.37;26.19;26.33;59580.45
1649656800000;26.33;26.34;26.13;26.24;35604.69
1649660400000;26.25;26.39;26.17;26.37;48023.89
1649664000000;26.37;26.54;26.2;26.34;159211.81
1649667600000;26.34;26.34;25.14;25.16;311833.45
1649671200000;25.16;25.5;25.02;25.45;218456.87
1649674800000;25.43;25.47;25.03;25.11;161213
1649678400000;25.12;25.41;25.04;25.22;95033.13
1649682000000;25.22;25.49;24.84;25.24;295735.43
1649685600000;25.24;25.28;24.94;24.99;149438.77
1649689200000;24.98;25.11;24.76;24.78;63453.62
1649692800000;24.8;25.04;24.68;24.96;106975.81
1649696400000;24.97;25.18;24.82;25.07;121634.34
1649700000000;25.06;25.07;24.81;25.02;63329.01
1649703600000;25.03;25.09;24.48;24.63;171532.85
1649707200000;24.63;24.71;23.82;23.88;313116.91
1649710800000;23.88;24;23.43;23.65;152107.87
1649714400000;23.65;23.84;23.3;23.71;166928.78
1649718000000;23.71;23.87;23.67;23.85;92395.17
1649721600000;23.86;24.23;23.76;23.99;157322.64
1649725200000;23.99;24.2;23.91;24.09;81113.04
1649728800000;24.09;24.12;23.67;23.85;107411.4
1649732400000;23.85;23.98;23.77;23.97;78500.5
1649736000000;23.98;24.24;23.89;24.22;63045.95
1649739600000;24.21;24.54;24.17;24.53;106115.49
1649743200000;24.54;24.67;24.44;24.5;67167.33
1649746800000;24.49;24.79;24.44;24.73;141327.15
1649750400000;24.73;24.85;24.68;24.76;65046.99
1649754000000;24.76;24.79;24.61;24.69;81872.75
1649757600000;24.68;24.72;24.56;24.62;41975.02
1649761200000;24.61;25.04;24.55;24.95;103109.52
1649764800000;24.96;25.24;24.66;25.23;208358.69
1649768400000;25.23;25.26;25;25.2;145926.61
1649772000000;25.19;25.47;24.36;24.39;342958.47
1649775600000;24.38;24.81;24.35;24.49;121872.66
1649779200000;24.49;24.78;24.41;24.75;80228.46
1649782800000;24.75;24.84;24.48;24.57;68489.57
1649786400000;24.57;24.59;24.09;24.12;125629.08
1649790000000;24.11;24.27;23.89;23.96;115992.32
1649793600000;23.96;24.51;23.93;24.4;94294.18
1649797200000;24.4;24.67;24.38;24.62;42631.16
1649800800000;24.61;24.61;24.22;24.52;59317.62
1649804400000;24.51;24.75;24.5;24.64;65446.85
1649808000000;24.63;24.84;24.49;24.53;71493.41
1649811600000;24.52;24.63;24.35;24.62;58530.6
1649815200000;24.62;24.75;24.48;24.57;52909.33
1649818800000;24.57;24.82;24.53;24.61;41975.59
1649822400000;24.61;24.73;24.48;24.71;94051.17
1649826000000;24.72;24.81;24.65;24.78;32505.55
1649829600000;24.78;24.81;24.52;24.56;31573.05
1649833200000;24.55;24.75;24.5;24.71;45207.03
1649836800000;24.72;24.84;24.64;24.68;37434.32
1649840400000;24.67;24.74;24.53;24.62;73705.43
1649844000000;24.61;24.67;24.31;24.44;72561.08
1649847600000;24.45;24.61;24.26;24.28;63791.71
1649851200000;24.28;24.39;24.17;24.18;106204.61
1649854800000;24.19;24.77;24.1;24.74;123033.94
1649858400000;24.73;25;24.57;24.73;162418.13
1649862000000;24.74;25.11;24.74;24.99;120818.5
1649865600000;25;25.21;24.82;24.89;109511.89
1649869200000;24.89;24.95;24.74;24.81;87211.99
1649872800000;24.8;25.04;24.74;25.04;71116.01
1649876400000;25.04;25.12;24.79;24.8;52742.02
1649880000000;24.8;24.92;24.73;24.86;43786.92
1649883600000;24.87;24.96;24.8;24.86;29769.74
1649887200000;24.86;24.87;24.59;24.67;73704.92
1649890800000;24.67;24.74;24.52;24.7;90454.54
1649894400000;24.7;24.77;24.57;24.62;118286.18
1649898000000;24.62;25;24.61;24.99;100384.88
1649901600000;24.99;25.02;24.86;25;86212.31
1649905200000;25;25.07;24.75;24.77;112792.65
1649908800000;24.77;24.87;24.72;24.78;72517.02
1649912400000;24.78;24.98;24.78;24.97;49263.84
1649916000000;24.97;25.07;24.85;24.86;59423.27
1649919600000;24.86;25.11;24.77;24.96;53129.54
1649923200000;24.97;25.16;24.81;24.83;77143.09
1649926800000;24.83;24.92;24.61;24.9;90341.15
1649930400000;24.9;24.92;24.55;24.55;85931.11
1649934000000;24.55;24.62;24.43;24.62;98834.79
1649937600000;24.62;24.86;24.56;24.84;88751.85
1649941200000;24.84;24.96;24.27;24.36;173964.19
1649944800000;24.36;24.49;24.16;24.37;165067.09
1649948400000;24.36;24.41;23.86;23.89;186088.32
1649952000000;23.9;24.02;23.75;24.01;139783.66
1649955600000;24.01;24.16;23.95;24.13;65322.32
1649959200000;24.14;24.19;23.79;23.81;60321.52
1649962800000;23.81;24.01;23.78;23.94;45903.23
1649966400000;23.93;24.03;23.79;24.01;55312.8
1649970000000;24.01;24.05;23.95;24.03;23351.48
1649973600000;24.02;24.07;23.85;23.87;32934.99
1649977200000;23.87;24.04;23.82;23.96;91281.13
1649980800000;23.96;24.11;23.8;23.93;82544.56
1649984400000;23.92;24.08;23.87;24.08;64348.51
1649988000000;24.07;24.22;24.02;24.2;60955.82
1649991600000;24.2;24.34;24.2;24.33;74037.42
1649995200000;24.34;24.38;24.1;24.14;38246.05
1649998800000;24.15;24.27;24.11;24.14;33050.57
1650002400000;24.15;24.2;23.95;24.05;54755.31
1650006000000;24.05;24.14;23.83;24.04;65042.94
1650009600000;24.04;24.13;23.92;24.02;42811.65
1650013200000;24.03;24.12;23.98;24.05;25272.79
1650016800000;24.05;24.19;24.02;24.11;48372.26
1650020400000;24.12;24.2;24.06;24.17;49973.93
1650024000000;24.17;24.24;24.02;24.05;34544.27
1650027600000;24.06;24.1;23.86;23.87;53479.27
1650031200000;23.87;24.26;23.76;24.08;92102.79
1650034800000;24.09;24.18;24.04;24.06;48177.45
1650038400000;24.06;24.13;23.88;24.09;49310.04
1650042000000;24.09;24.21;24.06;24.15;68060.05
1650045600000;24.16;24.19;24.05;24.1;24004.85
1650049200000;24.1;24.1;24;24.06;39133.23
1650052800000;24.05;24.2;24;24.18;65381.55
1650056400000;24.18;24.19;24.12;24.14;13640.48
1650060000000;24.13;24.14;23.98;24.07;55897.52
1650063600000;24.07;24.15;24.03;24.08;36395.3
1650067200000;24.1;24.21;24.03;24.19;31453.62
1650070800000;24.2;24.31;24.16;24.29;46477.83
1650074400000;24.3;24.33;24.21;24.28;23431.19
1650078000000;24.27;24.28;24.12;24.16;19425.8
1650081600000;24.17;24.26;24.14;24.24;29668.9
1650085200000;24.25;24.29;24.19;24.22;24012.66
1650088800000;24.22;24.24;24.15;24.23;21601.96
1650092400000;24.23;24.25;24.16;24.25;18547.65
1650096000000;24.25;24.29;24.15;24.24;21614.93
1650099600000;24.24;24.28;24.12;24.14;21392.66
1650103200000;24.14;24.26;24.12;24.22;24198.55
1650106800000;24.23;24.34;24.19;24.24;43215.11
1650110400000;24.23;24.48;24.23;24.4;75102.3
1650114000000;24.4;24.42;24.23;24.3;27741.08
1650117600000;24.3;24.31;24.22;24.3;27324.41
1650121200000;24.3;24.35;23.79;23.93;148890.92
1650124800000;23.93;24.04;23.86;24.03;35827.23
1650128400000;24.03;24.06;23.93;23.96;28160.45
1650132000000;23.96;24.01;23.91;24;20886.86
1650135600000;23.99;24.09;23.99;24.06;19837.93
1650139200000;24.05;24.19;24.02;24.13;33759.2
1650142800000;24.13;24.27;24.13;24.19;27448.14
1650146400000;24.21;24.3;24.15;24.18;39271.14
1650150000000;24.17;24.3;24.16;24.18;20555.74
1650153600000;24.18;24.2;24.08;24.12;26147.89
1650157200000;24.13;24.24;24.11;24.15;21589.52
1650160800000;24.15;24.16;23.91;23.98;27324.7
1650164400000;23.97;24.12;23.91;24.03;74270.18
1650168000000;24.03;24.14;24.02;24.13;11120.78
1650171600000;24.14;24.18;24.09;24.12;17342.05
1650175200000;24.12;24.15;24.06;24.1;12136.56
1650178800000;24.1;24.14;24;24.08;19674.15
1650182400000;24.08;24.11;24.05;24.07;15613.1
1650186000000;24.08;24.13;24.07;24.11;25696.27
1650189600000;24.11;24.15;24.07;24.09;17409.54
1650193200000;24.1;24.17;24.04;24.16;17426.23
1650196800000;24.17;24.23;24.11;24.19;20050.52
1650200400000;24.19;24.36;24.15;24.18;80215.5
1650204000000;24.18;24.3;24.1;24.23;40874.75
1650207600000;24.23;24.4;24.18;24.34;47051.84
1650211200000;24.34;24.48;24.27;24.3;55199.47
1650214800000;24.3;24.32;24.11;24.17;32545.84
1650218400000;24.17;24.2;23.97;24.05;58540.52
1650222000000;24.05;24.21;24;24.13;39480.17
1650225600000;24.14;24.15;24;24.03;25047.58
1650229200000;24.03;24.09;23.99;24.07;19775.6
1650232800000;24.07;24.07;23.79;23.8;75353.96
1650236400000;23.81;23.81;23.09;23.21;310076.59
1650240000000;23.22;23.37;23.11;23.35;87725.74
1650243600000;23.35;23.46;23.27;23.38;40631.22
1650247200000;23.38;23.5;23.37;23.49;31907.33
1650250800000;23.49;23.57;23.43;23.5;46183.05
1650254400000;23.49;23.52;22.44;22.53;414853.42
1650258000000;22.52;22.81;22.46;22.64;144442.78
1650261600000;22.64;22.9;22.63;22.8;80622.37
1650265200000;22.81;22.88;22.54;22.63;108107.42
1650268800000;22.63;22.8;22.6;22.62;69316.9
1650272400000;22.62;22.74;22.54;22.73;83653.82
1650276000000;22.73;22.92;22.69;22.73;68425.86
1650279600000;22.73;22.97;22.73;22.87;54914.81
1650283200000;22.87;23.28;22.86;23.15;165133.65
1650286800000;23.15;23.34;23.08;23.14;123931.95
1650290400000;23.14;23.41;23.14;23.41;121404.26
1650294000000;23.41;23.42;23.06;23.16;100117.44
1650297600000;23.16;23.46;22.97;23.29;140703.37
1650301200000;23.29;23.85;23.27;23.7;295555.8
1650304800000;23.7;23.97;23.69;23.84;153479.91
1650308400000;23.83;23.87;23.62;23.71;84102.29
1650312000000;23.71;23.83;23.69;23.72;58356.82
1650315600000;23.72;23.96;23.72;23.86;54652.09
1650319200000;23.85;23.89;23.77;23.89;56320.39
1650322800000;23.88;24.14;23.87;24.07;87014.5
1650326400000;24.07;24.42;24.06;24.25;145382.9
1650330000000;24.26;24.26;24.02;24.07;72854.82
1650333600000;24.07;24.09;23.84;23.86;79218.5
1650337200000;23.87;24.03;23.87;23.93;40049.52
1650340800000;23.93;24.15;23.9;24.13;38201.32
1650344400000;24.14;24.15;24.01;24.04;43748.23
1650348000000;24.04;24.12;23.98;23.99;49698.76
1650351600000;23.99;24.06;23.89;23.94;34616.08
1650355200000;23.95;24.03;23.88;23.89;37375.68
1650358800000;23.89;23.94;23.76;23.8;55606.08
1650362400000;23.79;23.94;23.78;23.88;108868.26
1650366000000;23.88;24.1;23.87;23.88;110134.27
1650369600000;23.87;24.08;23.83;24.05;64467.84
1650373200000;24.06;24.38;23.89;24.36;179231.79
1650376800000;24.36;24.53;24.28;24.44;181638.49
1650380400000;24.43;24.59;24.3;24.35;101275.17
1650384000000;24.35;24.72;24.31;24.52;144069.97
1650387600000;24.53;24.55;24.25;24.41;87646.49
1650391200000;24.41;24.44;24.33;24.36;44810.03
1650394800000;24.36;24.55;24.33;24.52;52627.65
1650398400000;24.51;24.52;24.32;24.46;43142.73
1650402000000;24.47;24.59;24.45;24.57;30085.59
1650405600000;24.57;24.66;24.49;24.55;29939.28
1650409200000;24.55;24.72;24.53;24.67;37636.33
1650412800000;24.66;24.75;24.33;24.45;70654.74
1650416400000;24.45;24.6;24.35;24.57;44049.33
1650420000000;24.57;24.59;24.38;24.54;31821.64
1650423600000;24.55;24.73;24.5;24.71;65936.18
1650427200000;24.72;24.83;24.51;24.58;63239.06
1650430800000;24.59;24.77;24.56;24.74;70610.75
1650434400000;24.74;24.79;24.68;24.77;31442.53
1650438000000;24.78;24.92;24.65;24.75;109337.42
1650441600000;24.75;24.86;24.69;24.83;56254.84
1650445200000;24.84;24.87;24.69;24.74;51409.88
1650448800000;24.74;25;24.69;24.98;99104.85
1650452400000;24.97;25.06;24.86;25.04;113128.64
1650456000000;25.03;25.09;24.92;24.98;69583.11
1650459600000;24.97;24.99;24.53;24.68;181037.43
1650463200000;24.68;24.78;24.54;24.62;109477.54
1650466800000;24.63;24.64;24.15;24.28;168736.85
1650470400000;24.28;24.44;24.1;24.42;103706.05
1650474000000;24.43;24.49;24.33;24.42;45916.59
1650477600000;24.42;24.42;24.02;24.14;96557.33
1650481200000;24.13;24.24;24.07;24.2;43870.12
1650484800000;24.21;24.31;24.11;24.29;46863.16
1650488400000;24.29;24.36;24.22;24.28;26453.64
1650492000000;24.27;24.44;24.27;24.42;31002.32
1650495600000;24.42;24.46;24.24;24.27;33015.67
1650499200000;24.27;24.48;24.23;24.45;66872.44
1650502800000;24.45;24.57;24.34;24.53;58715.49
1650506400000;24.53;24.6;24.43;24.52;47528.01
1650510000000;24.52;24.53;24.43;24.51;46835.19
1650513600000;24.51;24.56;24.37;24.44;80520.23
1650517200000;24.44;24.5;24.16;24.19;59360.17
1650520800000;24.19;24.28;24.1;24.22;37126.47
1650524400000;24.22;24.42;24.17;24.38;65013.99
1650528000000;24.38;24.44;24.23;24.4;115467.73
1650531600000;24.4;24.42;24.11;24.16;51728.32
1650535200000;24.16;24.67;24.14;24.59;141635.74
1650538800000;24.59;24.81;24.56;24.58;120095.95
1650542400000;24.59;24.76;24.48;24.71;69236.14
1650546000000;24.71;24.97;24.7;24.77;113576.29
1650549600000;24.78;24.79;24.59;24.72;83782.94
1650553200000;24.72;24.79;24.6;24.62;79310.68
1650556800000;24.62;24.64;24.22;24.22;179422.08
1650560400000;24.21;24.33;24.15;24.24;66010.35
1650564000000;24.23;24.36;24.11;24.17;87366.24
1650567600000;24.16;24.16;23.72;23.75;144533.99
1650571200000;23.74;23.8;23.42;23.45;138157.05
1650574800000;23.46;23.54;23.35;23.38;55819.8
1650578400000;23.38;23.4;22.88;23.2;231905.91
1650582000000;23.2;23.32;23.18;23.3;78901.02
1650585600000;23.31;23.55;23.25;23.49;111325.05
1650589200000;23.49;23.58;23.39;23.47;104065.8
1650592800000;23.46;23.57;23.45;23.53;58311.59
1650596400000;23.53;23.65;23.49;23.61;51811.45
1650600000000;23.61;23.73;23.59;23.69;53041.87
1650603600000;23.69;23.81;23.67;23.81;55158.93
1650607200000;23.8;23.87;23.69;23.72;37420.89
1650610800000;23.73;23.8;23.42;23.61;84286.4
1650614400000;23.62;23.67;23.5;23.57;43694.84
1650618000000;23.56;23.62;23.36;23.39;63011.5
1650621600000;23.38;23.6;23.33;23.58;61340.66
1650625200000;23.59;23.8;23.55;23.69;47004.22
1650628800000;23.69;23.73;23.49;23.55;70412.54
1650632400000;23.54;23.67;23.3;23.38;134892.57
1650636000000;23.38;23.51;23.18;23.28;142576.15
1650639600000;23.28;23.39;23.04;23.14;126332.89
1650643200000;23.14;23.19;22.91;23.08;143555.25
1650646800000;23.08;23.23;23.04;23.12;39445.88
1650650400000;23.12;23.41;23.07;23.31;61098.96
1650654000000;23.33;23.35;23.05;23.07;137724.97
1650657600000;23.08;23.27;23.06;23.24;65571.36
1650661200000;23.23;23.25;23.06;23.08;44551.78
1650664800000;23.08;23.1;22.87;23.09;61978.66
1650668400000;23.09;23.15;23;23.1;33622.35
1650672000000;23.1;23.26;22.95;22.99;60471.28
1650675600000;22.99;23.16;22.98;23.11;31748.21
1650679200000;23.12;23.12;22.91;22.95;31701.08
1650682800000;22.95;23.05;22.89;23.01;22567.21
1650686400000;23.02;23.2;22.75;22.98;91541.67
1650690000000;22.98;23.03;22.93;22.98;44270.86
1650693600000;22.98;23.1;22.95;22.99;22567.67
1650697200000;23;23.07;22.94;22.99;69719.12
1650700800000;22.99;23.17;22.95;23.14;59721.02
1650704400000;23.14;23.19;23.07;23.11;42824.36
1650708000000;23.11;23.16;23.05;23.14;20383.32
1650711600000;23.14;23.2;23.07;23.13;25829.38
1650715200000;23.13;23.23;22.98;23.13;54643.9
1650718800000;23.13;23.2;23.09;23.15;44605.06
1650722400000;23.15;23.19;23.04;23.16;46798.51
1650726000000;23.16;23.22;23.1;23.18;31629.77
1650729600000;23.19;23.32;23.14;23.29;50307.96
1650733200000;23.28;23.32;23.19;23.32;35698.38
1650736800000;23.31;23.31;23.11;23.19;39296.3
1650740400000;23.19;23.28;23.11;23.24;21326.8
1650744000000;23.25;23.35;23.24;23.27;32379.5
1650747600000;23.28;23.39;23.24;23.3;21457.38
1650751200000;23.31;23.41;23.24;23.34;26643.84
1650754800000;23.34;23.49;23.13;23.21;80053.34
1650758400000;23.22;23.3;23.06;23.09;70122.98
1650762000000;23.09;23.13;22.94;22.95;48121.82
1650765600000;22.96;23.06;22.88;23;64944.65
1650769200000;23;23.19;22.97;23.14;27910.72
1650772800000;23.14;23.17;23.05;23.1;19923.24
1650776400000;23.09;23.13;23.06;23.06;15755.57
1650780000000;23.06;23.24;23.05;23.21;17379.15
1650783600000;23.21;23.23;23.11;23.13;11324.65
1650787200000;23.14;23.21;22.99;23.01;81878.37
1650790800000;23.01;23.1;22.94;23.04;33053.53
1650794400000;23.04;23.1;22.9;22.96;26390.44
1650798000000;22.96;22.98;22.78;22.84;48947.58
1650801600000;22.85;22.93;22.79;22.84;45989.61
1650805200000;22.84;22.85;22.6;22.81;78067.41
1650808800000;22.81;22.95;22.7;22.89;70075.35
1650812400000;22.89;22.93;22.72;22.82;33808.6
1650816000000;22.83;22.86;22.33;22.59;184677.74
1650819600000;22.58;22.6;22.28;22.37;94435.74
1650823200000;22.37;22.6;22.37;22.58;51090.5
1650826800000;22.59;22.68;22.58;22.63;33150.75
1650830400000;22.64;22.66;22.33;22.35;58084.5
1650834000000;22.35;22.47;22.31;22.43;43173.64
1650837600000;22.42;22.51;22.37;22.45;46040.11
1650841200000;22.45;22.46;22.28;22.29;41711.69
1650844800000;22.29;22.38;21.56;21.59;339029.03
1650848400000;21.59;21.9;21.5;21.85;145069.13
1650852000000;21.85;21.88;21.67;21.8;97211.77
1650855600000;21.8;21.95;21.79;21.83;100708.37
1650859200000;21.83;21.85;21.68;21.69;48986.74
1650862800000;21.7;21.73;21.44;21.48;96942.23
1650866400000;21.49;21.55;21.02;21.07;176534.79
1650870000000;21.07;21.13;20.78;20.97;278162.89
1650873600000;20.97;21.12;20.9;20.95;98962.29
1650877200000;20.95;21.17;20.83;21.13;102487.99
1650880800000;21.13;21.16;21.02;21.07;58471.94
1650884400000;21.07;21.41;20.99;21.41;152695.2
1650888000000;21.41;21.56;21.31;21.33;110303.34
1650891600000;21.32;21.48;21.06;21.25;197204.84
1650895200000;21.25;21.59;21.15;21.38;140656.85
1650898800000;21.37;21.57;21.32;21.38;111674.39
1650902400000;21.37;21.86;21.34;21.8;228076.28
1650906000000;21.81;21.94;21.73;21.74;92275.97
1650909600000;21.75;22.01;21.66;21.87;109784.97
1650913200000;21.86;22.05;21.74;22.03;112322.04
1650916800000;22.02;22.09;21.91;21.96;49350.28
1650920400000;21.97;22.07;21.93;22.04;28872.85
1650924000000;22.04;22.14;21.91;22.13;96230.18
1650927600000;22.13;22.19;22.1;22.13;47627.46
1650931200000;22.12;22.28;22.11;22.23;56586.73
1650934800000;22.23;22.24;21.99;22;57567.36
1650938400000;22;22.06;21.88;21.92;73503.72
1650942000000;21.91;22.05;21.91;21.96;38764.84
1650945600000;21.97;22.1;21.94;22.07;31330.71
1650949200000;22.07;22.18;22.06;22.1;29626.06
1650952800000;22.1;22.2;22.08;22.13;43692.1
1650956400000;22.14;22.25;22.07;22.11;69068.01
1650960000000;22.12;22.3;22.11;22.25;61062.79
1650963600000;22.25;22.25;22.02;22.1;48369.77
1650967200000;22.1;22.16;22;22.01;46319.77
1650970800000;22.02;22.06;21.76;21.88;178378.44
1650974400000;21.88;21.9;21.62;21.69;90565.98
1650978000000;21.69;21.76;21.45;21.49;164927.33
1650981600000;21.49;21.55;21.06;21.1;217964.61
1650985200000;21.09;21.24;20.75;20.81;186231.73
1650988800000;20.8;21.01;20.68;20.91;168446.37
1650992400000;20.91;20.93;20.54;20.75;279623.24
1650996000000;20.75;20.81;20.53;20.8;83507.93
1650999600000;20.8;20.81;20.31;20.62;176336.93
1651003200000;20.62;20.73;20.34;20.5;114725.82
1651006800000;20.5;20.66;20.44;20.6;51359.11
1651010400000;20.6;20.66;20.49;20.52;42133.46
1651014000000;20.52;20.56;19.97;20.3;383960.66
1651017600000;20.31;20.48;20.12;20.34;151631.73
1651021200000;20.34;20.59;20.32;20.58;66024.35
1651024800000;20.59;20.68;20.47;20.67;75016.64
1651028400000;20.67;20.7;20.52;20.55;47355.33
1651032000000;20.55;20.62;20.5;20.59;31575.13
1651035600000;20.6;20.75;20.55;20.72;58620.82
1651039200000;20.72;20.94;20.71;20.87;64832.1
1651042800000;20.88;21.14;20.88;21.14;110376.41
1651046400000;21.15;21.2;20.83;20.99;131524.09
1651050000000;20.99;21.61;20.95;21.09;362041.44
1651053600000;21.09;21.12;20.85;20.91;92242.71
1651057200000;20.91;20.99;20.58;20.69;129021.56
1651060800000;20.69;21.06;20.69;21.01;143560.84
1651064400000;21.02;21.43;20.91;21.25;170422.3
1651068000000;21.26;21.81;20.97;21.63;516936.11
1651071600000;21.63;21.88;21.55;21.77;299500.79
1651075200000;21.77;21.88;21.59;21.65;142080.88
1651078800000;21.65;21.65;21.39;21.52;123089.67
1651082400000;21.53;21.7;21.27;21.34;80487.78
1651086000000;21.34;21.42;21.14;21.29;89085.81
1651089600000;21.29;21.57;21.28;21.5;69091.87
1651093200000;21.51;21.7;21.34;21.59;138755.91
1651096800000;21.59;21.68;21.5;21.51;33723.69
1651100400000;21.51;21.7;21.42;21.43;133862.81
1651104000000;21.44;21.47;21.27;21.32;102627.51
1651107600000;21.31;21.46;21.13;21.19;73222.83
1651111200000;21.19;21.32;21.14;21.27;37097.25
1651114800000;21.28;21.3;21.07;21.11;49560.76
1651118400000;21.11;21.21;21.09;21.19;53125.91
1651122000000;21.2;21.31;21.03;21.16;50561.66
1651125600000;21.16;21.29;21.08;21.22;28281.63
1651129200000;21.23;21.39;21.12;21.19;75564.52
1651132800000;21.19;21.37;21.08;21.29;110908.43
1651136400000;21.3;21.4;21.23;21.3;147856.98
1651140000000;21.3;21.31;21.11;21.15;120076.18
1651143600000;21.15;21.36;21.13;21.33;49227.3
1651147200000;21.32;21.36;20.93;20.96;210600.61
1651150800000;20.97;21.29;20.71;20.92;361722.7
1651154400000;20.91;20.91;20.5;20.61;211196.87
1651158000000;20.61;20.99;20.42;20.61;304028.34
1651161600000;20.61;20.91;20.44;20.87;192942.75
1651165200000;20.87;21.03;20.75;21;152251.76
1651168800000;21;21.08;20.91;21.02;105920.65
1651172400000;21.02;21.12;20.77;20.86;84661.86
1651176000000;20.86;21;20.68;20.85;117658.07
1651179600000;20.85;20.91;20.65;20.79;40395.3
1651183200000;20.79;20.84;20.59;20.81;55460.62
1651186800000;20.81;20.88;20.67;20.75;69107.56
1651190400000;20.74;20.88;20.7;20.86;60709.67
1651194000000;20.86;20.88;20.69;20.73;74471.86
1651197600000;20.73;20.77;20.31;20.41;133132.99
1651201200000;20.4;20.54;20.37;20.46;51613.35
1651204800000;20.46;20.52;20.25;20.48;103761.93
1651208400000;20.48;20.55;20.46;20.52;49934.53
1651212000000;20.53;20.78;20.43;20.76;146978.74
1651215600000;20.75;20.83;20.62;20.81;58141.53
1651219200000;20.81;20.86;20.64;20.66;42062.12
1651222800000;20.65;20.65;20.35;20.46;190650.05
1651226400000;20.45;20.53;20.03;20.05;157182.94
1651230000000;20.06;20.13;19.83;20.04;145904.43
1651233600000;20.03;20.34;19.93;20.18;76052.58
1651237200000;20.17;20.4;20.07;20.35;141252.17
1651240800000;20.34;20.36;19.97;20.06;113081.08
1651244400000;20.06;20.16;19.95;20.11;73831.82
1651248000000;20.11;20.22;19.74;19.89;141203.05
1651251600000;19.89;20.07;19.87;19.97;95213.52
1651255200000;19.98;20.02;19.43;19.65;198912.78
1651258800000;19.66;19.7;19.23;19.43;267975.9
1651262400000;19.43;20;19.41;19.65;321530.15
1651266000000;19.64;19.66;19.45;19.49;77657.83
1651269600000;19.5;19.56;19.34;19.51;71988.87
1651273200000;19.5;19.59;19.41;19.44;75486.7
1651276800000;19.44;19.57;19.39;19.51;71597.75
1651280400000;19.51;19.54;19.37;19.44;77811.71
1651284000000;19.44;19.58;19.38;19.39;53552.4
1651287600000;19.4;19.42;19.25;19.26;63603.09
1651291200000;19.27;19.41;19.26;19.4;53580.03
1651294800000;19.4;19.53;19.36;19.5;48435.36
1651298400000;19.5;19.52;19.31;19.38;46358.48
1651302000000;19.39;19.42;19.12;19.17;119666.13
1651305600000;19.17;19.2;18.9;19.05;179250.36
1651309200000;19.05;19.11;18.94;19.01;85391.51
1651312800000;19.01;19.06;18.89;18.91;75339.12
1651316400000;18.92;19.09;18.91;19.02;71690.65
1651320000000;19.02;19.08;18.95;18.96;60478.94
1651323600000;18.96;19.02;18.64;18.76;117320.02
1651327200000;18.76;18.9;18.33;18.37;188501.46
1651330800000;18.37;18.77;18.27;18.64;251157.53
1651334400000;18.65;18.75;18.35;18.39;130115.58
1651338000000;18.37;18.46;18.21;18.42;217451.75
1651341600000;18.42;18.59;18.29;18.47;141424.76
1651345200000;18.46;18.71;18.41;18.64;121410.05
1651348800000;18.64;18.67;18.5;18.52;45506.92
1651352400000;18.53;18.56;18.46;18.46;37340.06
1651356000000;18.46;18.53;18.15;18.18;205931
1651359600000;18.18;18.28;17.24;17.84;763016.47
1651363200000;17.85;18.25;17.78;17.98;222503.33
1651366800000;17.98;18.43;17.74;18.31;208410.73
1651370400000;18.3;18.34;18.07;18.11;78617.53
1651374000000;18.11;18.36;18.09;18.33;57705.66
1651377600000;18.32;18.39;18.08;18.13;57025.86
1651381200000;18.14;18.62;18.14;18.52;196864.01
1651384800000;18.53;18.68;18.38;18.42;116882.86
1651388400000;18.42;18.46;18.21;18.3;120389.45
1651392000000;18.3;18.53;18.25;18.47;84299.36
1651395600000;18.47;18.5;18.26;18.32;67297.64
1651399200000;18.31;18.45;18.27;18.35;42646.56
1651402800000;18.35;18.36;18.17;18.19;42144.32
1651406400000;18.19;18.25;17.96;18.03;133504.58
1651410000000;18.03;18.09;17.87;17.91;80301.55
1651413600000;17.91;17.96;17.64;17.66;128672.3
1651417200000;17.67;18.31;17.66;18.25;221556.07
1651420800000;18.26;18.64;18.18;18.5;175052.32
1651424400000;18.5;18.68;18.35;18.36;75599.9
1651428000000;18.35;18.41;17.91;17.93;134567.48
1651431600000;17.92;17.95;17.57;17.73;189492.02
1651435200000;17.73;18.03;17.67;18.01;109989.85
1651438800000;18.01;18.07;17.77;18;66806.36
1651442400000;17.99;18.14;17.68;17.78;214756.36
1651446000000;17.79;18.12;17.7;18;160184.57
1651449600000;18;18.31;17.97;18.19;139966.31
1651453200000;18.19;18.33;18.03;18.04;95497.08
1651456800000;18.04;18.08;17.86;18.05;94083.3
1651460400000;18.06;18.11;18;18;55709.18
1651464000000;18.01;18.25;17.92;18.24;122289.18
1651467600000;18.24;18.25;18.1;18.21;103234.92
1651471200000;18.2;18.36;18.14;18.14;94030.01
1651474800000;18.13;18.3;18.07;18.11;108071.26
1651478400000;18.11;18.15;17.84;17.89;121595.1
1651482000000;17.88;18.07;17.79;17.82;137520.83
1651485600000;17.81;17.85;17.58;17.67;161640.36
1651489200000;17.67;17.69;17.32;17.37;200940.42
1651492800000;17.37;17.65;17.33;17.39;152198
1651496400000;17.39;17.86;17.3;17.73;471380.81
1651500000000;17.72;17.98;17.51;17.82;278946.85
1651503600000;17.82;17.99;17.73;17.95;141625.52
1651507200000;17.96;18.08;17.71;17.73;170535.22
1651510800000;17.73;17.82;17.36;17.45;165335.54
1651514400000;17.44;17.55;17.22;17.38;149386.37
1651518000000;17.38;17.92;17.33;17.79;233601.36
1651521600000;17.8;17.83;17.61;17.64;76271.59
1651525200000;17.64;18.02;17.62;18;38027.24
1651528800000;18.01;18.09;17.84;17.86;60307.72
1651532400000;17.86;18.02;17.77;17.8;61651.25
1651536000000;17.8;17.85;17.68;17.76;107714.58
1651539600000;17.75;17.93;17.69;17.87;109848.08
1651543200000;17.87;18;17.73;17.9;62396.88
1651546800000;17.9;18.15;17.89;18.02;97028.62
1651550400000;18.03;18.41;18.03;18.36;181032.92
1651554000000;18.36;18.57;18.21;18.52;130446.98
1651557600000;18.51;18.82;18.48;18.67;146335.28
1651561200000;18.67;18.72;18.53;18.61;91412.5
1651564800000;18.62;18.86;18.61;18.62;126598.58
1651568400000;18.62;18.72;18.47;18.51;125095.77
1651572000000;18.5;18.56;18.31;18.39;87562.58
1651575600000;18.39;18.99;18.32;18.83;333500.25
1651579200000;18.83;18.9;18.55;18.56;124500.32
1651582800000;18.56;18.67;18.41;18.47;146327.84
1651586400000;18.48;18.53;18.23;18.4;171607.99
1651590000000;18.41;18.55;18.23;18.32;131333.33
1651593600000;18.31;18.37;18.07;18.12;108090.18
1651597200000;18.14;18.27;18.06;18.09;61180.03
1651600800000;18.08;18.09;17.75;17.87;257256.08
1651604400000;17.87;17.87;17.53;17.61;160163.52
1651608000000;17.6;17.68;17.47;17.66;119897.72
1651611600000;17.65;17.67;17.45;17.64;88742.07
1651615200000;17.63;17.79;17.56;17.66;83246.88
1651618800000;17.67;17.76;17.54;17.57;105513.51
1651622400000;17.58;17.81;17.47;17.78;90605.39
1651626000000;17.79;17.86;17.78;17.82;70460.39
1651629600000;17.82;17.95;17.8;17.9;48155.34
1651633200000;17.91;18.07;17.91;18.05;60394.45
1651636800000;18.06;18.14;17.82;17.92;51919.17
1651640400000;17.92;17.95;17.78;17.95;74953.58
1651644000000;17.95;18.12;17.89;17.99;112055.94
1651647600000;18;18.14;17.93;18.04;79948.29
1651651200000;18.05;18.25;18.05;18.23;159413.69
1651654800000;18.23;18.26;18.07;18.08;81691.93
1651658400000;18.08;18.31;18.03;18.28;112875.77
1651662000000;18.28;18.33;18.19;18.29;88825.31
1651665600000;18.3;18.4;18.12;18.26;110808.38
1651669200000;18.25;18.32;17.97;17.97;81628.06
1651672800000;17.97;18.17;17.96;18.03;88781.17
1651676400000;18.04;18.19;17.86;18.14;230994.85
1651680000000;18.15;18.65;18;18.61;214705.27
1651683600000;18.6;18.72;18.4;18.63;218239.91
1651687200000;18.64;19.34;18.36;19.24;555629.9
1651690800000;19.25;20;19.19;19.94;504447.96
1651694400000;19.95;20.05;19.85;19.95;171218.06
1651698000000;19.95;19.99;19.64;19.72;132903.18
1651701600000;19.72;19.78;19.61;19.67;100501.02
1651705200000;19.68;19.95;19.61;19.92;113555.4
1651708800000;19.92;20.2;19.91;20.03;182076.57
1651712400000;20.03;20.15;19.97;20.07;47555.96
1651716000000;20.08;20.34;20.04;20.27;98254.04
1651719600000;20.28;20.28;20.11;20.2;67339.56
1651723200000;20.2;20.27;20.09;20.24;56118.52
1651726800000;20.23;20.31;20.04;20.1;57460.52
1651730400000;20.11;20.23;19.94;19.95;71054.28
1651734000000;19.95;20.14;19.87;19.98;60596.81
1651737600000;19.98;20.19;19.92;20.05;82592.83
1651741200000;20.04;20.13;19.82;19.82;121659.29
1651744800000;19.82;19.95;19.77;19.8;86015.29
1651748400000;19.79;19.95;19.69;19.74;64711.67
1651752000000;19.74;20.06;19.69;19.95;81919.41
1651755600000;19.95;20.1;19.38;19.44;270518.73
1651759200000;19.43;19.51;18.53;18.67;634810.65
1651762800000;18.66;18.68;17.44;17.57;1102639.87
1651766400000;17.58;17.93;17.51;17.73;377238.94
1651770000000;17.73;17.87;17.55;17.55;191516.85
1651773600000;17.55;17.69;17.17;17.53;346398.79
1651777200000;17.53;17.8;17.29;17.74;399845.7
1651780800000;17.74;18.02;17.57;18.02;211477.45
1651784400000;18.03;18.12;17.86;17.91;67024.76
1651788000000;17.92;17.98;17.64;17.67;119735.82
1651791600000;17.67;17.95;17.65;17.84;151553.19
1651795200000;17.84;17.99;17.59;17.79;122281.07
1651798800000;17.78;17.88;17.61;17.73;105447.81
1651802400000;17.72;17.89;17.72;17.88;63770.25
1651806000000;17.88;17.89;17.69;17.87;70388.21
1651809600000;17.86;17.9;17.64;17.83;110101.53
1651813200000;17.82;17.96;17.79;17.93;67778.37
1651816800000;17.93;17.99;17.85;17.92;97201.01
1651820400000;17.92;17.97;17.36;17.69;241491.67
1651824000000;17.69;17.86;17.53;17.54;155039.95
1651827600000;17.54;17.85;17.5;17.77;95807.37
1651831200000;17.77;17.79;17.44;17.55;142682.25
1651834800000;17.55;17.64;17.23;17.43;207425.04
1651838400000;17.43;17.9;17.4;17.56;228847.88
1651842000000;17.57;17.74;17.1;17.31;418436.54
1651845600000;17.31;17.68;17.2;17.61;308244.77
1651849200000;17.6;17.88;17.52;17.59;182784.72
1651852800000;17.59;17.77;17.46;17.75;129300.87
1651856400000;17.77;17.78;17.54;17.57;77105.52
1651860000000;17.57;17.75;17.5;17.66;67137.06
1651863600000;17.65;17.88;17.58;17.77;102313.49
1651867200000;17.77;17.81;17.58;17.75;46644.92
1651870800000;17.76;17.83;17.67;17.73;50433.35
1651874400000;17.71;17.84;17.61;17.79;47167.42
1651878000000;17.8;17.84;17.62;17.67;50776.04
1651881600000;17.67;17.7;17.39;17.4;104746.07
1651885200000;17.41;17.42;17.19;17.3;211059.99
1651888800000;17.31;17.33;17.03;17.13;88200.68
1651892400000;17.12;17.17;16.88;16.94;118323.06
1651896000000;16.93;17;16.62;16.64;159239.5
1651899600000;16.65;16.94;16.59;16.92;163387.69
1651903200000;16.92;16.95;16.73;16.74;62815.88
1651906800000;16.74;17;16.7;16.97;88011.09
1651910400000;16.96;17.18;16.92;17.01;134245.82
1651914000000;17.02;17.06;16.9;16.95;84428.99
1651917600000;16.95;17.09;16.9;17.04;53469.1
1651921200000;17.03;17.1;16.93;17;81433.69
1651924800000;17;17.08;16.92;16.99;65993.18
1651928400000;17;17.02;16.76;16.83;126063.93
1651932000000;16.83;16.99;16.8;16.97;58461.93
1651935600000;16.98;17.04;16.93;17;55595.15
1651939200000;17;17.08;16.93;17.06;47228.76
1651942800000;17.06;17.17;17;17.14;78433.48
1651946400000;17.14;17.27;17.05;17.08;66645.75
1651950000000;17.07;17.13;16.95;16.97;35477.61
1651953600000;16.98;17.01;16.77;16.83;99418.55
1651957200000;16.83;16.88;16.26;16.29;151772.04
1651960800000;16.29;16.55;16.03;16.2;360672.42
1651964400000;16.2;16.67;16.17;16.43;255997.28
1651968000000;16.44;16.54;16.16;16.18;135192.25
1651971600000;16.18;16.3;15.88;15.9;324764.44
1651975200000;15.89;16.05;15.68;16.04;337439.79
1651978800000;16.03;16.15;15.87;16.11;119265.04
1651982400000;16.11;16.25;16.08;16.08;80665.28
1651986000000;16.09;16.13;15.96;16.01;48593.6
1651989600000;16.02;16.28;16.02;16.24;82875.38
1651993200000;16.23;16.36;16.09;16.13;76628.97
1651996800000;16.13;16.26;16.09;16.16;52176.58
1652000400000;16.17;16.21;15.96;15.98;45265.75
1652004000000;15.98;16.22;15.92;16.17;77451.39
1652007600000;16.18;16.29;16.11;16.21;97061.5
1652011200000;16.21;16.25;15.94;15.97;73770.63
1652014800000;15.96;16.05;15.74;15.76;144285.61
1652018400000;15.77;16.15;15.72;15.95;182293.31
1652022000000;15.95;16.14;15.94;15.94;93867.39
1652025600000;15.95;16.2;15.95;16.06;91995.88
1652029200000;16.06;16.07;15.56;15.85;328532.55
1652032800000;15.86;16.23;15.71;16.14;134344.73
1652036400000;16.13;16.23;16.02;16.04;42843.34
1652040000000;16.04;16.07;15.87;15.97;99051.41
1652043600000;15.98;16.16;15.98;16.12;37796.87
1652047200000;16.12;16.13;15.82;15.9;79705.39
1652050800000;15.9;15.9;15.58;15.7;119402.21
1652054400000;15.71;15.99;15.69;15.93;76585.34
1652058000000;15.94;15.97;15.65;15.66;71474
1652061600000;15.66;15.69;15.18;15.3;309060.77
1652065200000;15.3;15.41;15.24;15.29;114429.34
1652068800000;15.29;15.53;15.27;15.33;107853.56
1652072400000;15.33;15.41;15.12;15.13;100934.04
1652076000000;15.13;15.21;15;15.14;177090.63
1652079600000;15.13;15.27;15.02;15.03;128988
1652083200000;15.03;15.16;14.87;15.15;202207.312
1652086800000;15.15;15.23;14.94;14.99;109361.98
1652090400000;14.98;15;14.42;14.52;530261.31
1652094000000;14.52;14.77;14.43;14.72;246672.7
1652097600000;14.72;14.79;14.53;14.57;219187.77
1652101200000;14.58;15;14.48;14.82;429503.05
1652104800000;14.82;14.9;14.52;14.6;231794.52
1652108400000;14.59;14.75;14.34;14.5;444556.85
1652112000000;14.51;14.7;13.68;13.92;586749.62
1652115600000;13.91;14.75;13.78;14.41;733280.94
1652119200000;14.42;14.51;13.59;13.96;655055.61
1652122800000;13.97;14.16;13.52;13.94;639859.77
1652126400000;13.93;14.5;13.91;14.09;904933.9
1652130000000;14.1;14.23;13.62;13.66;151826.16
1652133600000;13.67;13.91;13.5;13.51;348983.43
1652137200000;13.51;13.66;12.36;12.51;727447.15
1652140800000;12.5;12.96;11.98;12.79;1660696.583
1652144400000;12.78;13.02;12.52;12.63;665150.58
1652148000000;12.64;12.96;12.5;12.73;485157.89
1652151600000;12.73;13.22;12.62;12.66;573088.9
1652155200000;12.67;13.36;12.6;13.28;739159.63
1652158800000;13.28;14.35;13.25;14.17;675340.85
1652162400000;14.17;15.32;14.08;14.85;743046.44
1652166000000;14.84;14.91;14.22;14.24;474242
1652169600000;14.23;14.81;14.17;14.63;434450.02
1652173200000;14.62;14.75;14.19;14.22;457260.81
1652176800000;14.23;14.7;14.22;14.34;297698.19
1652180400000;14.35;14.94;14.26;14.72;346743.84
1652184000000;14.71;15.11;14.59;14.98;315954.85
1652187600000;14.98;15.1;14.46;14.71;410560.27
1652191200000;14.71;14.88;14.03;14.16;425001.84
1652194800000;14.17;14.67;13.87;14.46;647197.61
1652198400000;14.46;14.55;14.12;14.3;301067.07
1652202000000;14.3;14.74;14.26;14.58;263358.14
1652205600000;14.59;14.6;14.26;14.45;210165.09
1652209200000;14.46;14.63;14.02;14.22;395620.85
1652212800000;14.22;14.34;13.88;13.97;260081.58
1652216400000;13.98;14.1;13;13.1;432279.38
1652220000000;13.1;13.62;12.87;13.34;569206.19
1652223600000;13.34;13.75;13.29;13.58;468937.27
1652227200000;13.59;14;13.41;13.7;514733.62
1652230800000;13.7;13.76;13.29;13.34;355891.4
1652234400000;13.33;14;13.15;13.86;518207.08
1652238000000;13.87;13.97;13.55;13.64;292714.16
1652241600000;13.64;13.77;13.13;13.15;467890.78
1652245200000;13.15;13.79;13.07;13.23;627320.41
1652248800000;13.22;13.3;12.16;12.25;884234.35
1652252400000;12.25;12.55;11.51;11.98;1280572.88
1652256000000;11.98;12.41;11.77;12.38;900520.61
1652259600000;12.38;12.78;11.94;12.74;608014.19
1652263200000;12.74;12.9;12.42;12.45;584568.42
1652266800000;12.45;12.48;11.81;11.86;675664.82
1652270400000;11.86;12.13;9.23;9.69;1789646.817
1652274000000;9.67;12.35;9.55;11.98;2397066.33
1652277600000;11.98;12.59;11.75;12.3;1466158.05
1652281200000;12.31;12.32;11.36;11.53;870217.81
1652284800000;11.53;11.79;10.98;11.01;916653.99
1652288400000;11.01;11.45;10.45;10.98;781721.17
1652292000000;10.97;11.15;10.69;11.04;595489.27
1652295600000;11.04;11.09;10.34;10.66;518838.18
1652299200000;10.67;10.95;9.94;10.11;477015.09
1652302800000;10.15;10.84;9.88;10.4;369051.93
1652306400000;10.42;10.82;10.14;10.69;479534.49
1652310000000;10.69;11.01;10.48;10.79;335614.91
1652313600000;10.81;11.37;10.53;11.04;528048.74
1652317200000;11.04;11.57;10.69;10.73;550915.91
1652320800000;10.73;10.93;10.1;10.13;702217.82
1652324400000;10.13;10.19;9.61;9.66;979490.19
1652328000000;9.66;9.9;9.2;9.28;923655.63
1652331600000;9.27;9.71;8.7;9.15;1265421.54
1652335200000;9.15;9.75;8.93;9.07;1194811.05
1652338800000;9.08;10.19;8.55;10.03;1538124.58
1652342400000;10.03;10.22;9.37;9.56;860447.81
1652346000000;9.56;9.79;9.11;9.15;531666.6
1652349600000;9.16;9.6;8.96;9.46;807938.19
1652353200000;9.46;9.73;9.16;9.25;832803.53
1652356800000;9.25;9.52;9.01;9.46;517297.56
1652360400000;9.46;9.67;9.07;9.14;855712.46
1652364000000;9.14;9.74;8.88;9.72;717251.3
1652367600000;9.72;10.02;9.55;9.55;502094.71
1652371200000;9.54;10.2;9.51;10.12;510858.54
1652374800000;10.11;10.24;9.7;9.72;444426.24
1652378400000;9.73;10;9.57;9.59;335335.8
1652382000000;9.59;10;9.52;9.56;387722.25
1652385600000;9.56;9.6;9.1;9.11;460889.96
1652389200000;9.11;9.24;8.87;9.21;458561.91
1652392800000;9.21;9.43;8.99;9.31;637224.97
1652396400000;9.31;9.96;9.3;9.66;372543.54
1652400000000;9.67;9.75;9.28;9.37;801698.29
1652403600000;9.37;9.79;9;9.04;1030558.85
1652407200000;9.04;9.9;9.04;9.86;942259.68
1652410800000;9.87;10.84;9.84;10.46;721531.97
1652414400000;10.47;10.57;10.27;10.49;366156.88
1652418000000;10.5;11.12;10.43;10.72;620259.11
1652421600000;10.73;11.4;10.68;11.11;834818.2
1652425200000;11.11;11.19;10.84;10.92;576014.23
1652428800000;10.91;11.16;10.77;10.88;387841.76
1652432400000;10.88;11.15;10.77;10.88;295284.73
1652436000000;10.86;11.04;10.67;11.01;308439.04
1652439600000;11;11.34;10.92;11.26;357536.85
1652443200000;11.26;11.38;11.07;11.21;270306.84
1652446800000;11.22;11.25;11;11.17;457777.38
1652450400000;11.17;11.66;11.17;11.57;384121.03
1652454000000;11.56;11.58;10.95;11.1;370507.52
1652457600000;11.11;11.23;10.67;10.71;455185.25
1652461200000;10.72;10.97;10.48;10.55;341821.04
1652464800000;10.54;11.06;10.49;11.01;401116.77
1652468400000;11;11.01;10.44;10.44;242371.97
1652472000000;10.45;10.53;10.32;10.34;166034.64
1652475600000;10.35;10.69;10.32;10.68;77124.88
1652479200000;10.68;10.83;10.29;10.31;188616.6
1652482800000;10.32;10.37;10.14;10.32;227435.97
1652486400000;10.32;10.65;10.24;10.55;219276.03
1652490000000;10.54;10.86;10.46;10.77;192724.31
1652493600000;10.77;11.07;10.62;10.81;212668.71
1652497200000;10.8;10.91;10.65;10.74;157207.91
1652500800000;10.73;10.81;9.97;10.37;386749.3
1652504400000;10.37;10.46;10.28;10.38;129150.74
1652508000000;10.38;10.53;10.33;10.5;125825.69
1652511600000;10.5;10.56;10.4;10.46;255668.8
1652515200000;10.46;10.57;10.39;10.56;89577.65
1652518800000;10.55;10.67;10.42;10.5;129083.18
1652522400000;10.5;10.51;10.18;10.21;202578.06
1652526000000;10.22;10.24;9.83;10.01;297754.81
1652529600000;10.02;10.17;9.9;9.99;133136.39
1652533200000;9.98;10.05;9.66;9.67;210099.76
1652536800000;9.66;9.82;9.63;9.71;182962.71
1652540400000;9.72;9.85;9.62;9.66;112867.89
1652544000000;9.66;10.2;9.55;10.06;246993.89
1652547600000;10.06;10.22;10.02;10.22;162524.29
1652551200000;10.21;10.5;10.16;10.32;176636.96
1652554800000;10.32;10.41;10.23;10.27;87335.99
1652558400000;10.27;10.53;10.25;10.36;99802.6
1652562000000;10.35;10.81;10.25;10.69;168356.76
1652565600000;10.69;10.82;10.53;10.73;175648.09
1652569200000;10.74;10.89;10.68;10.79;162813.08
1652572800000;10.78;10.95;10.67;10.7;162620.67
1652576400000;10.69;10.7;10.47;10.57;136587.22
1652580000000;10.56;10.66;10.34;10.44;125006.69
1652583600000;10.44;10.45;10.32;10.43;116587.88
1652587200000;10.43;10.62;10.38;10.56;134813.91
1652590800000;10.56;10.91;10.47;10.85;133216.06
1652594400000;10.85;10.95;10.78;10.93;134200.11
1652598000000;10.92;11.1;10.75;10.79;149525.42
1652601600000;10.79;10.83;10.61;10.64;107845.67
1652605200000;10.63;10.78;10.61;10.74;74532.72
1652608800000;10.73;10.96;10.66;10.95;107004.73
1652612400000;10.95;11.36;10.93;11.26;282904.88
1652616000000;11.26;11.43;11.24;11.37;203912.06
1652619600000;11.36;11.36;11.04;11.23;222347.27
1652623200000;11.23;11.5;11.11;11.26;244750.58
1652626800000;11.25;11.4;11.08;11.12;157889.57
1652630400000;11.12;11.48;11.11;11.43;238058.26
1652634000000;11.43;11.49;11.37;11.39;104091.6
1652637600000;11.39;11.94;11.37;11.81;442400.21
1652641200000;11.81;11.81;11.61;11.77;170269.15
1652644800000;11.77;12;11.72;11.79;311690.77
1652648400000;11.79;12.17;11.78;12.07;181077.67
1652652000000;12.07;12.49;12.03;12.07;448324.34
1652655600000;12.07;12.42;12.07;12.38;271795.33
1652659200000;12.38;12.48;12.09;12.17;234305.61
1652662800000;12.18;12.27;12.04;12.1;199298.4
1652666400000;12.11;12.19;11.95;12.18;201493.17
1652670000000;12.18;12.24;11.88;11.89;165611.65
1652673600000;11.89;12.2;11.85;12.09;168452.48
1652677200000;12.09;12.3;12.01;12.18;100856.2
1652680800000;12.18;12.18;11.38;11.43;484735.47
1652684400000;11.42;11.79;11.33;11.79;303364.42
1652688000000;11.78;11.93;11.62;11.87;266234.8
1652691600000;11.86;11.86;11.27;11.27;344471.01
1652695200000;11.26;11.75;11.17;11.74;587609.23
1652698800000;11.74;11.74;11.5;11.6;240473.58
1652702400000;11.59;11.94;11.34;11.51;499504.63
1652706000000;11.51;11.68;11.1;11.14;509075.16
1652709600000;11.12;11.45;11.03;11.2;422462.33
1652713200000;11.19;11.34;11.1;11.31;329914.74
1652716800000;11.31;11.31;11.07;11.11;223317.79
1652720400000;11.1;11.37;11.09;11.37;194024.02
1652724000000;11.36;11.49;11.23;11.31;327413.97
1652727600000;11.31;11.32;11.07;11.12;194194.31
1652731200000;11.12;11.27;11.1;11.24;120321.05
1652734800000;11.23;11.32;11.13;11.29;174450.94
1652738400000;11.29;11.38;11.15;11.17;141390.19
1652742000000;11.17;11.19;10.94;11.07;171797.62
1652745600000;11.07;11.32;11;11.29;139745.1
1652749200000;11.28;11.41;11.16;11.33;135831.13
1652752800000;11.34;11.41;11.22;11.33;85284.65
1652756400000;11.33;11.48;11.3;11.45;134384.81
1652760000000;11.45;11.56;11.35;11.52;138765.65
1652763600000;11.51;11.62;11.42;11.6;160856.05
1652767200000;11.6;11.8;11.5;11.77;198300.73
1652770800000;11.78;11.78;11.52;11.56;138769.54
1652774400000;11.56;11.71;11.55;11.62;155339.4
1652778000000;11.63;11.75;11.6;11.66;76593.95
1652781600000;11.67;11.67;11.43;11.46;91190.37
1652785200000;11.46;11.57;11.4;11.41;121673.29
1652788800000;11.41;11.73;11.39;11.69;154198.17
1652792400000;11.68;11.93;11.59;11.76;165483.65
1652796000000;11.76;11.78;11.31;11.34;224147.66
1652799600000;11.35;11.38;11.18;11.24;212518.43
1652803200000;11.24;11.26;11.05;11.21;174703.89
1652806800000;11.2;11.36;11.1;11.12;174204.35
1652810400000;11.12;11.29;10.76;11.02;289332.26
1652814000000;11.01;11.29;10.96;11.11;162777.33
1652817600000;11.12;11.28;11.09;11.18;91399.01
1652821200000;11.17;11.53;11.17;11.49;64141.55
1652824800000;11.48;11.59;11.4;11.44;89485.51
1652828400000;11.44;11.58;11.43;11.46;94746.25
1652832000000;11.46;11.78;11.45;11.59;117428.48
1652835600000;11.6;11.6;11.34;11.36;97197
1652839200000;11.36;11.57;11.34;11.55;70005.26
1652842800000;11.56;11.58;11.18;11.21;160376.97
1652846400000;11.21;11.34;11.18;11.28;121422.83
1652850000000;11.29;11.32;11.19;11.29;229924.71
1652853600000;11.29;11.32;10.93;10.97;255332.99
1652857200000;10.97;11.09;10.95;11.08;123887.07
1652860800000;11.09;11.11;11;11.03;183183.43
1652864400000;11.04;11.04;10.85;10.98;176576.39
1652868000000;10.98;11.08;10.97;11;139292.67
1652871600000;11.01;11.02;10.85;10.86;104861.21
1652875200000;10.87;10.92;10.63;10.68;196084.18
1652878800000;10.68;10.73;10.49;10.54;247557.86
1652882400000;10.54;10.68;10.41;10.51;237591.09
1652886000000;10.51;10.53;10.16;10.2;407976.04
1652889600000;10.2;10.36;10.08;10.32;319613.39
1652893200000;10.32;10.32;10.16;10.2;128423.63
1652896800000;10.19;10.31;10.14;10.25;178722.2
1652900400000;10.25;10.47;10.24;10.45;123555.76
1652904000000;10.45;10.51;10.25;10.39;116398.97
1652907600000;10.39;10.44;10.29;10.35;43423.65
1652911200000;10.35;10.45;10.26;10.29;100396.94
1652914800000;10.29;10.35;9.99;10.11;186843.56
1652918400000;10.12;10.31;10.1;10.25;123138.69
1652922000000;10.24;10.35;9.89;9.93;153675.94
1652925600000;9.93;10.21;9.81;10.18;195914.21
1652929200000;10.18;10.29;10.15;10.23;81753.05
1652932800000;10.23;10.37;10.21;10.23;69441.7
1652936400000;10.22;10.27;10.08;10.1;55737.43
1652940000000;10.1;10.41;10.09;10.4;63020.41
1652943600000;10.4;10.44;10.16;10.22;80158.76
1652947200000;10.22;10.23;10.01;10.02;74921.66
1652950800000;10.02;10.08;9.85;9.94;137985.96
1652954400000;9.94;10.09;9.88;10.02;82067.1
1652958000000;10.02;10.58;9.97;10.52;219928.88
1652961600000;10.53;10.56;10.37;10.41;128267.44
1652965200000;10.41;10.69;10.33;10.47;235041.81
1652968800000;10.47;10.74;10.46;10.63;192023.55
1652972400000;10.63;10.93;10.54;10.85;232468.65
1652976000000;10.84;10.87;10.74;10.81;107876.11
1652979600000;10.81;10.91;10.66;10.79;107106.74
1652983200000;10.8;10.86;10.71;10.75;57882.07
1652986800000;10.75;10.81;10.59;10.6;62367.63
1652990400000;10.6;10.75;10.59;10.72;39949.69
1652994000000;10.73;10.79;10.63;10.66;37217.33
1652997600000;10.66;10.66;10.51;10.64;66361.04
1653001200000;10.65;10.97;10.65;10.84;162533.48
1653004800000;10.83;11.16;10.76;10.97;259073.47
1653008400000;10.97;11.34;10.9;11.29;193846.76
1653012000000;11.29;11.36;11.22;11.25;138333.58
1653015600000;11.25;11.5;11.13;11.5;196843.64
1653019200000;11.5;11.57;11.34;11.4;378212.07
1653022800000;11.39;11.57;11.36;11.56;196310.68
1653026400000;11.56;11.57;11.22;11.31;469639.78
1653030000000;11.31;11.56;11.22;11.36;409802.14
1653033600000;11.35;11.51;11.33;11.36;281486.65
1653037200000;11.37;11.64;11.31;11.45;542770.92
1653040800000;11.45;11.85;11.38;11.79;817430.93
1653044400000;11.8;12.01;11.67;11.97;426311.39
1653048000000;11.98;12.22;11.91;12;736893
1653051600000;11.99;12.19;11.84;12.14;542789.23
1653055200000;12.14;12.15;11.57;11.6;700877.14
1653058800000;11.59;11.64;11.05;11.11;948119.71
1653062400000;11.1;11.44;10.93;11.11;851317.93
1653066000000;11.11;11.19;10.84;11.14;707148.16
1653069600000;11.14;11.18;10.96;11.09;338251.26
1653073200000;11.08;11.36;11.04;11.32;271191.62
1653076800000;11.32;11.37;11.09;11.17;171833.23
1653080400000;11.17;11.31;11.09;11.1;108341.23
1653084000000;11.1;11.29;11.07;11.14;180109.8
1653087600000;11.14;11.32;11.13;11.2;157191.96
1653091200000;11.19;11.29;11.03;11.15;194254.01
1653094800000;11.16;11.18;10.85;11.03;258489.7
1653098400000;11.04;11.23;10.93;11.16;180526.36
1653102000000;11.16;11.24;11.03;11.24;147811.47
1653105600000;11.23;11.25;11.14;11.17;89009.32
1653109200000;11.17;11.2;11.05;11.13;97063.51
1653112800000;11.12;11.19;11.06;11.09;90876.65
1653116400000;11.09;11.21;10.97;11.15;118959.53
1653120000000;11.15;11.17;10.96;10.98;98081.46
1653123600000;10.98;11.03;10.94;10.99;74879.4
1653127200000;11;11.05;10.9;10.97;78099.15
1653130800000;10.97;10.98;10.83;10.91;79655.53
1653134400000;10.9;10.96;10.78;10.87;87513.23
1653138000000;10.87;10.98;10.81;10.95;86457.58
1653141600000;10.94;11.11;10.87;11.06;123056.38
1653145200000;11.06;11.2;10.95;11.15;210606.54
1653148800000;11.15;11.46;11.15;11.43;274578.74
1653152400000;11.44;11.5;11.2;11.21;222723.77
1653156000000;11.2;11.31;11.17;11.3;81562.92
1653159600000;11.29;11.33;11.03;11.1;214828.15
1653163200000;11.1;11.15;10.91;10.96;105065.27
1653166800000;10.96;10.99;10.81;10.83;77069.59
1653170400000;10.82;11.04;10.79;11.04;89325.27
1653174000000;11.04;11.16;11.03;11.05;141243.8
1653177600000;11.05;11.22;11;11.18;126935.33
1653181200000;11.18;11.24;11.11;11.14;79786.54
1653184800000;11.14;11.14;10.95;11.01;79713.94
1653188400000;11;11.11;10.95;11.04;80745.93
1653192000000;11.04;11.09;10.94;10.95;88523.68
1653195600000;10.95;11.06;10.93;10.99;62912.76
1653199200000;10.99;11.26;10.97;11.15;294625.94
1653202800000;11.15;11.2;11.07;11.15;117864.87
1653206400000;11.14;11.26;11.11;11.25;86415.05
1653210000000;11.26;11.52;11.24;11.49;208737.89
1653213600000;11.5;11.59;11.38;11.4;144305.84
1653217200000;11.4;11.45;11.22;11.26;124511.86
1653220800000;11.26;11.5;11.26;11.47;98182.93
1653224400000;11.48;11.5;11.28;11.34;64979.5
1653228000000;11.34;11.45;11.31;11.37;99422.75
1653231600000;11.37;11.41;11.15;11.28;124606.96
1653235200000;11.28;11.3;11.1;11.26;85157.09
1653238800000;11.26;11.38;11.23;11.26;105375.6
1653242400000;11.26;11.36;11.2;11.35;57764.17
1653246000000;11.35;11.38;11.25;11.26;59617.52
1653249600000;11.26;11.35;11.22;11.27;64766.17
1653253200000;11.26;11.37;11.22;11.31;49498.08
1653256800000;11.3;11.6;11.3;11.48;165269.81
1653260400000;11.47;11.57;11.39;11.41;101302.79
1653264000000;11.4;11.77;11.37;11.65;209223.3
1653267600000;11.64;11.65;11.42;11.48;86922.96
1653271200000;11.48;11.48;11.29;11.34;93822.95
1653274800000;11.34;11.47;11.34;11.46;51816.34
1653278400000;11.46;11.58;11.42;11.44;79676.65
1653282000000;11.44;11.59;11.41;11.56;80333.66
1653285600000;11.56;11.79;11.55;11.74;221494.13
1653289200000;11.74;11.98;11.72;11.91;186289.78
1653292800000;11.91;12;11.81;11.9;153568.94
1653296400000;11.91;12.08;11.81;12.03;158674.3
1653300000000;12.03;12.34;12.02;12.07;201825.16
1653303600000;12.07;12.28;12.06;12.17;171135.12
1653307200000;12.17;12.33;12.04;12.07;258196.02
1653310800000;12.08;12.21;11.89;11.97;305132.97
1653314400000;11.98;11.99;11.73;11.95;400300.41
1653318000000;11.96;12.2;11.92;12.02;306608.85
1653321600000;12.02;12.19;11.97;12.02;126806.86
1653325200000;12.03;12.11;11.89;12.05;125557.13
1653328800000;12.05;12.07;11.78;11.8;191422.35
1653332400000;11.81;11.82;11.3;11.31;454224.61
1653336000000;11.31;11.67;11.28;11.6;209481.86
1653339600000;11.6;11.62;11.41;11.41;110498.24
1653343200000;11.42;11.42;11.08;11.2;226375.95
1653346800000;11.2;11.21;10.96;11.14;257574.84
1653350400000;11.15;11.32;11.08;11.22;164926.2
1653354000000;11.22;11.3;11.12;11.26;103472.14
1653357600000;11.26;11.33;11.23;11.29;70965.52
1653361200000;11.28;11.38;11.27;11.34;66341.88
1653364800000;11.33;11.38;11.25;11.28;101149.06
1653368400000;11.28;11.34;11.22;11.28;73507.13
1653372000000;11.27;11.29;11.09;11.17;101732.42
1653375600000;11.17;11.26;11.1;11.25;145839.84
1653379200000;11.25;11.25;10.87;10.9;160329.04
1653382800000;10.9;11.06;10.81;11;264960.54
1653386400000;11.01;11.03;10.95;11.02;109853.96
1653390000000;11.03;11.1;10.93;11;114092.59
1653393600000;11;11.04;10.86;10.95;159419.55
1653397200000;10.95;10.98;10.52;10.6;387657.48
1653400800000;10.59;10.78;10.44;10.68;509522.02
1653404400000;10.68;11.1;10.64;10.99;386536.38
1653408000000;10.98;11.06;10.74;10.82;288202.84
1653411600000;10.82;10.83;10.62;10.81;199456.64
1653415200000;10.8;10.95;10.76;10.8;178840.19
1653418800000;10.8;10.93;10.73;10.86;153479.01
1653422400000;10.86;11.01;10.8;10.98;94918.51
1653426000000;10.99;11.06;10.91;11.04;92750.29
1653429600000;11.04;11.09;10.99;11.05;63666.3
1653433200000;11.06;11.15;11;11.1;139781.69
1653436800000;11.1;11.12;10.98;11;88564.04
1653440400000;11;11.05;10.88;11.05;98291.67
1653444000000;11.05;11.34;10.98;11.34;207868.63
1653447600000;11.34;11.39;11.22;11.27;91822.02
1653451200000;11.27;11.33;11.07;11.09;361093.56
1653454800000;11.08;11.16;10.94;10.98;115897.1
1653458400000;10.98;10.98;10.8;10.96;154614.86
1653462000000;10.95;10.95;10.82;10.84;79813.01
1653465600000;10.85;10.96;10.73;10.93;127240.02
1653469200000;10.94;10.95;10.81;10.91;98022.22
1653472800000;10.91;10.94;10.82;10.82;76560.77
1653476400000;10.83;10.87;10.62;10.66;182807.2
1653480000000;10.65;10.78;10.61;10.76;160456.25
1653483600000;10.75;10.93;10.72;10.88;197152.06
1653487200000;10.87;10.91;10.75;10.81;188386.3
1653490800000;10.81;10.84;10.7;10.81;107982.01
1653494400000;10.81;10.85;10.7;10.78;79272.26
1653498000000;10.77;10.84;10.71;10.76;75705.66
1653501600000;10.76;10.88;10.62;10.8;246265.52
1653505200000;10.8;10.87;10.71;10.73;67470.49
1653508800000;10.74;10.84;10.71;10.82;50213.59
1653512400000;10.83;10.84;10.78;10.81;32337.06
1653516000000;10.82;10.85;10.74;10.8;77480.91
1653519600000;10.81;10.82;10.69;10.74;176819.75
1653523200000;10.75;10.91;10.71;10.85;155521.22
1653526800000;10.86;10.87;10.74;10.76;87349.1
1653530400000;10.76;10.89;10.74;10.85;57581.07
1653534000000;10.85;10.86;10.7;10.82;90995.07
1653537600000;10.82;10.84;10.73;10.74;66577.1
1653541200000;10.74;10.79;10.37;10.45;261154.89
1653544800000;10.46;10.48;10.19;10.25;301827.44
1653548400000;10.25;10.26;10.08;10.19;293164.65
1653552000000;10.19;10.22;9.61;9.72;793572.47
1653555600000;9.72;9.78;9.64;9.69;410582.74
1653559200000;9.69;9.74;9.51;9.53;379618.82
1653562800000;9.52;9.57;9.41;9.48;563667.63
1653566400000;9.48;9.59;9.43;9.58;533521.52
1653570000000;9.58;9.7;9.2;9.61;903257.87
1653573600000;9.62;9.92;9.57;9.86;537558.25
1653577200000;9.87;10;9.73;9.85;264645.19
1653580800000;9.84;10.06;9.84;9.95;323394.63
1653584400000;9.94;9.97;9.86;9.95;144069.89
1653588000000;9.95;9.99;9.68;9.69;173934.68
1653591600000;9.69;9.71;9.51;9.52;191913.6
1653595200000;9.52;9.75;9.46;9.62;220928.08
1653598800000;9.62;9.77;9.62;9.7;102484.96
1653602400000;9.71;9.86;9.65;9.71;116346.04
1653606000000;9.7;9.8;9.58;9.61;178368.48
1653609600000;9.61;9.71;9.43;9.48;232302.58
1653613200000;9.49;9.53;9.11;9.17;255472.76
1653616800000;9.17;9.33;9.1;9.22;276838.03
1653620400000;9.23;9.5;9.23;9.43;149348.12
1653624000000;9.43;9.51;9.25;9.28;163055.41
1653627600000;9.28;9.37;9.05;9.17;284249.27
1653631200000;9.17;9.44;9.05;9.39;257076.93
1653634800000;9.4;9.61;9.36;9.44;169114.95
1653638400000;9.44;9.56;9.34;9.36;193616.71
1653642000000;9.37;9.55;9.32;9.53;140633.16
1653645600000;9.54;9.6;9.4;9.44;162823.38
1653649200000;9.44;9.77;9.42;9.64;244919.06
1653652800000;9.63;9.9;9.59;9.81;321085.22
1653656400000;9.81;9.88;9.68;9.85;219854.63
1653660000000;9.86;9.91;9.53;9.57;243211.28
1653663600000;9.58;9.76;9.48;9.62;222980.41
1653667200000;9.61;9.7;9.51;9.55;181231.66
1653670800000;9.54;9.62;9.25;9.31;308605.05
1653674400000;9.32;9.38;9.14;9.26;341860.69
1653678000000;9.26;9.48;9.14;9.39;195277.95
1653681600000;9.39;9.58;9.34;9.46;189374.45
1653685200000;9.47;9.53;9.36;9.38;71787.01
1653688800000;9.37;9.46;9.34;9.35;50270.01
1653692400000;9.34;9.37;9.15;9.27;181291.5
1653696000000;9.28;9.53;9.22;9.52;194993.34
1653699600000;9.52;9.61;9.33;9.34;151073.59
1653703200000;9.35;9.42;9.17;9.28;130631.99
1653706800000;9.29;9.44;9.21;9.42;145055.01
1653710400000;9.42;9.46;9.36;9.41;87288.7
1653714000000;9.4;9.55;9.36;9.49;126751.36
1653717600000;9.49;9.6;9.41;9.5;124036.54
1653721200000;9.5;9.52;9.38;9.46;72862.37
1653724800000;9.45;9.5;9.38;9.44;87725.78
1653728400000;9.44;9.48;9.37;9.43;87420.47
1653732000000;9.43;9.52;9.37;9.39;104572.69
1653735600000;9.39;9.53;9.36;9.49;104451.15
1653739200000;9.49;9.54;9.4;9.5;126508.75
1653742800000;9.5;9.62;9.48;9.53;154895.05
1653746400000;9.53;9.57;9.43;9.45;84773.8
1653750000000;9.44;9.69;9.43;9.58;177122.42
1653753600000;9.59;9.64;9.54;9.55;81608.82
1653757200000;9.56;9.57;9.36;9.38;194332.75
1653760800000;9.38;9.49;9.37;9.49;52534.49
1653764400000;9.49;9.5;9.37;9.47;77071.61
1653768000000;9.47;9.51;9.43;9.5;62901.47
1653771600000;9.51;9.53;9.43;9.45;59084.83
1653775200000;9.44;9.44;9.33;9.36;54757.89
1653778800000;9.37;9.55;9.36;9.42;119787.85
1653782400000;9.42;9.48;9.38;9.44;104454.85
1653786000000;9.45;9.45;9.24;9.29;133548.3
1653789600000;9.29;9.29;9.15;9.18;134233.81
1653793200000;9.18;9.29;9.15;9.26;70995.89
1653796800000;9.26;9.3;9.19;9.26;65097
1653800400000;9.25;9.3;9.22;9.29;43394.74
1653804000000;9.3;9.35;9.26;9.32;82420.64
1653807600000;9.32;9.34;9.28;9.32;53182.08
1653811200000;9.32;9.43;9.3;9.35;94394.73
1653814800000;9.34;9.38;9.27;9.29;70554.26
1653818400000;9.29;9.42;9.29;9.42;99617.44
1653822000000;9.42;9.5;9.42;9.47;91862.16
1653825600000;9.48;9.61;9.47;9.59;197553.04
1653829200000;9.58;9.68;9.58;9.62;140602.42
1653832800000;9.63;9.66;9.59;9.59;102253.34
1653836400000;9.6;9.6;9.48;9.51;112971.71
1653840000000;9.51;9.61;9.5;9.56;70595.98
1653843600000;9.55;9.59;9.5;9.53;53118.13
1653847200000;9.53;9.56;9.42;9.47;118412.18
1653850800000;9.47;9.5;9.42;9.48;75581.19
1653854400000;9.47;9.53;9.46;9.49;99132.7
1653858000000;9.49;9.57;9.46;9.55;40488.05
1653861600000;9.55;9.6;9.47;9.57;131769.14
1653865200000;9.57;9.66;9.56;9.59;84744.99
1653868800000;9.6;9.62;9.5;9.51;92631.73
1653872400000;9.51;9.94;9.51;9.91;207679.76
1653876000000;9.91;10.07;9.9;9.95;356538.96
1653879600000;9.96;10.04;9.89;9.94;237316.68
1653883200000;9.94;9.98;9.91;9.94;98983.76
1653886800000;9.93;10.07;9.92;10.06;154262.69
1653890400000;10.06;10.25;10.02;10.19;253363.36
1653894000000;10.19;10.43;10.13;10.39;240670.75
1653897600000;10.39;10.43;10.26;10.3;169419
1653901200000;10.3;10.3;10.16;10.19;119307.57
1653904800000;10.19;10.24;10.13;10.16;144444.27
1653908400000;10.16;10.2;10.1;10.18;112868.86
1653912000000;10.17;10.32;10.02;10.18;209676.79
1653915600000;10.18;10.22;10.04;10.2;137655.45
1653919200000;10.21;10.35;10.16;10.18;185458.06
1653922800000;10.18;10.29;10.17;10.19;117282.08
1653926400000;10.18;10.32;10.14;10.23;112270.06
1653930000000;10.23;10.35;10.21;10.26;101206.68
1653933600000;10.27;10.29;10.17;10.24;57244.95
1653937200000;10.23;10.32;10.16;10.23;67898.31
1653940800000;10.22;10.45;10.21;10.44;226397.89
1653944400000;10.45;10.61;10.36;10.47;234320.97
1653948000000;10.46;10.57;10.44;10.53;176658.38
1653951600000;10.53;10.6;10.49;10.5;181295.06
1653955200000;10.5;10.63;10.42;10.45;234296.77
1653958800000;10.45;10.47;10.29;10.43;108994.54
1653962400000;10.43;10.82;10.4;10.7;216064.96
1653966000000;10.71;10.84;10.63;10.65;163397.07
1653969600000;10.64;10.69;10.52;10.6;129216.91
1653973200000;10.6;10.64;10.47;10.51;131591.58
1653976800000;10.51;10.57;10.36;10.43;184709.62
1653980400000;10.43;10.48;10.34;10.47;117271.95
1653984000000;10.47;10.55;10.44;10.47;106317.18
1653987600000;10.46;10.48;10.29;10.33;170082.16
1653991200000;10.33;10.44;10.28;10.43;89133.83
1653994800000;10.43;10.72;10.41;10.66;262979.65
1653998400000;10.66;10.69;10.42;10.51;149051.96
1654002000000;10.5;10.64;10.16;10.27;418595.93
1654005600000;10.26;10.35;10.08;10.33;337142.39
1654009200000;10.33;10.56;10.22;10.5;165985.05
1654012800000;10.5;10.56;10.32;10.41;226437.22
1654016400000;10.41;10.47;10.27;10.38;134105.64
1654020000000;10.38;10.41;10.13;10.15;143426.37
1654023600000;10.15;10.2;10.06;10.15;158196.46
1654027200000;10.15;10.24;10.14;10.24;73308.7
1654030800000;10.24;10.24;10.16;10.19;33466.39
1654034400000;10.2;10.34;10.16;10.32;110606.65
1654038000000;10.33;10.41;10.27;10.33;93259.99
1654041600000;10.34;10.47;10.15;10.44;164280.31
1654045200000;10.43;10.44;10.27;10.36;105325.54
1654048800000;10.36;10.38;10.19;10.28;85267
1654052400000;10.28;10.29;10.08;10.12;114447.87
1654056000000;10.12;10.18;9.99;10.17;168867.64
1654059600000;10.17;10.2;10.06;10.1;101046.47
1654063200000;10.09;10.24;10.08;10.2;80950.03
1654066800000;10.21;10.28;10.11;10.16;95806.01
1654070400000;10.16;10.29;10.14;10.27;119836.18
1654074000000;10.27;10.47;10.27;10.46;120044.35
1654077600000;10.47;10.5;10.33;10.35;88837.97
1654081200000;10.36;10.44;10.2;10.29;147594.67
1654084800000;10.3;10.47;10.2;10.38;126299.22
1654088400000;10.39;10.5;10.33;10.43;149666.47
1654092000000;10.44;10.47;9.94;10.09;331918.17
1654095600000;10.09;10.1;9.94;9.96;319786.95
1654099200000;9.96;9.96;9.72;9.77;376668.6
1654102800000;9.77;9.78;9.57;9.7;213444.5
1654106400000;9.7;9.74;9.58;9.61;176307.72
1654110000000;9.61;9.61;9.48;9.57;219143.48
1654113600000;9.57;9.58;9.12;9.28;411901.07
1654117200000;9.27;9.34;9.23;9.26;82612.81
1654120800000;9.26;9.33;9.22;9.32;154826.81
1654124400000;9.32;9.43;9.29;9.34;169252.87
1654128000000;9.34;9.36;9.21;9.29;172071.89
1654131600000;9.3;9.42;9.27;9.34;118306.06
1654135200000;9.35;9.4;9.31;9.33;93796.17
1654138800000;9.33;9.38;9.24;9.26;106435.44
1654142400000;9.27;9.33;9.22;9.29;107294.11
1654146000000;9.29;9.34;9.18;9.31;105342.94
1654149600000;9.31;9.36;9.28;9.35;48814.62
1654153200000;9.34;9.44;9.33;9.38;101915.74
1654156800000;9.38;9.43;9.33;9.4;91435.26
1654160400000;9.4;9.45;9.34;9.38;84104.08
1654164000000;9.39;9.52;9.32;9.48;93829.36
1654167600000;9.49;9.56;9.43;9.54;117709.53
1654171200000;9.54;9.56;9.41;9.43;97369.16
1654174800000;9.43;9.54;9.24;9.34;370297.96
1654178400000;9.33;9.42;9.26;9.37;185978.91
1654182000000;9.36;9.5;9.36;9.42;126647.74
1654185600000;9.43;9.5;9.37;9.47;116001.39
1654189200000;9.47;9.52;9.4;9.44;145664.35
1654192800000;9.44;9.63;9.43;9.51;161302.97
1654196400000;9.51;9.57;9.46;9.57;87266.77
1654200000000;9.57;9.6;9.51;9.52;68087.39
1654203600000;9.52;9.6;9.5;9.59;25735.34
1654207200000;9.58;9.7;9.56;9.63;153654.02
1654210800000;9.62;9.7;9.61;9.63;60669
1654214400000;9.63;9.65;9.54;9.56;86769.98
1654218000000;9.56;9.69;9.55;9.68;83133.26
1654221600000;9.68;9.69;9.61;9.64;53969.91
1654225200000;9.64;9.65;9.58;9.61;96914.42
1654228800000;9.61;9.64;9.44;9.46;58746.99
1654232400000;9.45;9.56;9.44;9.53;54941.35
1654236000000;9.53;9.56;9.44;9.45;39972.28
1654239600000;9.45;9.48;9.39;9.42;89403.19
1654243200000;9.42;9.46;9.35;9.4;59696.6
1654246800000;9.39;9.44;9.25;9.29;178873.8
1654250400000;9.3;9.31;9.05;9.07;247674.06
1654254000000;9.08;9.18;9;9.11;193733.93
1654257600000;9.11;9.23;9.04;9.05;264059.78
1654261200000;9.05;9.16;9.04;9.15;208868.57
1654264800000;9.16;9.16;8.94;9.06;186285.07
1654268400000;9.05;9.09;8.97;9.03;124131.08
1654272000000;9.03;9.13;8.99;9.12;82941.53
1654275600000;9.12;9.17;9.05;9.13;79693.65
1654279200000;9.12;9.19;9.09;9.17;55643.03
1654282800000;9.17;9.19;9.12;9.16;88492.92
1654286400000;9.15;9.27;9.13;9.25;58401.22
1654290000000;9.26;9.34;9.26;9.3;46253.33
1654293600000;9.31;9.34;9.13;9.21;92492.98
1654297200000;9.2;9.22;9.12;9.19;51419.69
1654300800000;9.19;9.21;9.12;9.13;62089.25
1654304400000;9.13;9.16;8.99;9.01;131483.22
1654308000000;9;9.05;8.9;8.99;123705.02
1654311600000;8.99;9.08;8.99;9.02;82525.62
1654315200000;9.02;9.19;9.01;9.18;87035.81
1654318800000;9.18;9.18;9.12;9.16;50865.52
1654322400000;9.16;9.21;9.16;9.19;45200.25
1654326000000;9.19;9.19;9.12;9.17;31568.07
1654329600000;9.17;9.24;9.13;9.21;48554.28
1654333200000;9.21;9.22;9.15;9.19;28446.05
1654336800000;9.19;9.24;9.18;9.21;36913.41
1654340400000;9.21;9.23;9.13;9.15;41956.94
1654344000000;9.16;9.16;8.99;9;65855.45
1654347600000;8.99;9.13;8.99;9.11;48838.22
1654351200000;9.11;9.28;9.03;9.18;140012.05
1654354800000;9.19;9.22;9.13;9.15;56261.47
1654358400000;9.15;9.16;9.1;9.11;68324.56
1654362000000;9.1;9.19;9.04;9.17;46120.4
1654365600000;9.17;9.21;9.14;9.14;50690.94
1654369200000;9.14;9.16;9.06;9.09;38619.87
1654372800000;9.09;9.19;9.08;9.18;59224.3
1654376400000;9.18;9.24;9.14;9.22;52676.15
1654380000000;9.21;9.28;9.15;9.16;94748.65
1654383600000;9.17;9.26;9.15;9.24;53601.27
1654387200000;9.25;9.26;9.11;9.11;72935.48
1654390800000;9.11;9.14;9.05;9.07;68516.25
1654394400000;9.06;9.13;9.05;9.11;37835.73
1654398000000;9.11;9.13;9.08;9.09;33446.97
1654401600000;9.09;9.13;9.04;9.09;48440.34
1654405200000;9.09;9.18;9.08;9.16;36651.59
1654408800000;9.17;9.17;9.11;9.15;44466.77
1654412400000;9.14;9.19;9.11;9.12;30469.12
1654416000000;9.12;9.19;9.11;9.13;33012.91
1654419600000;9.13;9.16;9.05;9.15;48794.56
1654423200000;9.15;9.22;9.12;9.18;54826.8
1654426800000;9.18;9.21;9.12;9.19;37498.23
1654430400000;9.18;9.21;9.14;9.17;35110.1
1654434000000;9.17;9.19;9.1;9.11;43328.26
1654437600000;9.11;9.18;9.1;9.17;51281.9
1654441200000;9.17;9.3;9.15;9.29;93667.68
1654444800000;9.29;9.4;9.19;9.22;111204.82
1654448400000;9.22;9.33;9.19;9.31;80039.77
1654452000000;9.32;9.35;9.27;9.28;32559.69
1654455600000;9.28;9.34;9.26;9.3;31610.75
1654459200000;9.3;9.35;9.28;9.29;43700.54
1654462800000;9.29;9.32;9.25;9.3;26769.41
1654466400000;9.3;9.37;9.24;9.31;72273.85
1654470000000;9.31;9.33;9.15;9.17;107779.97
1654473600000;9.18;9.36;9.15;9.34;79173.33
1654477200000;9.34;9.53;9.33;9.49;167194.51
1654480800000;9.5;9.53;9.44;9.47;119336.58
1654484400000;9.47;9.58;9.47;9.53;99521.23
1654488000000;9.53;9.57;9.52;9.54;73955.1
1654491600000;9.55;9.56;9.47;9.49;48787.87
1654495200000;9.49;9.65;9.47;9.62;139365.73
1654498800000;9.62;9.68;9.59;9.63;134508.62
1654502400000;9.62;9.74;9.62;9.72;96857.36
1654506000000;9.73;9.76;9.66;9.75;73638.06
1654509600000;9.74;9.76;9.67;9.7;51096.83
1654513200000;9.7;9.72;9.54;9.57;101332.83
1654516800000;9.57;9.64;9.52;9.57;76482
1654520400000;9.57;9.6;9.44;9.49;355919.23
1654524000000;9.49;9.6;9.44;9.47;146493.48
1654527600000;9.46;9.48;9.34;9.47;134730.46
1654531200000;9.47;9.48;9.27;9.36;195956.29
1654534800000;9.35;9.37;9.28;9.35;131337.83
1654538400000;9.35;9.39;9.28;9.35;53665.48
1654542000000;9.34;9.39;9.29;9.39;60224.02
1654545600000;9.39;9.4;9.28;9.36;86481.01
1654549200000;9.36;9.46;9.36;9.46;86036.77
1654552800000;9.45;9.48;9.37;9.41;49501.67
1654556400000;9.41;9.48;9.39;9.46;69795.69
1654560000000;9.47;9.48;8.93;8.99;495428.47
1654563600000;8.98;9.05;8.71;8.86;357908.48
1654567200000;8.86;8.91;8.78;8.88;177254.34
1654570800000;8.87;9.03;8.86;8.97;124849.74
1654574400000;8.97;9.02;8.92;8.99;72652.09
1654578000000;8.98;8.99;8.88;8.91;66500.52
1654581600000;8.9;8.93;8.86;8.91;64612.41
1654585200000;8.9;8.94;8.88;8.92;88253.82
1654588800000;8.91;8.95;8.88;8.91;63701.75
1654592400000;8.9;8.91;8.81;8.82;93560.49
1654596000000;8.82;8.84;8.77;8.8;70043.58
1654599600000;8.8;8.81;8.58;8.66;266046.33
1654603200000;8.66;8.68;8.6;8.61;97254.92
1654606800000;8.61;8.76;8.56;8.71;143879.18
1654610400000;8.7;8.89;8.7;8.85;192910.31
1654614000000;8.85;8.87;8.71;8.75;123568.03
1654617600000;8.74;8.75;8.59;8.74;130308.5
1654621200000;8.75;8.83;8.72;8.82;82143.36
1654624800000;8.81;8.94;8.8;8.91;137730.32
1654628400000;8.91;9.17;8.9;9.05;247986.3
1654632000000;9.05;9.19;9.04;9.07;217653.52
1654635600000;9.07;9.29;9.03;9.23;296100.03
1654639200000;9.23;9.43;9.05;9.19;805128.57
1654642800000;9.21;9.46;9.09;9.2;502419.81
1654646400000;9.2;9.31;9.16;9.25;121222.1
1654650000000;9.24;9.32;9.1;9.31;182584.59
1654653600000;9.32;9.44;9.3;9.31;133202.47
1654657200000;9.31;9.32;8.93;8.99;305023.8
1654660800000;8.99;9.05;8.89;8.91;130088.57
1654664400000;8.92;9.06;8.91;9.02;77688.47
1654668000000;9.03;9.06;8.68;8.81;236819.54
1654671600000;8.81;8.87;8.73;8.86;114112.7
1654675200000;8.85;8.91;8.79;8.88;112027.07
1654678800000;8.88;8.94;8.83;8.89;103566.7
1654682400000;8.89;8.9;8.75;8.78;204791.75
1654686000000;8.77;8.91;8.76;8.88;78216.18
1654689600000;8.87;8.91;8.72;8.8;251372.41
1654693200000;8.79;9.07;8.77;8.98;201668.87
1654696800000;8.99;9;8.88;8.92;113313.36
1654700400000;8.91;9;8.89;8.97;67167.54
1654704000000;8.96;9.03;8.82;8.87;153310.56
1654707600000;8.86;8.94;8.79;8.9;161523.76
1654711200000;8.89;8.92;8.7;8.78;110999.35
1654714800000;8.78;8.81;8.68;8.76;89784.12
1654718400000;8.76;8.84;8.75;8.8;35972.97
1654722000000;8.79;8.91;8.79;8.9;30285.78
1654725600000;8.91;8.92;8.82;8.83;53729.88
1654729200000;8.83;8.86;8.73;8.76;68785.24
1654732800000;8.76;8.79;8.65;8.73;114912.68
1654736400000;8.74;8.95;8.74;8.8;91472.27
1654740000000;8.8;8.92;8.78;8.9;54984.51
1654743600000;8.9;8.95;8.88;8.91;49804.35
1654747200000;8.91;8.92;8.84;8.87;37753.88
1654750800000;8.87;8.94;8.85;8.9;45739.75
1654754400000;8.9;8.93;8.86;8.9;37281.13
1654758000000;8.9;9;8.87;8.99;45853.45
1654761600000;8.98;9.04;8.93;9.02;55097.45
1654765200000;9.02;9.2;9;9.09;110193.08
1654768800000;9.09;9.14;9.02;9.03;82127.03
1654772400000;9.03;9.04;8.87;8.87;74124.1
1654776000000;8.87;8.95;8.66;8.78;539824.98
1654779600000;8.77;8.9;8.72;8.9;135676.73
1654783200000;8.9;8.97;8.84;8.87;90775.46
1654786800000;8.86;8.89;8.78;8.85;93118.87
1654790400000;8.85;8.97;8.8;8.97;100980.03
1654794000000;8.97;9.06;8.88;8.95;106467.35
1654797600000;8.95;9.01;8.84;8.84;130307.35
1654801200000;8.83;8.85;8.72;8.74;85675.78
1654804800000;8.74;8.9;8.71;8.88;151030.05
1654808400000;8.88;8.88;8.82;8.83;46142.71
1654812000000;8.83;8.84;8.72;8.78;103132.8
1654815600000;8.78;8.82;8.69;8.79;119588.8
1654819200000;8.79;8.84;8.59;8.72;279158.29
1654822800000;8.71;8.8;8.69;8.75;68465.83
1654826400000;8.75;8.84;8.74;8.83;48567.7
1654830000000;8.83;8.98;8.83;8.87;99058.37
1654833600000;8.87;8.95;8.83;8.92;49224.6
1654837200000;8.92;9;8.92;8.96;116609.01
1654840800000;8.96;8.98;8.81;8.82;89477.63
1654844400000;8.82;8.85;8.76;8.79;51111.94
1654848000000;8.79;8.83;8.73;8.76;54557.7
1654851600000;8.76;8.78;8.64;8.7;116084.46
1654855200000;8.7;8.8;8.69;8.79;52106.57
1654858800000;8.8;8.84;8.77;8.79;34799.61
1654862400000;8.78;8.93;8.25;8.37;845534.35
1654866000000;8.36;8.42;8.15;8.26;511410.013
1654869600000;8.25;8.43;8.2;8.39;177825.41
1654873200000;8.38;8.41;8.3;8.36;118442.48
1654876800000;8.36;8.38;8.07;8.22;292851.778
1654880400000;8.21;8.27;8.16;8.2;118574.71
1654884000000;8.19;8.3;8.15;8.19;132414.78
1654887600000;8.19;8.27;8.13;8.16;87892.83
1654891200000;8.17;8.28;8.17;8.21;81540.42
1654894800000;8.21;8.27;8.18;8.25;34113.34
1654898400000;8.25;8.29;8.17;8.2;41674.43
1654902000000;8.19;8.23;8.01;8.11;172875.46
1654905600000;8.11;8.26;8.08;8.25;82773.2
1654909200000;8.25;8.27;8.2;8.23;61170.11
1654912800000;8.23;8.26;8.19;8.26;55430.67
1654916400000;8.26;8.3;8.24;8.28;49924.04
1654920000000;8.28;8.35;8.27;8.33;40690.46
1654923600000;8.33;8.35;8.22;8.26;39490.97
1654927200000;8.26;8.3;8.24;8.29;36937.98
1654930800000;8.29;8.35;8.26;8.32;48585.25
1654934400000;8.33;8.35;8.05;8.06;217004.53
1654938000000;8.05;8.18;7.97;8.12;244527.298
1654941600000;8.12;8.15;7.98;8.02;52040.61
1654945200000;8.02;8.02;7.7;7.81;270403.058
1654948800000;7.81;7.87;7.67;7.68;156484.62
1654952400000;7.68;7.86;7.63;7.79;175701.11
1654956000000;7.8;7.8;7.51;7.54;204880.99
1654959600000;7.53;7.64;7.36;7.49;404608.001
1654963200000;7.49;7.67;7.41;7.62;256845.7
1654966800000;7.63;7.66;7.56;7.62;122363.35
1654970400000;7.61;7.82;7.58;7.64;196988.81
1654974000000;7.65;7.7;7.57;7.59;82305.71
1654977600000;7.58;7.6;7.48;7.5;97525.91
1654981200000;7.5;7.63;7.48;7.62;54393.39
1654984800000;7.61;7.75;7.61;7.74;71104.22
1654988400000;7.73;7.74;7.49;7.55;124710.43
1654992000000;7.55;7.63;7.5;7.58;104571.81
1654995600000;7.57;7.58;7.27;7.3;263153.787
1654999200000;7.3;7.37;7;7.1;450166.765
1655002800000;7.09;7.23;7.05;7.14;201079
1655006400000;7.15;7.26;7.02;7.05;144381.35
1655010000000;7.05;7.08;6.92;7;347382.85
1655013600000;7;7.26;6.99;7.22;204231.8
1655017200000;7.21;7.29;7.09;7.26;138692.18
1655020800000;7.26;7.39;7.17;7.26;241568.36
1655024400000;7.27;7.33;7.2;7.22;167305.19
1655028000000;7.23;7.35;7.15;7.25;251583.08
1655031600000;7.25;7.32;7.17;7.28;126561.81
1655035200000;7.28;7.36;7.25;7.25;93207.62
1655038800000;7.25;7.29;7.08;7.11;96150.57
1655042400000;7.12;7.69;7.06;7.6;505259.74
1655046000000;7.6;7.74;7.57;7.63;364425.42
1655049600000;7.64;7.69;7.51;7.55;180728.36
1655053200000;7.56;7.68;7.55;7.59;246810.07
1655056800000;7.58;7.61;7.42;7.45;197740.25
1655060400000;7.45;7.58;7.34;7.49;205555.99
1655064000000;7.49;7.53;7.38;7.39;101085.41
1655067600000;7.4;7.52;7.37;7.41;77742.06
1655071200000;7.41;7.42;7.21;7.22;258087.18
1655074800000;7.22;7.27;7.06;7.07;239288.36
1655078400000;7.07;7.21;6.85;6.87;383908.1
1655082000000;6.87;6.95;6.7;6.8;384441.78
1655085600000;6.81;6.86;6.63;6.65;327007.49
1655089200000;6.66;6.73;6.51;6.65;553811.94
1655092800000;6.64;6.83;6.59;6.6;298601.37
1655096400000;6.6;6.69;6.4;6.4;368474.9
1655100000000;6.4;6.55;6.25;6.32;552613.01
1655103600000;6.32;6.39;6.12;6.19;686377.58
1655107200000;6.2;6.27;5.92;5.93;741088.323
1655110800000;5.93;6.22;5.87;6.17;834382.71
1655114400000;6.16;6.25;6.03;6.07;454599.71
1655118000000;6.06;6.11;5.92;6.05;367914.56
1655121600000;6.05;6.29;6.05;6.1;499407.85
1655125200000;6.1;6.32;6.05;6.28;518314.81
1655128800000;6.28;6.31;5.99;6.1;409349.23
1655132400000;6.11;6.38;6.09;6.36;368070.85
1655136000000;6.36;6.6;6.29;6.5;508456.34
1655139600000;6.49;6.49;6.33;6.46;221135.33
1655143200000;6.45;6.56;6.41;6.43;122003.05
1655146800000;6.43;6.52;6.4;6.47;159360.76
1655150400000;6.47;6.71;6.46;6.57;243245.92
1655154000000;6.57;6.62;6.38;6.4;159343.55
1655157600000;6.4;6.42;6.17;6.18;304819.77
1655161200000;6.18;6.53;6.17;6.51;316042.44
1655164800000;6.5;6.56;6.3;6.32;287225.61
1655168400000;6.32;6.33;5.98;5.99;325563.01
1655172000000;5.98;6.32;5.94;6.3;371231.3
1655175600000;6.31;6.66;6.27;6.57;600040.27
1655179200000;6.56;6.65;6.39;6.47;250122.44
1655182800000;6.47;6.77;6.45;6.74;423801.93
1655186400000;6.73;6.78;6.62;6.75;248162.26
1655190000000;6.75;6.8;6.57;6.72;229093.87
1655193600000;6.72;6.73;6.51;6.55;301061.04
1655197200000;6.55;6.58;6.47;6.47;190862.35
1655200800000;6.47;6.56;6.42;6.47;202627.46
1655204400000;6.48;6.48;6.3;6.43;261186.04
1655208000000;6.43;6.51;6.27;6.44;243801.76
1655211600000;6.43;6.62;6.4;6.52;300321.68
1655215200000;6.52;6.55;6.34;6.48;267997.37
1655218800000;6.48;6.61;6.43;6.52;321190.72
1655222400000;6.52;6.57;6.33;6.38;271016.17
1655226000000;6.38;6.48;6.32;6.33;200011.15
1655229600000;6.33;6.45;6.32;6.35;155445.5
1655233200000;6.35;6.37;6.25;6.33;120100.76
1655236800000;6.33;6.36;6.21;6.29;114587.27
1655240400000;6.28;6.35;6.12;6.18;150916.34
1655244000000;6.17;6.26;6.15;6.25;115249.29
1655247600000;6.25;6.4;6.22;6.36;186872.48
1655251200000;6.36;6.37;6.26;6.27;148890.95
1655254800000;6.27;6.51;6.25;6.5;336844.03
1655258400000;6.51;6.53;6.49;6.52;219518.36
1655262000000;6.52;6.55;6.49;6.49;191619.54
1655265600000;6.49;6.51;6.22;6.33;309864.45
1655269200000;6.34;6.47;6.3;6.35;475406.86
1655272800000;6.35;6.45;6.3;6.43;284560.49
1655276400000;6.42;6.47;6.26;6.28;254808.49
1655280000000;6.27;6.28;5.94;5.97;572351.84
1655283600000;5.97;6.13;5.93;6.09;346010.71
1655287200000;6.09;6.48;6.04;6.39;459010.81
1655290800000;6.4;6.63;6.32;6.58;354564.53
1655294400000;6.58;6.82;6.56;6.6;423145.14
1655298000000;6.6;6.76;6.53;6.69;406157.43
1655301600000;6.68;6.73;6.49;6.54;347191.06
1655305200000;6.53;6.74;6.48;6.67;395548.39
1655308800000;6.66;6.71;6.34;6.39;267912.56
1655312400000;6.39;6.68;6.34;6.64;386053.3
1655316000000;6.64;7.22;6.34;6.97;1749216.69
1655319600000;6.97;7.22;6.94;6.95;608365.03
1655323200000;6.95;7.09;6.87;7.03;229239.09
1655326800000;7.03;7.26;6.99;7.18;159191.41
1655330400000;7.18;7.3;7.17;7.22;314229.99
1655334000000;7.22;7.35;7.16;7.33;268242.8
1655337600000;7.32;7.5;7.22;7.26;340183.12
1655341200000;7.27;7.38;7.22;7.22;115700.15
1655344800000;7.21;7.31;7.18;7.27;103261.61
1655348400000;7.27;7.29;7.17;7.17;134619.61
1655352000000;7.18;7.27;7.15;7.16;87889.08
1655355600000;7.16;7.2;7.07;7.08;120744.52
1655359200000;7.08;7.11;6.97;7.01;118433.89
1655362800000;7.01;7.06;6.87;6.9;174592.48
1655366400000;6.9;7;6.81;6.93;225241.71
1655370000000;6.93;6.94;6.6;6.67;306605.19
1655373600000;6.66;6.69;6.5;6.64;290088.83
1655377200000;6.64;6.65;6.48;6.55;182153.72
1655380800000;6.54;6.69;6.49;6.56;277119.27
1655384400000;6.56;6.67;6.41;6.46;336450.99
1655388000000;6.45;6.56;6.36;6.47;329462.95
1655391600000;6.47;6.63;6.46;6.55;212302.48
1655395200000;6.55;6.65;6.46;6.61;236579.04
1655398800000;6.61;6.64;6.45;6.48;221879.44
1655402400000;6.48;6.54;6.44;6.51;92133.62
1655406000000;6.5;6.55;6.33;6.38;185890.79
1655409600000;6.37;6.48;6.36;6.46;146035.81
1655413200000;6.46;6.52;6.4;6.41;60259.99
1655416800000;6.4;6.44;6.25;6.25;124649.73
1655420400000;6.26;6.4;6.18;6.35;185980.81
1655424000000;6.34;6.46;6.25;6.32;297478.25
1655427600000;6.32;6.54;6.31;6.53;173821.97
1655431200000;6.52;6.55;6.4;6.42;96521.4
1655434800000;6.42;6.46;6.28;6.3;152412.09
1655438400000;6.3;6.4;6.28;6.38;80173.29
1655442000000;6.38;6.5;6.37;6.45;108497.72
1655445600000;6.45;6.51;6.36;6.49;139348.34
1655449200000;6.48;6.57;6.44;6.51;146243.05
1655452800000;6.51;6.6;6.47;6.52;87349.85
1655456400000;6.51;6.54;6.44;6.48;79643.85
1655460000000;6.48;6.59;6.44;6.57;112215.35
1655463600000;6.57;6.61;6.48;6.5;82394.51
1655467200000;6.49;6.53;6.38;6.4;117451.65
1655470800000;6.4;6.58;6.31;6.53;223296.69
1655474400000;6.53;6.53;6.38;6.47;132344.75
1655478000000;6.46;6.52;6.43;6.49;87151.67
1655481600000;6.48;6.55;6.37;6.41;139593.99
1655485200000;6.4;6.47;6.37;6.44;104607.75
1655488800000;6.43;6.5;6.39;6.41;66907.45
1655492400000;6.41;6.44;6.34;6.4;82600.22
1655496000000;6.39;6.5;6.39;6.46;122956
1655499600000;6.46;6.49;6.43;6.45;26118.17
1655503200000;6.45;6.49;6.37;6.42;136446.52
1655506800000;6.43;6.47;6.36;6.39;73356.11
1655510400000;6.39;6.52;6.35;6.44;93681.61
1655514000000;6.44;6.46;6.22;6.22;131238.19
1655517600000;6.22;6.25;6.17;6.24;123175.54
1655521200000;6.25;6.28;6.22;6.26;50131.16
1655524800000;6.26;6.3;6.23;6.28;91466.23
1655528400000;6.27;6.29;6.2;6.22;77557.11
1655532000000;6.22;6.25;5.93;6.01;455969.51
1655535600000;6;6.04;5.86;5.9;451114.14
1655539200000;5.91;5.98;5.78;5.87;377134.52
1655542800000;5.87;5.95;5.84;5.94;133115
1655546400000;5.94;6.05;5.93;5.99;144885.04
1655550000000;5.99;6.05;5.94;5.96;94080.38
1655553600000;5.95;5.97;5.9;5.93;70127.66
1655557200000;5.92;5.97;5.9;5.94;73712.12
1655560800000;5.94;5.98;5.83;5.85;101387.32
1655564400000;5.85;5.92;5.82;5.86;87723.02
1655568000000;5.86;5.97;5.82;5.83;143195.05
1655571600000;5.84;5.91;5.77;5.85;204086.16
1655575200000;5.84;5.94;5.79;5.85;198240.05
1655578800000;5.85;5.95;5.62;5.63;415738.32
1655582400000;5.63;5.78;5.55;5.73;469275.05
1655586000000;5.73;6.22;5.72;6.06;485307.22
1655589600000;6.07;6.24;6.01;6.08;390576.61
1655593200000;6.08;6.19;6.01;6.08;270657.08
1655596800000;6.07;6.17;6.02;6.03;147825.84
1655600400000;6.03;6.1;5.96;6.02;228772.57
1655604000000;6.01;6.03;5.9;5.98;117619.79
1655607600000;5.97;6.08;5.91;5.94;116471.16
1655611200000;5.94;6.05;5.92;6.02;63431.36
1655614800000;6.02;6.15;5.85;5.94;511092.14
1655618400000;5.93;6.15;5.89;6.07;243290.88
1655622000000;6.08;6.23;6.05;6.1;248361.93
1655625600000;6.1;6.2;6.03;6.16;281827.69
1655629200000;6.16;6.24;6.12;6.14;166025.03
1655632800000;6.14;6.43;6.12;6.4;441151.48
1655636400000;6.4;6.41;6.32;6.38;168574.09
1655640000000;6.37;6.5;6.27;6.32;246961.5
1655643600000;6.32;6.38;6.25;6.26;98364.96
1655647200000;6.26;6.37;6.24;6.36;93135.46
1655650800000;6.36;6.5;6.31;6.5;172886.84
1655654400000;6.5;6.52;6.42;6.44;107532.59
1655658000000;6.43;6.48;6.39;6.43;93060.76
1655661600000;6.43;6.73;6.41;6.71;318127.95
1655665200000;6.72;6.79;6.62;6.64;211460.36
1655668800000;6.65;6.87;6.64;6.83;268620.41
1655672400000;6.82;6.83;6.72;6.75;67432.72
1655676000000;6.75;6.83;6.7;6.73;89695.57
1655679600000;6.73;6.79;6.67;6.77;108584.95
1655683200000;6.78;6.83;6.61;6.64;145453.5
1655686800000;6.64;6.67;6.56;6.62;117007.41
1655690400000;6.62;6.68;6.48;6.54;179072.48
1655694000000;6.55;6.6;6.52;6.58;63668.57
1655697600000;6.57;6.63;6.52;6.52;39341.77
1655701200000;6.51;6.62;6.5;6.61;61928.17
1655704800000;6.61;6.65;6.52;6.6;77709.78
1655708400000;6.6;6.62;6.49;6.56;94134.35
1655712000000;6.56;6.75;6.54;6.71;203789.37
1655715600000;6.71;6.82;6.69;6.8;154054.54
1655719200000;6.8;6.95;6.76;6.95;188328.05
1655722800000;6.95;6.97;6.86;6.93;121995.2
1655726400000;6.93;6.94;6.75;6.82;170285.81
1655730000000;6.81;6.89;6.73;6.75;136592.54
1655733600000;6.76;6.96;6.75;6.94;151164.11
1655737200000;6.93;6.97;6.74;6.87;151267.16
1655740800000;6.86;6.88;6.73;6.82;123023.5
1655744400000;6.81;6.85;6.68;6.69;89988.44
1655748000000;6.69;6.73;6.61;6.72;118550.94
1655751600000;6.72;6.74;6.65;6.71;63512.74
1655755200000;6.72;6.82;6.66;6.81;75213.28
1655758800000;6.8;6.83;6.66;6.71;55538.66
1655762400000;6.72;6.83;6.61;6.79;119829.15
1655766000000;6.79;6.87;6.68;6.82;259220.26
1655769600000;6.81;6.85;6.67;6.82;177717.36
1655773200000;6.82;6.87;6.7;6.79;142158.52
1655776800000;6.78;6.81;6.66;6.75;122138.51
1655780400000;6.74;6.84;6.71;6.83;136688.5
1655784000000;6.83;6.89;6.75;6.88;97606.72
1655787600000;6.88;7.04;6.88;6.99;219843.32
1655791200000;6.99;7.06;6.98;7.03;176705.91
1655794800000;7.02;7.04;6.92;6.95;135158.16
1655798400000;6.94;7.12;6.92;7.09;195668.77
1655802000000;7.09;7.11;6.99;7;133578.74
1655805600000;7;7.04;6.94;7.03;105904.78
1655809200000;7.02;7.08;6.88;6.9;151690.6
1655812800000;6.89;6.97;6.87;6.94;109950.46
1655816400000;6.94;7.17;6.87;7.17;213975.45
1655820000000;7.16;7.2;7.07;7.14;224432.49
1655823600000;7.13;7.14;7.02;7.07;158049.01
1655827200000;7.07;7.13;7.05;7.07;101526.94
1655830800000;7.08;7.12;7;7.01;116115.13
1655834400000;7.01;7.02;6.92;6.94;116996.61
1655838000000;6.95;7.02;6.81;6.81;150420.09
1655841600000;6.82;6.88;6.77;6.85;109175.78
1655845200000;6.86;6.9;6.82;6.88;42821.13
1655848800000;6.88;6.95;6.8;6.94;92321.57
1655852400000;6.95;7.01;6.84;6.95;155380.71
1655856000000;6.96;6.96;6.76;6.86;199216.67
1655859600000;6.85;6.92;6.71;6.72;137732.88
1655863200000;6.72;6.75;6.67;6.73;129092.51
1655866800000;6.73;6.78;6.64;6.66;140033.97
1655870400000;6.67;6.77;6.65;6.74;80115.61
1655874000000;6.74;6.83;6.74;6.77;88322.1
1655877600000;6.76;6.81;6.61;6.68;190349.84
1655881200000;6.69;6.73;6.61;6.63;146354.06
1655884800000;6.62;6.72;6.57;6.7;135499.3
1655888400000;6.71;6.83;6.71;6.81;200616.82
1655892000000;6.81;6.84;6.77;6.82;83654.26
1655895600000;6.81;6.95;6.81;6.9;145557.94
1655899200000;6.9;6.95;6.77;6.86;197251.59
1655902800000;6.85;7.04;6.77;7.03;293545.24
1655906400000;7.03;7.1;6.98;7.04;310441.9
1655910000000;7.03;7.05;6.84;6.86;205763.3
1655913600000;6.86;6.92;6.76;6.88;225791.73
1655917200000;6.87;7.43;6.86;7.31;861706.02
1655920800000;7.3;7.62;7.25;7.41;1105113.83
1655924400000;7.41;7.41;7.22;7.29;263314.14
1655928000000;7.28;7.32;7.17;7.19;196633.29
1655931600000;7.18;7.26;7.08;7.24;334033.16
1655935200000;7.23;7.26;6.99;7.12;466389.43
1655938800000;7.11;7.18;7.04;7.05;142769.4
1655942400000;7.06;7.28;7.06;7.24;308568.13
1655946000000;7.25;7.48;7.24;7.28;207701.07
1655949600000;7.27;7.32;7.24;7.28;118901.6
1655953200000;7.27;7.5;7.26;7.42;452775.44
1655956800000;7.41;7.55;7.41;7.52;174568.36
1655960400000;7.52;7.59;7.47;7.49;142022.83
1655964000000;7.49;7.64;7.45;7.53;196258.24
1655967600000;7.53;7.75;7.53;7.6;399849.99
1655971200000;7.59;7.77;7.59;7.65;235362.39
1655974800000;7.64;7.73;7.55;7.67;161063.37
1655978400000;7.66;7.76;7.62;7.73;155922.06
1655982000000;7.72;7.74;7.67;7.68;123621.05
1655985600000;7.68;7.73;7.56;7.58;215031.59
1655989200000;7.59;7.66;7.47;7.52;181423.34
1655992800000;7.53;7.9;7.5;7.88;418916.8
1655996400000;7.89;7.98;7.71;7.79;447200.35
1656000000000;7.78;7.86;7.72;7.76;180209.63
1656003600000;7.76;7.94;7.65;7.9;250685.64
1656007200000;7.9;7.99;7.82;7.91;355084.03
1656010800000;7.9;8.15;7.88;8.09;392272.61
1656014400000;8.09;8.16;8;8.1;268294.46
1656018000000;8.1;8.19;7.97;8.01;240611.06
1656021600000;8;8.15;8;8;211745.99
1656025200000;8;8.18;7.99;8.13;166503
1656028800000;8.14;8.55;8.12;8.35;783700.56
1656032400000;8.34;8.59;8.29;8.38;402183.91
1656036000000;8.38;8.55;8.32;8.43;342961.16
1656039600000;8.42;8.5;8.3;8.34;207425.18
1656043200000;8.34;8.43;8.25;8.3;182227.74
1656046800000;8.29;8.35;8.18;8.2;188281.57
1656050400000;8.21;8.24;8.15;8.2;135688.08
1656054000000;8.19;8.33;8.14;8.3;160371.09
1656057600000;8.31;8.4;8.29;8.33;153573.23
1656061200000;8.33;8.37;8.18;8.23;196918.9
1656064800000;8.23;8.23;8.15;8.21;143679.78
1656068400000;8.21;8.3;8.14;8.15;260740.26
1656072000000;8.14;8.27;8.1;8.16;236167.01
1656075600000;8.15;8.28;8.12;8.17;150408.66
1656079200000;8.18;8.27;8.12;8.16;133554.6
1656082800000;8.16;8.17;8.02;8.14;167977.14
1656086400000;8.13;8.16;7.96;8.07;187999.44
1656090000000;8.07;8.16;7.95;7.99;182006.54
1656093600000;7.98;8.12;7.98;8.09;97813.52
1656097200000;8.1;8.15;8.05;8.14;103779.91
1656100800000;8.14;8.24;8.12;8.17;131560.7
1656104400000;8.17;8.28;8.14;8.26;83892.78
1656108000000;8.26;8.39;8.25;8.31;187868.85
1656111600000;8.31;8.39;8.24;8.26;102245.73
1656115200000;8.25;8.28;8.13;8.18;195485.31
1656118800000;8.17;8.37;8.14;8.35;101252.31
1656122400000;8.34;8.38;8.07;8.09;115144.61
1656126000000;8.09;8.28;8.09;8.26;107122.11
1656129600000;8.25;8.33;8.19;8.3;78728.16
1656133200000;8.29;8.37;8.24;8.24;90056.61
1656136800000;8.24;8.3;8.2;8.26;72122.91
1656140400000;8.27;8.41;8.26;8.35;89448.26
1656144000000;8.36;8.45;8.36;8.42;96936.4
1656147600000;8.42;8.63;8.42;8.52;212185.91
1656151200000;8.52;8.55;8.45;8.48;98858.58
1656154800000;8.48;8.53;8.34;8.36;126924.11
1656158400000;8.36;8.39;8.13;8.18;250075.71
1656162000000;8.18;8.24;8.11;8.18;154909.41
1656165600000;8.19;8.23;8.12;8.16;108415.24
1656169200000;8.16;8.22;7.98;8.03;217865.82
1656172800000;8.02;8.14;8.01;8.1;82925.03
1656176400000;8.11;8.24;8.06;8.18;80959.21
1656180000000;8.17;8.34;8.14;8.34;93463.06
1656183600000;8.34;8.59;8.32;8.5;209900.46
1656187200000;8.5;8.72;8.46;8.48;304543.19
1656190800000;8.48;8.61;8.44;8.58;136680.32
1656194400000;8.58;8.68;8.51;8.57;98047.75
1656198000000;8.58;8.7;8.56;8.67;121396.74
1656201600000;8.67;8.75;8.61;8.63;193920.21
1656205200000;8.63;8.7;8.47;8.48;125424.3
1656208800000;8.49;8.51;8.41;8.45;81127.83
1656212400000;8.44;8.53;8.43;8.45;51887.01
1656216000000;8.45;8.49;8.38;8.45;76652.16
1656219600000;8.45;8.45;8.36;8.42;54344.63
1656223200000;8.42;8.45;8.27;8.44;162038.34
1656226800000;8.44;8.47;8.33;8.34;78450.07
1656230400000;8.35;8.41;8.34;8.39;59620.6
1656234000000;8.4;8.45;8.31;8.36;104412.59
1656237600000;8.37;8.45;8.33;8.44;65108.97
1656241200000;8.45;8.61;8.38;8.58;160430.27
1656244800000;8.57;8.61;8.34;8.35;270773.69
1656248400000;8.36;8.58;8.3;8.57;186355.22
1656252000000;8.58;8.61;8.47;8.49;121927.22
1656255600000;8.5;8.6;8.35;8.58;215834.59
1656259200000;8.58;8.71;8.47;8.48;235340.69
1656262800000;8.49;8.51;8.37;8.5;168828.7
1656266400000;8.49;8.49;8.3;8.36;195724.12
1656270000000;8.35;8.47;8.31;8.45;80883.79
1656273600000;8.46;8.59;8.41;8.57;101285.03
1656277200000;8.56;8.58;8.46;8.49;59245.54
1656280800000;8.49;8.49;8.11;8.18;236783.12
1656284400000;8.18;8.21;8.01;8.06;159501.12
1656288000000;8.06;8.21;8.01;8.16;172132.85
1656291600000;8.15;8.22;8.07;8.17;121450.23
1656295200000;8.16;8.26;8.14;8.23;57171.85
1656298800000;8.22;8.27;8.21;8.26;45703.84
1656302400000;8.25;8.36;8.19;8.35;108649.12
1656306000000;8.35;8.35;8.21;8.22;68383.43
1656309600000;8.21;8.31;8.19;8.3;62460.09
1656313200000;8.3;8.39;8.29;8.39;102690.43
1656316800000;8.38;8.47;8.38;8.45;116323.85
1656320400000;8.45;8.55;8.44;8.51;126329.34
1656324000000;8.51;8.58;8.48;8.55;90438.38
1656327600000;8.55;8.56;8.36;8.39;125604.65
1656331200000;8.39;8.48;8.31;8.47;130022.97
1656334800000;8.47;8.61;8.11;8.14;463570.68
1656338400000;8.14;8.22;8.07;8.21;263814.21
1656342000000;8.21;8.28;8.13;8.22;126519.53
1656345600000;8.23;8.23;8.04;8.13;127732.02
1656349200000;8.13;8.14;7.92;7.94;158464.21
1656352800000;7.94;8.14;7.84;8.08;270305.92
1656356400000;8.08;8.08;7.93;7.94;130026.12
1656360000000;7.95;8.06;7.95;7.96;69815.12
1656363600000;7.97;8;7.95;7.96;39531.28
1656367200000;7.96;8.08;7.95;7.96;113247.48
1656370800000;7.96;7.97;7.75;7.78;273662.31
1656374400000;7.79;7.9;7.73;7.81;205748.22
1656378000000;7.8;7.82;7.54;7.56;259542.18
1656381600000;7.56;7.59;7.5;7.57;208336.48
1656385200000;7.57;7.63;7.54;7.62;70739.63
1656388800000;7.62;7.68;7.6;7.68;94592.89
1656392400000;7.68;7.71;7.64;7.65;91979.83
1656396000000;7.64;7.86;7.64;7.77;206570.54
1656399600000;7.77;7.87;7.77;7.83;119317.36
1656403200000;7.83;7.97;7.78;7.94;205215.63
1656406800000;7.95;7.98;7.87;7.89;147923.93
1656410400000;7.88;7.91;7.83;7.88;95498.82
1656414000000;7.88;8.03;7.83;7.9;227656.01
1656417600000;7.9;7.99;7.85;7.85;172428.66
1656421200000;7.85;8.01;7.78;7.93;294785.19
1656424800000;7.93;7.96;7.67;7.77;249077.53
1656428400000;7.78;7.88;7.62;7.77;575027.22
1656432000000;7.77;7.81;7.64;7.66;178193.78
1656435600000;7.66;7.67;7.59;7.6;118414.68
1656439200000;7.6;7.6;7.48;7.55;251588.23
1656442800000;7.55;7.57;7.46;7.48;131081.52
1656446400000;7.48;7.52;7.42;7.49;110904.28
1656450000000;7.5;7.52;7.48;7.52;43067.56
1656453600000;7.51;7.51;7.29;7.3;191104.55
1656457200000;7.31;7.39;7.27;7.34;299937.75
1656460800000;7.34;7.42;7.3;7.34;167159.79
1656464400000;7.34;7.44;7.33;7.42;85082.49
1656468000000;7.42;7.43;7.3;7.4;105708.52
1656471600000;7.4;7.42;7.28;7.31;114606.98
1656475200000;7.3;7.36;7.27;7.3;125116.19
1656478800000;7.3;7.33;7.12;7.18;243303.48
1656482400000;7.18;7.19;7.02;7.09;227314.65
1656486000000;7.08;7.21;7.06;7.2;144594.45
1656489600000;7.2;7.25;7.15;7.16;139327.18
1656493200000;7.17;7.29;7.13;7.19;114797.55
1656496800000;7.19;7.22;7.12;7.16;93716.92
1656500400000;7.15;7.23;7.04;7.17;241222.68
1656504000000;7.17;7.23;7.07;7.07;197126.12
1656507600000;7.08;7.32;7.07;7.24;668530.43
1656511200000;7.24;7.3;7.2;7.27;206663.55
1656514800000;7.27;7.28;7.18;7.23;188254.42
1656518400000;7.23;7.24;7.06;7.1;212205.89
1656522000000;7.1;7.21;7.03;7.2;151972.57
1656525600000;7.2;7.36;7.2;7.3;177808.31
1656529200000;7.3;7.48;7.26;7.44;145200.68
1656532800000;7.44;7.51;7.35;7.38;191791.1
1656536400000;7.39;7.44;7.36;7.38;64221.01
1656540000000;7.38;7.44;7.34;7.43;106334.07
1656543600000;7.42;7.43;7.28;7.4;127828.35
1656547200000;7.4;7.41;7.22;7.23;173697.23
1656550800000;7.23;7.4;7.13;7.28;266448.4
1656554400000;7.28;7.57;7.26;7.47;178049.6
1656558000000;7.46;7.65;7.35;7.62;420469.22
1656561600000;7.61;7.62;7.42;7.46;197693.02
1656565200000;7.46;7.59;7.37;7.44;197252.15
1656568800000;7.44;7.47;7.22;7.32;261664.91
1656572400000;7.32;7.48;7.29;7.35;296854.21
1656576000000;7.34;7.35;7.12;7.17;291236.99
1656579600000;7.16;7.18;7.04;7.14;296203.72
1656583200000;7.14;7.16;6.89;7.06;413612.43
1656586800000;7.06;7.09;6.91;6.98;511588.94
1656590400000;6.99;7.12;6.94;7.1;169471.49
1656594000000;7.1;7.16;6.89;6.95;220740.88
1656597600000;6.95;7.13;6.95;7.12;170659.03
1656601200000;7.11;7.23;7.04;7.15;199321.09
1656604800000;7.15;7.27;7.09;7.13;140773.63
1656608400000;7.13;7.21;7.11;7.15;71119.12
1656612000000;7.17;7.17;7.01;7.08;122691.96
1656615600000;7.07;7.19;7.05;7.18;91331.06
1656619200000;7.18;7.21;7.04;7.14;137471.08
1656622800000;7.13;7.22;7.12;7.14;82192.27
1656626400000;7.13;7.34;7.11;7.27;150322.39
1656630000000;7.27;7.61;7.16;7.57;249885.13
1656633600000;7.57;7.77;7.49;7.71;466191.64
1656637200000;7.71;7.78;7.68;7.75;202292.49
1656640800000;7.76;7.77;7.69;7.71;125295.13
1656644400000;7.7;7.73;7.53;7.53;158434.39
1656648000000;7.53;7.58;7.42;7.45;185531.13
1656651600000;7.45;7.6;7.44;7.5;177693.44
1656655200000;7.49;7.53;7.38;7.41;241803.97
1656658800000;7.42;7.59;7.37;7.58;192794.96
1656662400000;7.58;7.63;7.48;7.5;210048.95
1656666000000;7.49;7.55;7.43;7.46;109928.71
1656669600000;7.46;7.48;7.18;7.23;214276.83
1656673200000;7.23;7.34;7.19;7.34;153115.2
1656676800000;7.34;7.38;7.26;7.28;123288.81
1656680400000;7.27;7.9;7.27;7.73;1267649.74
1656684000000;7.72;7.78;7.54;7.69;369141.77
1656687600000;7.68;7.87;7.65;7.73;470890.79
1656691200000;7.72;8.12;7.72;8;806130.62
1656694800000;7.99;8.2;7.95;8.05;286491.68
1656698400000;8.05;8.17;8.02;8.12;195719.4
1656702000000;8.12;8.19;8.06;8.17;243149.66
1656705600000;8.17;8.38;8.15;8.27;542293.51
1656709200000;8.27;8.29;8.08;8.16;225717.5
1656712800000;8.17;8.18;8.08;8.12;140235.87
1656716400000;8.13;8.27;8.06;8.09;290332.55
1656720000000;8.1;8.23;8.03;8.04;340178.61
1656723600000;8.05;8.36;8.04;8.19;339508.69
1656727200000;8.19;8.26;8.1;8.22;322526.68
1656730800000;8.21;8.27;8.07;8.08;277927.36
1656734400000;8.09;8.15;8.03;8.06;108344.07
1656738000000;8.06;8.19;8.05;8.07;113543.36
1656741600000;8.07;8.14;7.97;8.02;126173.84
1656745200000;8.02;8.1;7.93;7.97;126883.49
1656748800000;7.97;8.02;7.96;8;95553.83
1656752400000;8.01;8.18;7.97;8.14;160618.73
1656756000000;8.14;8.18;8.06;8.11;125575.78
1656759600000;8.12;8.15;8.03;8.07;100314.14
1656763200000;8.07;8.2;8.04;8.12;215046.86
1656766800000;8.12;8.14;8.04;8.07;92032.76
1656770400000;8.06;8.17;8.05;8.12;109230.18
1656774000000;8.12;8.17;8.06;8.16;104672.39
1656777600000;8.15;8.2;8.11;8.17;107238.04
1656781200000;8.17;8.25;8.09;8.12;339443.26
1656784800000;8.12;8.22;8.08;8.17;234085.89
1656788400000;8.16;8.21;8.11;8.13;71781.45
1656792000000;8.14;8.18;8.1;8.11;83763.85
1656795600000;8.12;8.2;8.08;8.18;111077.72
1656799200000;8.18;8.2;8.09;8.11;102114.93
1656802800000;8.11;8.11;8.05;8.07;56609.68
1656806400000;8.07;8.09;8.01;8.04;87930.65
1656810000000;8.03;8.05;7.78;7.8;526962.36
1656813600000;7.79;7.92;7.78;7.9;268387.21
1656817200000;7.9;7.98;7.9;7.96;185459.66
1656820800000;7.95;8.14;7.82;8.08;309754.17
1656824400000;8.07;8.17;7.92;7.99;275390.56
1656828000000;8;8.1;7.98;8.01;83705.05
1656831600000;8.01;8.02;7.94;7.96;66398.4
1656835200000;7.96;7.99;7.88;7.94;103030.09
1656838800000;7.93;8.06;7.92;8.04;139296.09
1656842400000;8.03;8.16;8.02;8.13;69353.62
1656846000000;8.13;8.2;8.08;8.09;98999.22
1656849600000;8.09;8.15;8.02;8.07;58044.43
1656853200000;8.08;8.1;7.83;7.98;338147.5
1656856800000;7.99;8.04;7.96;8.01;57736.18
1656860400000;8.01;8.03;7.96;8.01;72695.66
1656864000000;8.01;8.17;7.99;8.15;91065.71
1656867600000;8.15;8.19;8.1;8.17;71127.55
1656871200000;8.18;8.31;8.16;8.2;111850.75
1656874800000;8.21;8.31;8.2;8.26;101009.93
1656878400000;8.26;8.29;8.17;8.18;104446.91
1656882000000;8.19;8.21;8.13;8.17;45133.05
1656885600000;8.17;8.21;8.05;8.09;119223.5
1656889200000;8.09;8.14;8.05;8.09;62596.99
1656892800000;8.08;8.15;8.04;8.07;84694
1656896400000;8.07;8.08;7.97;8.03;112107.95
1656900000000;8.02;8.03;7.88;7.89;125558.04
1656903600000;7.88;7.97;7.86;7.95;84962.26
1656907200000;7.95;8.02;7.94;8;65971.32
1656910800000;8.01;8.04;7.96;8.03;38800.57
1656914400000;8.04;8.12;7.93;7.96;77912.1
1656918000000;7.95;8.07;7.94;8.03;99272.7
1656921600000;8.02;8.04;7.98;8;68050.66
1656925200000;7.99;8.15;7.99;8.11;114999.99
1656928800000;8.11;8.13;8.04;8.05;90501.06
1656932400000;8.04;8.25;8.04;8.24;212658.36
1656936000000;8.25;8.3;8.13;8.22;270158.36
1656939600000;8.21;8.25;8.14;8.15;116134.58
1656943200000;8.15;8.2;8.13;8.18;84123.6
1656946800000;8.18;8.49;8.17;8.29;330641.52
1656950400000;8.29;8.41;8.26;8.39;175527.06
1656954000000;8.39;8.67;8.38;8.6;469421.13
1656957600000;8.6;8.73;8.6;8.68;186738.05
1656961200000;8.68;8.69;8.56;8.65;129645.27
1656964800000;8.64;8.67;8.57;8.65;94184.8
1656968400000;8.65;8.8;8.59;8.77;158929.78
1656972000000;8.77;8.94;8.71;8.82;373430.08
1656975600000;8.83;8.83;8.72;8.75;226823.24
1656979200000;8.75;8.96;8.71;8.87;351600.74
1656982800000;8.86;8.87;8.78;8.82;101608.4
1656986400000;8.83;8.85;8.71;8.78;96815.69
1656990000000;8.78;8.94;8.76;8.93;117915.24
1656993600000;8.92;8.98;8.85;8.96;115985.93
1656997200000;8.96;9.13;8.91;9.09;245137.07
1657000800000;9.09;9.32;9.06;9.23;359811.6
1657004400000;9.22;9.25;9.08;9.08;269861.73
1657008000000;9.09;9.11;8.89;8.95;389967.44
1657011600000;8.94;8.99;8.76;8.89;272988.1
1657015200000;8.88;8.96;8.85;8.9;129282.21
1657018800000;8.9;8.94;8.65;8.7;180296.41
1657022400000;8.7;8.71;8.42;8.43;378915.06
1657026000000;8.43;8.54;8.38;8.46;246595.47
1657029600000;8.45;8.59;8.44;8.51;193422.26
1657033200000;8.51;8.78;8.41;8.76;249879.93
1657036800000;8.76;8.99;8.7;8.72;470576.37
1657040400000;8.71;8.94;8.7;8.81;276164.49
1657044000000;8.82;9.09;8.74;9.08;319924.32
1657047600000;9.07;9.17;9.01;9.08;342460.39
1657051200000;9.07;9.28;9.03;9.04;291922.88
1657054800000;9.05;9.15;8.93;9.08;158600.55
1657058400000;9.07;9.2;8.99;9.15;183219.64
1657062000000;9.14;9.17;8.92;8.92;149292.48
1657065600000;8.91;9.4;8.91;9.28;478212.06
1657069200000;9.28;9.45;9.01;9.2;831398.02
1657072800000;9.19;9.26;9.07;9.08;299292.83
1657076400000;9.08;9.21;9.04;9.17;168784.54
1657080000000;9.18;9.35;9.04;9.06;257609.46
1657083600000;9.06;9.15;9.01;9.06;121457.99
1657087200000;9.06;9.06;8.92;9.05;212031.93
1657090800000;9.05;9.14;9.02;9.05;155558.91
1657094400000;9.04;9.21;8.97;9.03;280796.77
1657098000000;9.02;9.15;8.98;9.05;127978.7
1657101600000;9.05;9.06;8.91;8.95;160967.83
1657105200000;8.96;8.97;8.78;8.85;215822.05
1657108800000;8.86;8.91;8.77;8.81;196044.82
1657112400000;8.81;9.13;8.79;8.94;484029.07
1657116000000;8.94;9.01;8.85;8.98;177900.67
1657119600000;8.98;8.99;8.84;8.9;84961.82
1657123200000;8.91;9.06;8.89;9.02;116429.74
1657126800000;9.01;9.13;8.96;9.05;189875.73
1657130400000;9.04;9.15;8.99;9.08;209594.02
1657134000000;9.08;9.11;8.93;8.99;117649.15
1657137600000;8.99;9.01;8.87;8.95;126400.44
1657141200000;8.94;8.97;8.81;8.87;91340.86
1657144800000;8.86;9.05;8.86;8.93;272241.63
1657148400000;8.92;9.04;8.86;8.9;143564.77
1657152000000;8.89;8.95;8.84;8.9;171553.09
1657155600000;8.9;8.9;8.81;8.88;105186.17
1657159200000;8.88;8.9;8.69;8.74;154148.84
1657162800000;8.74;8.83;8.7;8.81;94238.62
1657166400000;8.81;8.83;8.71;8.82;107174.26
1657170000000;8.81;8.87;8.75;8.78;87498.68
1657173600000;8.78;8.81;8.74;8.81;84433.79
1657177200000;8.81;8.89;8.73;8.86;128494.46
1657180800000;8.85;8.97;8.83;8.95;130244.67
1657184400000;8.95;8.99;8.91;8.92;117061.06
1657188000000;8.92;8.94;8.88;8.92;79011.57
1657191600000;8.92;8.94;8.85;8.94;73744.06
1657195200000;8.94;9.04;8.86;8.87;159772.64
1657198800000;8.88;8.93;8.78;8.88;169514.48
1657202400000;8.88;9.1;8.86;9.09;346414.56
1657206000000;9.1;9.19;9.02;9.05;195027.21
1657209600000;9.05;9.4;9.04;9.33;355228.82
1657213200000;9.33;9.41;9.26;9.33;229166.65
1657216800000;9.34;9.57;9.33;9.49;445746.02
1657220400000;9.49;9.57;9.48;9.52;182251.15
1657224000000;9.52;9.54;9.36;9.39;223325.2
1657227600000;9.4;9.42;9.35;9.36;91995.9
1657231200000;9.36;9.47;9.25;9.28;136721.95
1657234800000;9.28;9.44;9.28;9.36;126063.27
1657238400000;9.37;9.48;9.3;9.47;143506.92
1657242000000;9.47;9.72;9.42;9.48;400202.61
1657245600000;9.48;9.52;9.36;9.48;118618.4
1657249200000;9.48;9.49;9.28;9.3;206550.6
1657252800000;9.3;9.36;9.26;9.28;178622.23
1657256400000;9.29;9.31;9.13;9.21;197869.92
1657260000000;9.22;9.27;9.18;9.23;95353.32
1657263600000;9.23;9.25;9.14;9.2;99219.71
1657267200000;9.2;9.23;9.04;9.06;151494.94
1657270800000;9.04;9.08;8.95;9.08;171729.39
1657274400000;9.07;9.16;9.03;9.04;109329.53
1657278000000;9.04;9.12;9.02;9.07;86881.57
1657281600000;9.07;9.15;8.9;9.02;207789.93
1657285200000;9.02;9.12;8.95;9.02;148868.37
1657288800000;9.02;9.23;8.99;9.15;154410.79
1657292400000;9.16;9.25;9.12;9.18;174850.55
1657296000000;9.19;9.2;9.01;9.05;144303.46
1657299600000;9.05;9.11;9.01;9.1;62644.31
1657303200000;9.09;9.23;9.07;9.15;97552.39
1657306800000;9.15;9.23;9.1;9.18;73375.32
1657310400000;9.17;9.23;9.13;9.15;87282.36
1657314000000;9.15;9.23;9.01;9.01;69219.3
1657317600000;9.01;9.15;9.01;9.11;76207.71
1657321200000;9.11;9.2;8.93;8.98;122378.45
1657324800000;8.98;9.19;8.97;9.1;175462.89
1657328400000;9.11;9.28;9.08;9.18;139450.4
1657332000000;9.18;9.26;9.16;9.21;59971.62
1657335600000;9.22;9.23;9.11;9.22;73847.27
1657339200000;9.22;9.25;9.17;9.23;58793.79
1657342800000;9.24;9.28;9.2;9.22;57303.62
1657346400000;9.23;9.29;9.21;9.28;53854.17
1657350000000;9.28;9.37;9.27;9.31;84367.53
1657353600000;9.31;9.33;9.26;9.32;39581.4
1657357200000;9.32;9.32;9.21;9.23;38893.38
1657360800000;9.23;9.25;9.18;9.24;63303.98
1657364400000;9.23;9.25;9.02;9.05;79230.78
1657368000000;9.05;9.12;9.02;9.1;108626.52
1657371600000;9.1;9.13;9.04;9.09;72763.58
1657375200000;9.09;9.16;9.06;9.11;65029.88
1657378800000;9.11;9.14;9.08;9.12;30987.56
1657382400000;9.11;9.18;9.09;9.17;46394.34
1657386000000;9.17;9.24;9.16;9.23;74494.85
1657389600000;9.23;9.28;9.17;9.17;80641.99
1657393200000;9.17;9.19;9.07;9.16;83039.32
1657396800000;9.16;9.16;9.07;9.08;68024.87
1657400400000;9.07;9.12;9.07;9.1;40877.58
1657404000000;9.09;9.15;8.98;9.02;106447.8
1657407600000;9.02;9.07;8.95;8.98;62504.42
1657411200000;8.98;9.01;8.78;8.83;159003.25
1657414800000;8.82;8.91;8.8;8.81;82701.29
1657418400000;8.81;8.86;8.65;8.71;178505.87
1657422000000;8.71;8.74;8.66;8.68;77262.5
1657425600000;8.67;8.78;8.63;8.73;122590.44
1657429200000;8.73;8.79;8.72;8.77;56155.19
1657432800000;8.76;8.78;8.72;8.78;61023.95
1657436400000;8.78;8.78;8.74;8.77;56757.4
1657440000000;8.77;8.81;8.72;8.75;68402.57
1657443600000;8.74;8.81;8.72;8.79;77854.82
1657447200000;8.78;8.8;8.69;8.72;47798.65
1657450800000;8.72;8.74;8.61;8.69;99246.2
1657454400000;8.69;8.86;8.67;8.86;94957.71
1657458000000;8.85;8.88;8.65;8.69;134305.11
1657461600000;8.69;8.7;8.53;8.57;144267.66
1657465200000;8.56;8.64;8.53;8.56;93754.3
1657468800000;8.56;8.73;8.5;8.7;109539.56
1657472400000;8.7;8.74;8.65;8.7;43985.64
1657476000000;8.7;8.71;8.65;8.7;32731.35
1657479600000;8.69;8.77;8.63;8.77;53670.03
1657483200000;8.76;8.78;8.7;8.74;52374.58
1657486800000;8.75;8.78;8.73;8.76;58697.12
1657490400000;8.76;8.77;8.65;8.76;85195.16
1657494000000;8.75;8.83;8.67;8.79;114227.62
1657497600000;8.78;8.85;8.65;8.83;93029.48
1657501200000;8.82;8.83;8.52;8.57;160850.57
1657504800000;8.57;8.72;8.52;8.66;103663.16
1657508400000;8.65;8.78;8.61;8.75;85361.83
1657512000000;8.75;8.79;8.67;8.71;63456.68
1657515600000;8.72;8.78;8.66;8.68;62250.87
1657519200000;8.68;8.69;8.55;8.59;103081.51
1657522800000;8.59;8.68;8.56;8.65;61511.56
1657526400000;8.64;8.78;8.6;8.73;158234.36
1657530000000;8.73;8.82;8.72;8.8;116564.22
1657533600000;8.81;8.93;8.76;8.89;192286.26
1657537200000;8.89;8.93;8.77;8.83;197590.77
1657540800000;8.82;8.93;8.76;8.92;138952.85
1657544400000;8.91;8.94;8.75;8.89;188043.59
1657548000000;8.89;9.11;8.81;9.01;382205.68
1657551600000;9.02;9.05;8.93;9;140213.49
1657555200000;9.01;9.09;8.96;8.98;102204.86
1657558800000;8.97;9.08;8.97;9.06;87179.52
1657562400000;9.07;9.08;8.89;8.91;116286.32
1657566000000;8.91;8.97;8.83;8.9;165803.96
1657569600000;8.9;8.92;8.71;8.73;107436.46
1657573200000;8.74;8.74;8.54;8.6;95830.71
1657576800000;8.59;8.6;8.35;8.4;251772.82
1657580400000;8.4;8.4;8.16;8.18;270405.8
1657584000000;8.18;8.39;8.13;8.3;395482.7
1657587600000;8.29;8.42;8.29;8.32;114788.92
1657591200000;8.31;8.35;8.26;8.3;71813.99
1657594800000;8.3;8.3;8.18;8.23;79591.45
1657598400000;8.23;8.3;8.19;8.27;149508.74
1657602000000;8.27;8.33;8.23;8.26;81013.33
1657605600000;8.26;8.27;8.15;8.2;123355.92
1657609200000;8.2;8.2;8.03;8.1;194801.11
1657612800000;8.09;8.14;8.04;8.09;152747.16
1657616400000;8.09;8.1;7.85;7.89;325073.85
1657620000000;7.89;8.04;7.89;7.97;191732.9
1657623600000;7.98;8.1;7.97;8.07;101275.89
1657627200000;8.07;8.14;8.05;8.06;130202.83
1657630800000;8.05;8.17;8.05;8.06;167000.14
1657634400000;8.06;8.14;8.03;8.13;119282.15
1657638000000;8.12;8.19;8.09;8.11;103206.75
1657641600000;8.12;8.22;8.1;8.17;98627.18
1657645200000;8.16;8.18;8.09;8.12;80210.21
1657648800000;8.12;8.13;7.95;7.97;98747.21
1657652400000;7.96;8;7.81;7.88;198917.57
1657656000000;7.89;7.93;7.83;7.89;86990.03
1657659600000;7.89;7.89;7.73;7.74;126079.36
1657663200000;7.74;7.85;7.72;7.79;83349.73
1657666800000;7.79;7.83;7.74;7.81;140842.86
1657670400000;7.82;7.89;7.79;7.83;129046.17
1657674000000;7.83;7.86;7.73;7.78;87480.9
1657677600000;7.78;7.92;7.78;7.84;82245.77
1657681200000;7.83;7.85;7.72;7.72;41956.59
1657684800000;7.72;7.83;7.72;7.8;43973.57
1657688400000;7.8;7.91;7.77;7.849;70903.57
1657692000000;7.841;7.85;7.806;7.84;159814.52
1657695600000;7.84;7.938;7.824;7.923;206563.09
1657699200000;7.927;7.999;7.893;7.955;115083.58
1657702800000;7.958;7.97;7.89;7.924;146127.95
1657706400000;7.922;7.995;7.891;7.929;174568.92
1657710000000;7.927;7.978;7.895;7.958;128700.31
1657713600000;7.958;8.071;7.42;7.55;712166.47
1657717200000;7.545;7.609;7.421;7.6;367128.49
1657720800000;7.59;7.8;7.569;7.783;229895.5
1657724400000;7.782;7.833;7.703;7.713;172824.68
1657728000000;7.709;7.796;7.634;7.796;145419.04
1657731600000;7.796;7.938;7.78;7.92;192983.87
1657735200000;7.92;7.926;7.847;7.9;108670.35
1657738800000;7.903;7.92;7.803;7.81;101095.27
1657742400000;7.81;7.858;7.79;7.798;59680.05
1657746000000;7.793;7.928;7.784;7.915;64500.21
1657749600000;7.914;7.99;7.897;7.939;188634.16
1657753200000;7.94;8.246;7.938;8.211;441517.48
1657756800000;8.212;8.27;8.089;8.119;284645.67
1657760400000;8.118;8.212;8.098;8.176;177658.24
1657764000000;8.177;8.188;8.103;8.15;88289.55
1657767600000;8.151;8.205;8.111;8.124;100296.73
1657771200000;8.125;8.253;8.105;8.184;151703.13
1657774800000;8.187;8.38;8.16;8.3;409675.96
1657778400000;8.3;8.3;8.212;8.272;217790.9
1657782000000;8.273;8.349;8.216;8.255;208904.51
1657785600000;8.255;8.46;8.22;8.386;393909.63
1657789200000;8.387;8.415;8.261;8.317;219453.64
1657792800000;8.317;8.409;8.239;8.275;312930.01
1657796400000;8.274;8.295;8.152;8.172;240670.52
1657800000000;8.172;8.286;8.14;8.252;236911.92
1657803600000;8.247;8.285;8.182;8.245;222191.83
1657807200000;8.243;8.444;8.192;8.39;232675.94
1657810800000;8.39;8.526;8.36;8.481;545797.13
1657814400000;8.48;8.518;8.425;8.428;207038.27
1657818000000;8.428;8.723;8.417;8.713;287784.33
1657821600000;8.712;8.932;8.681;8.917;318971.85
1657825200000;8.918;8.97;8.831;8.901;303745.86
1657828800000;8.904;9.017;8.901;8.952;203240.06
1657832400000;8.95;8.967;8.854;8.875;105992.04
1657836000000;8.875;8.937;8.836;8.894;210303.58
1657839600000;8.894;9.063;8.882;8.99;226518.33
1657843200000;8.987;9.044;8.876;8.901;258071.47
1657846800000;8.9;9.054;8.897;9.042;246113.37
1657850400000;9.041;9.094;8.956;8.969;358235.19
1657854000000;8.969;9.14;8.965;9.099;222181.33
1657857600000;9.098;9.187;8.969;8.989;453939.66
1657861200000;8.988;9.027;8.912;8.997;162700.86
1657864800000;8.996;9.043;8.955;8.959;196554.68
1657868400000;8.958;9.054;8.94;9.017;249674.08
1657872000000;9.017;9.107;9;9.044;205368.9
1657875600000;9.043;9.218;9.042;9.084;306973.29
1657879200000;9.079;9.117;9.035;9.091;152566.66
1657882800000;9.09;9.206;9.041;9.128;218450.17
1657886400000;9.128;9.338;9.127;9.313;347019.93
1657890000000;9.311;9.378;9.189;9.222;271568.72
1657893600000;9.22;9.343;9.22;9.272;300680.52
1657897200000;9.272;9.435;9.25;9.3;304133.08
1657900800000;9.298;9.316;9.111;9.222;392477.24
1657904400000;9.223;9.351;9.2;9.207;231690.25
1657908000000;9.206;9.394;9.185;9.387;260538.94
1657911600000;9.395;9.467;9.312;9.441;275365.92
1657915200000;9.441;9.498;9.198;9.225;435701.47
1657918800000;9.225;9.276;9.067;9.146;198774.21
1657922400000;9.145;9.18;9.086;9.118;106934.67
1657926000000;9.118;9.131;8.992;9.058;137531.05
1657929600000;9.06;9.079;8.931;8.971;199542.16
1657933200000;8.97;9.013;8.942;8.96;108349.34
1657936800000;8.96;8.976;8.909;8.936;133404.74
1657940400000;8.938;8.969;8.907;8.946;96007.02
1657944000000;8.947;8.978;8.879;8.963;115593.74
1657947600000;8.962;9.044;8.956;8.993;104123.8
1657951200000;8.99;8.994;8.843;8.866;188908.81
1657954800000;8.865;8.938;8.834;8.852;136793.55
1657958400000;8.85;8.92;8.847;8.871;89409.2
1657962000000;8.872;8.903;8.846;8.86;56076.19
1657965600000;8.859;8.889;8.797;8.812;101548.04
1657969200000;8.811;8.86;8.796;8.813;89258.59
1657972800000;8.813;8.948;8.802;8.929;109816.53
1657976400000;8.927;9.027;8.92;8.979;199700.41
1657980000000;8.976;8.991;8.914;8.984;126703.73
1657983600000;8.984;9.086;8.976;9.083;209126.92
1657987200000;9.081;9.395;9.081;9.34;590918.85
1657990800000;9.342;9.371;9.157;9.158;282290.51
1657994400000;9.158;9.244;9.118;9.152;221687.46
1657998000000;9.152;9.237;9.102;9.137;194983.58
1658001600000;9.138;9.184;9.043;9.174;280672.17
1658005200000;9.174;9.21;9.113;9.142;100522.38
1658008800000;9.142;9.268;9.11;9.258;128798.92
1658012400000;9.258;9.275;9.187;9.237;148950.48
1658016000000;9.237;9.319;9.137;9.165;158563.04
1658019600000;9.166;9.194;9.05;9.08;144285.34
1658023200000;9.083;9.141;9.069;9.092;69320.83
1658026800000;9.09;9.2;9.083;9.151;103229.47
1658030400000;9.151;9.203;9.132;9.146;85346.71
1658034000000;9.146;9.24;9.128;9.166;141686.96
1658037600000;9.171;9.328;9.167;9.322;156848.17
1658041200000;9.323;9.364;9.286;9.32;166210.09
1658044800000;9.321;9.352;9.181;9.257;164543.03
1658048400000;9.252;9.3;9.125;9.155;156290.36
1658052000000;9.153;9.187;9.05;9.165;162587.39
1658055600000;9.164;9.187;9.068;9.135;138746.53
1658059200000;9.137;9.177;9.083;9.1;107705.82
1658062800000;9.098;9.125;8.924;9.014;303536.65
1658066400000;9.019;9.136;8.997;9.088;161064.54
1658070000000;9.094;9.137;8.988;9.035;120966.7
1658073600000;9.033;9.058;8.908;9.002;170334.54
1658077200000;9.002;9.152;8.86;8.892;232508.38
1658080800000;8.888;9.062;8.882;8.982;108897.22
1658084400000;8.981;9.078;8.959;9.016;85940.67
1658088000000;9.017;9.03;8.961;8.978;78901.73
1658091600000;8.982;9.066;8.953;9.065;111392.45
1658095200000;9.065;9.089;8.995;9.035;110838.72
1658098800000;9.034;9.041;8.891;8.921;138344.56
1658102400000;8.92;9.018;8.871;8.941;184109.25
1658106000000;8.943;9.146;8.939;9.146;117605.29
1658109600000;9.145;9.322;9.139;9.3;212958.74
1658113200000;9.303;9.336;9.214;9.312;232045.79
1658116800000;9.312;9.427;9.205;9.331;236191.06
1658120400000;9.332;9.579;9.329;9.562;401888.25
1658124000000;9.561;9.675;9.491;9.59;283646.87
1658127600000;9.588;9.663;9.511;9.594;248823.01
1658131200000;9.593;9.68;9.521;9.628;296531.4
1658134800000;9.63;9.793;9.611;9.723;264431.33
1658138400000;9.722;9.877;9.686;9.769;343494.73
1658142000000;9.767;9.838;9.598;9.705;308872.04
1658145600000;9.707;9.723;9.528;9.691;259032.24
1658149200000;9.691;9.75;9.633;9.658;188931
1658152800000;9.659;9.729;9.572;9.687;234456.25
1658156400000;9.686;9.792;9.542;9.742;339240.48
1658160000000;9.742;9.776;9.541;9.579;396051.76
1658163600000;9.579;9.59;9.352;9.36;321174.11
1658167200000;9.359;9.419;9.283;9.298;203612.43
1658170800000;9.296;9.339;9.174;9.289;250467.01
1658174400000;9.29;9.35;9.243;9.25;112073.6
1658178000000;9.251;9.32;9.203;9.254;154333.41
1658181600000;9.253;9.381;9.243;9.379;145577.62
1658185200000;9.379;9.65;9.351;9.577;251363.76
1658188800000;9.576;9.775;9.374;9.576;650345.71
1658192400000;9.575;9.63;9.414;9.43;284507.77
1658196000000;9.426;9.535;9.399;9.505;232872.73
1658199600000;9.505;9.578;9.334;9.363;279882.04
1658203200000;9.365;9.442;9.236;9.41;238841.6
1658206800000;9.412;9.552;9.373;9.474;232024.97
1658210400000;9.472;9.716;9.383;9.487;399984.42
1658214000000;9.488;9.553;9.401;9.449;210655.18
1658217600000;9.45;9.627;9.409;9.62;223224.18
1658221200000;9.622;9.792;9.531;9.769;333661.75
1658224800000;9.769;10.081;9.705;10.041;692489.25
1658228400000;10.04;10.3;10.021;10.237;481528.65
1658232000000;10.235;10.271;10.006;10.2;244369.73
1658235600000;10.203;10.328;10.061;10.21;333017.39
1658239200000;10.211;10.271;10.036;10.237;438898.12
1658242800000;10.233;10.471;9.905;10.312;747826.47
1658246400000;10.316;10.777;10.307;10.713;971966.55
1658250000000;10.711;10.772;10.467;10.5;428363.32
1658253600000;10.509;10.606;10.478;10.545;143486.52
1658257200000;10.541;10.639;10.407;10.439;198534.1
1658260800000;10.44;10.613;10.427;10.556;136757.22
1658264400000;10.555;10.702;10.502;10.639;147749.36
1658268000000;10.639;10.75;10.492;10.621;184735.38
1658271600000;10.621;10.78;10.483;10.519;233314.84
1658275200000;10.521;10.636;10.184;10.199;642400.65
1658278800000;10.198;10.381;10.14;10.332;289532.42
1658282400000;10.334;10.398;10.278;10.34;155061.59
1658286000000;10.34;10.388;10.26;10.311;159902.53
1658289600000;10.309;10.353;10.236;10.283;123362.18
1658293200000;10.281;10.376;10.27;10.32;185696.04
1658296800000;10.32;10.509;10.319;10.458;362423.84
1658300400000;10.458;10.471;10.211;10.219;169450.46
1658304000000;10.22;10.277;10.033;10.057;230096.02
1658307600000;10.054;10.218;10.002;10.211;158256.81
1658311200000;10.211;10.397;10.189;10.26;245569.18
1658314800000;10.264;10.3;10.123;10.208;120388.91
1658318400000;10.204;10.3;10.097;10.192;194803.32
1658322000000;10.19;10.368;10.139;10.151;191840.18
1658325600000;10.15;10.4;10.103;10.393;233572.69
1658329200000;10.392;10.399;10.254;10.261;133754.09
1658332800000;10.262;10.291;9.905;10.048;351931.69
1658336400000;10.044;10.087;9.833;9.892;346444.46
1658340000000;9.894;10.039;9.879;9.963;152371.01
1658343600000;9.964;10.043;9.901;9.908;105770.25
1658347200000;9.909;9.971;9.582;9.736;419891.8
1658350800000;9.735;9.937;9.696;9.898;102129.64
1658354400000;9.9;9.913;9.733;9.745;123060.36
1658358000000;9.745;9.78;9.614;9.68;148452.44
1658361600000;9.678;9.96;9.611;9.948;697461.14
1658365200000;9.948;10.25;9.855;9.876;298217.67
1658368800000;9.876;10.059;9.76;9.8;639614.34
1658372400000;9.799;9.898;9.693;9.714;357447.11
1658376000000;9.714;9.835;9.651;9.781;241870.69
1658379600000;9.783;9.936;9.783;9.903;131192.12
1658383200000;9.899;10.006;9.857;9.864;197268.45
1658386800000;9.862;10.087;9.835;9.932;200480.55
1658390400000;9.933;10.007;9.879;9.976;174011.44
1658394000000;9.98;10.13;9.979;10.09;191241.14
1658397600000;10.089;10.122;10.036;10.051;116260.08
1658401200000;10.054;10.206;10.024;10.082;270835.58
1658404800000;10.079;10.757;10.063;10.697;1227649.23
1658408400000;10.691;11.15;10.688;10.889;1106537.68
1658412000000;10.889;11.05;10.768;10.862;493903.71
1658415600000;10.862;11.081;10.857;11.071;316913.41
1658419200000;11.069;11.231;10.798;10.946;801207.21
1658422800000;10.945;11.154;10.929;11.05;392998.55
1658426400000;11.049;11.074;10.901;10.919;496008.61
1658430000000;10.918;11.072;10.85;11.042;400810.3
1658433600000;11.044;11.099;10.934;10.955;181088.8
1658437200000;10.955;11.176;10.932;11.067;183476.01
1658440800000;11.067;11.119;10.918;10.998;258127.45
1658444400000;10.993;11.26;10.97;11.051;373295.67
1658448000000;11.051;11.28;10.967;11.05;362387.48
1658451600000;11.049;11.107;10.847;10.87;236966.53
1658455200000;10.87;10.881;10.765;10.785;179486.23
1658458800000;10.783;10.818;10.705;10.777;147842.25
1658462400000;10.777;10.777;10.627;10.704;109748.11
1658466000000;10.701;10.862;10.641;10.83;184383.09
1658469600000;10.829;10.839;10.687;10.772;225535.57
1658473200000;10.776;10.891;10.694;10.76;198926.38
1658476800000;10.76;10.825;10.723;10.81;173144.01
1658480400000;10.81;11.095;10.806;10.962;276865.14
1658484000000;10.96;11.035;10.868;10.882;166966.24
1658487600000;10.882;10.988;10.872;10.945;125144.54
1658491200000;10.947;11.35;10.931;10.99;504780.55
1658494800000;10.996;11.06;10.831;10.863;250774.17
1658498400000;10.864;10.893;10.74;10.849;323013.94
1658502000000;10.849;10.862;10.504;10.546;336823.62
1658505600000;10.545;10.584;10.456;10.567;185058.62
1658509200000;10.562;10.641;10.452;10.558;166675.04
1658512800000;10.561;10.618;10.479;10.607;149229.72
1658516400000;10.606;10.635;10.321;10.385;196330.81
1658520000000;10.385;10.5;10.353;10.473;119031.29
1658523600000;10.472;10.615;10.457;10.575;106205.97
1658527200000;10.573;10.698;10.514;10.687;133946.19
1658530800000;10.687;10.699;10.595;10.642;82744.39
1658534400000;10.635;10.873;10.468;10.799;353721
1658538000000;10.798;10.928;10.734;10.908;177623.08
1658541600000;10.909;10.998;10.833;10.872;148944.96
1658545200000;10.872;10.929;10.819;10.886;103414.65
1658548800000;10.886;11.21;10.885;11.126;221492.18
1658552400000;11.126;11.188;11.051;11.084;153911.39
1658556000000;11.082;11.114;11.016;11.047;103309.13
1658559600000;11.043;11.068;10.909;10.913;138890.69
1658563200000;10.913;11.004;10.718;10.75;172137.75
1658566800000;10.748;10.829;10.713;10.784;149514.58
1658570400000;10.785;10.826;10.329;10.34;688261.85
1658574000000;10.34;10.344;9.988;10.02;953323.32
1658577600000;10.021;10.1;9.986;10.069;361773.25
1658581200000;10.069;10.131;10.04;10.13;239213.76
1658584800000;10.13;10.13;9.9;9.969;252986.54
1658588400000;9.969;10.059;9.957;10.002;204317.53
1658592000000;10.002;10.049;9.92;9.932;223757.41
1658595600000;9.929;9.95;9.781;9.811;296062.36
1658599200000;9.813;9.875;9.752;9.778;187880.16
1658602800000;9.785;9.961;9.758;9.932;173682.4
1658606400000;9.93;9.987;9.904;9.974;161518.23
1658610000000;9.972;10;9.924;9.929;99103.53
1658613600000;9.93;10.136;9.923;10.11;193551.19
1658617200000;10.11;10.162;10.075;10.118;181366.01
1658620800000;10.121;10.216;10.013;10.022;157173.24
1658624400000;10.023;10.105;9.973;10.089;134996.92
1658628000000;10.085;10.117;10.019;10.085;96008.52
1658631600000;10.085;10.085;9.921;9.921;108868.98
1658635200000;9.921;10.037;9.889;10.026;91473.56
1658638800000;10.027;10.3;10.022;10.264;404937.37
1658642400000;10.265;10.269;10.17;10.18;152170.91
1658646000000;10.18;10.251;10.173;10.228;119155.93
1658649600000;10.228;10.254;10.168;10.244;132939.42
1658653200000;10.244;10.3;10.186;10.191;109228.39
1658656800000;10.19;10.193;10.043;10.087;166914.27
1658660400000;10.092;10.282;10.07;10.169;129576.35
1658664000000;10.169;10.199;10.027;10.057;110908.31
1658667600000;10.056;10.068;9.947;10.045;281184.8
1658671200000;10.043;10.168;9.998;10.135;149552.46
1658674800000;10.13;10.199;10.116;10.149;72194.28
1658678400000;10.147;10.163;10.013;10.076;106051.32
1658682000000;10.076;10.161;10.067;10.134;74867.06
1658685600000;10.13;10.136;10.042;10.051;62388.95
1658689200000;10.05;10.117;10.024;10.054;46097.65
1658692800000;10.051;10.133;10.037;10.064;61007.87
1658696400000;10.066;10.175;10.05;10.157;90280.02
1658700000000;10.156;10.274;9.965;10.08;223311.32
1658703600000;10.08;10.149;9.961;9.976;230228.58
1658707200000;9.976;10;9.564;9.597;382314.06
1658710800000;9.598;9.628;9.277;9.288;1131634.54
1658714400000;9.287;9.325;9.233;9.306;412117.11
1658718000000;9.306;9.33;9.226;9.281;160131.81
1658721600000;9.283;9.423;9.234;9.42;165219.09
1658725200000;9.418;9.45;9.365;9.449;122030.55
1658728800000;9.447;9.449;9.32;9.379;96445.15
1658732400000;9.379;9.42;9.303;9.318;257388.89
1658736000000;9.318;9.383;9.25;9.349;195269.24
1658739600000;9.349;9.386;9.285;9.295;152861.82
1658743200000;9.295;9.367;9.277;9.333;113121.42
1658746800000;9.332;9.394;9.309;9.336;90176.79
1658750400000;9.336;9.339;9.246;9.306;132804.69
1658754000000;9.305;9.325;9.18;9.285;136631.37
1658757600000;9.284;9.299;9.151;9.285;150920.04
1658761200000;9.287;9.3;9.205;9.286;80338.04
1658764800000;9.29;9.386;9.237;9.311;128849.22
1658768400000;9.313;9.424;9.31;9.335;138956.44
1658772000000;9.331;9.383;9.29;9.29;67815.35
1658775600000;9.298;9.352;9.05;9.307;288304.79
1658779200000;9.31;9.394;9.255;9.328;204858.61
1658782800000;9.326;9.34;9.218;9.228;59447.52
1658786400000;9.228;9.343;9.127;9.281;188643.18
1658790000000;9.28;9.285;8.964;8.98;252228.73
1658793600000;8.982;8.985;8.766;8.778;281510.95
1658797200000;8.778;8.896;8.777;8.84;110373.25
1658800800000;8.838;8.951;8.835;8.923;79574.36
1658804400000;8.924;9.135;8.814;9.127;175177.78
1658808000000;9.131;9.255;9.043;9.253;246736.48
1658811600000;9.252;9.305;9.17;9.25;290866.5
1658815200000;9.25;9.281;9.178;9.206;165517.41
1658818800000;9.206;9.487;9.202;9.446;541881.58
1658822400000;9.442;9.54;9.305;9.516;296064.69
1658826000000;9.516;9.704;9.479;9.557;419154.04
1658829600000;9.557;9.644;9.323;9.373;413725.71
1658833200000;9.372;9.5;9.325;9.461;218276.68
1658836800000;9.46;9.562;9.215;9.279;382622.58
1658840400000;9.279;9.478;9.159;9.391;429733.54
1658844000000;9.385;9.457;9.243;9.401;244066
1658847600000;9.401;9.414;9.255;9.301;194029.83
1658851200000;9.306;9.354;9.119;9.217;251121.97
1658854800000;9.218;9.28;8.965;9.009;275049.52
1658858400000;9.011;9.057;8.826;8.829;211135.36
1658862000000;8.827;8.85;8.587;8.64;333105.12
1658865600000;8.642;8.883;8.61;8.862;294775.27
1658869200000;8.863;9.072;8.821;8.887;250365.63
1658872800000;8.888;9.27;8.878;9.148;402057.93
1658876400000;9.146;9.249;9.047;9.222;214109.7
1658880000000;9.223;9.389;9.125;9.25;350610.39
1658883600000;9.251;9.29;9.081;9.082;122081.4
1658887200000;9.086;9.136;9.028;9.119;107575.05
1658890800000;9.117;9.17;9.046;9.092;112603.42
1658894400000;9.09;9.197;9.068;9.168;65024.85
1658898000000;9.168;9.477;9.144;9.447;249355.12
1658901600000;9.451;9.476;9.29;9.407;175443.54
1658905200000;9.407;9.558;9.401;9.468;215535.79
1658908800000;9.465;9.54;9.378;9.396;160427.43
1658912400000;9.393;9.401;9.27;9.304;176755.61
1658916000000;9.301;9.306;9.209;9.214;135198.03
1658919600000;9.213;9.314;9.164;9.19;149760.56
1658923200000;9.196;9.379;9.155;9.358;170866.02
1658926800000;9.36;9.448;9.272;9.428;177743.02
1658930400000;9.428;9.465;9.379;9.402;174939.89
1658934000000;9.403;9.439;9.355;9.401;96746.63
1658937600000;9.402;9.552;9.206;9.249;268309.81
1658941200000;9.25;9.507;9.216;9.404;307071.28
1658944800000;9.401;9.972;9.399;9.876;1104748.08
1658948400000;9.877;10;9.826;9.864;380846.26
1658952000000;9.865;10.025;9.83;9.941;238047.22
1658955600000;9.942;10.093;9.91;10.027;164186.59
1658959200000;10.026;10.252;9.992;10.208;217492.67
1658962800000;10.203;10.317;10.172;10.31;233820.53
1658966400000;10.31;10.339;10.187;10.234;204986.11
1658970000000;10.235;10.28;10.138;10.187;134634.67
1658973600000;10.188;10.509;10.127;10.427;222739.55
1658977200000;10.428;10.43;10.194;10.204;236269.71
1658980800000;10.203;10.245;10.133;10.139;140976.69
1658984400000;10.139;10.308;10.126;10.303;113790.06
1658988000000;10.303;10.309;10.203;10.26;94736.76
1658991600000;10.257;10.257;10.08;10.105;204697.99
1658995200000;10.103;10.271;10.102;10.246;138255.68
1658998800000;10.247;10.55;10.18;10.38;321402.27
1659002400000;10.379;10.939;10.371;10.821;794446.79
1659006000000;10.821;10.836;10.631;10.679;275522.85
1659009600000;10.68;10.7;10.335;10.595;402228.94
1659013200000;10.595;10.791;10.428;10.536;291206.88
1659016800000;10.531;10.75;10.502;10.736;251990.53
1659020400000;10.737;10.987;10.681;10.82;413501.28
1659024000000;10.821;10.959;10.715;10.722;226194.05
1659027600000;10.723;10.912;10.717;10.88;193461.08
1659031200000;10.877;10.882;10.637;10.742;127969.77
1659034800000;10.736;10.794;10.644;10.725;85983.81
1659038400000;10.728;11.165;10.724;10.98;270207.07
1659042000000;10.982;11.028;10.835;10.942;103066.03
1659045600000;10.943;11.052;10.859;10.977;119962.69
1659049200000;10.973;11.006;10.784;10.865;107429.05
1659052800000;10.865;11.08;10.719;11.077;216848.84
1659056400000;11.074;11.075;10.62;10.705;257427.85
1659060000000;10.701;10.836;10.691;10.799;100655.9
1659063600000;10.8;10.977;10.773;10.97;103809.12
1659067200000;10.966;11.023;10.877;10.924;138194.24
1659070800000;10.921;10.992;10.799;10.87;137070.56
1659074400000;10.868;11.023;10.736;10.764;229219.29
1659078000000;10.761;10.801;10.67;10.78;126935.59
1659081600000;10.78;10.797;10.647;10.76;93189.51
1659085200000;10.76;10.9;10.685;10.893;108757.83
1659088800000;10.893;10.946;10.814;10.825;111502.01
1659092400000;10.826;10.856;10.419;10.544;296043.62
1659096000000;10.542;10.593;10.35;10.481;202275.85
1659099600000;10.484;10.688;10.429;10.646;143808.99
1659103200000;10.645;10.894;10.627;10.673;268571.85
1659106800000;10.673;10.751;10.638;10.687;162433.9
1659110400000;10.685;10.703;10.447;10.609;219808.46
1659114000000;10.608;10.669;10.432;10.619;85249.1
1659117600000;10.62;10.798;10.606;10.682;92569.48
1659121200000;10.687;10.771;10.59;10.701;140627.74
1659124800000;10.713;10.883;10.702;10.774;127027.67
1659128400000;10.774;10.844;10.647;10.775;74903.69
1659132000000;10.774;11.15;10.757;11.15;314330.99
1659135600000;11.148;11.495;11.131;11.169;459131.63
1659139200000;11.168;11.364;11.018;11.09;219697.93
1659142800000;11.089;11.108;10.771;10.942;186639.64
1659146400000;10.946;10.95;10.783;10.86;136465.14
1659150000000;10.86;10.87;10.732;10.775;191825.68
1659153600000;10.777;10.796;10.641;10.733;197176.27
1659157200000;10.733;10.803;10.696;10.773;149581.92
1659160800000;10.775;10.892;10.724;10.892;119699.97
1659164400000;10.891;10.946;10.838;10.842;124668.93
1659168000000;10.843;10.9;10.788;10.843;124340.73
1659171600000;10.842;10.894;10.722;10.761;112514.45
1659175200000;10.761;10.77;10.581;10.684;136734.71
1659178800000;10.68;10.833;10.68;10.74;123851.15
1659182400000;10.741;10.879;10.726;10.871;174033.23
1659186000000;10.87;11.013;10.845;10.972;199999.59
1659189600000;10.971;11.006;10.867;10.9;139554.67
1659193200000;10.905;11.19;10.905;11.158;212067.16
1659196800000;11.159;11.182;11.038;11.11;121862.17
1659200400000;11.106;11.187;10.986;11.154;138494.07
1659204000000;11.154;11.188;11.048;11.093;70491.38
1659207600000;11.094;11.114;10.779;10.814;164795.85
1659211200000;10.81;10.87;10.711;10.785;146308.59
1659214800000;10.784;10.802;10.7;10.706;51757.38
1659218400000;10.703;10.703;10.514;10.662;188114.92
1659222000000;10.663;10.739;10.554;10.705;105366.41
1659225600000;10.705;10.839;10.604;10.779;135225.43
1659229200000;10.774;10.838;10.74;10.766;84387.12
1659232800000;10.77;10.851;10.701;10.775;78137.97
1659236400000;10.777;10.791;10.68;10.746;60854.31
1659240000000;10.75;10.888;10.749;10.871;62922.66
1659243600000;10.867;10.892;10.777;10.791;77625.32
1659247200000;10.791;10.868;10.78;10.859;54280.26
1659250800000;10.854;10.916;10.791;10.796;58219.21
1659254400000;10.796;10.832;10.575;10.587;115437.4
1659258000000;10.587;10.773;10.551;10.772;57443.61
1659261600000;10.773;10.954;10.732;10.922;109568.31
1659265200000;10.927;10.945;10.824;10.871;76474.18
1659268800000;10.87;10.892;10.768;10.853;92310.83
1659272400000;10.851;10.884;10.694;10.746;91475.87
1659276000000;10.743;10.814;10.633;10.691;91624.89
1659279600000;10.69;10.798;10.66;10.785;67364.56
1659283200000;10.787;10.952;10.714;10.886;118580.71
1659286800000;10.892;11.022;10.843;10.862;87865.39
1659290400000;10.862;11.076;10.55;10.76;273649
1659294000000;10.761;10.898;10.702;10.719;79750.89
1659297600000;10.715;10.785;10.654;10.758;76864.87
1659301200000;10.754;10.805;10.62;10.631;76892.2
1659304800000;10.631;10.647;10.282;10.347;262563.5
1659308400000;10.346;10.447;10.286;10.351;135750.31
1659312000000;10.351;10.577;10.292;10.54;210317.94
1659315600000;10.54;10.637;10.493;10.583;94072.64
1659319200000;10.583;10.62;10.495;10.568;70728.78
1659322800000;10.568;10.622;10.492;10.599;68394.43
1659326400000;10.599;10.671;10.534;10.595;67285.11
1659330000000;10.594;10.792;10.515;10.55;280600.72
1659333600000;10.549;10.55;10.401;10.427;97873.89
1659337200000;10.426;10.477;10.326;10.449;99720.59
1659340800000;10.448;10.472;10.361;10.378;66440.62
1659344400000;10.38;10.464;10.355;10.431;59018.05
1659348000000;10.43;10.431;10.201;10.208;125730.24
1659351600000;10.208;10.25;10.116;10.237;115502.23
1659355200000;10.237;10.321;10.142;10.148;103541.29
1659358800000;10.15;10.302;10.073;10.26;139740.38
1659362400000;10.253;10.417;10.243;10.395;114799.61
1659366000000;10.396;10.416;10.288;10.312;57850.11
1659369600000;10.312;10.353;10.235;10.256;72636.1
1659373200000;10.256;10.256;10.045;10.153;118575.27
1659376800000;10.15;10.171;10.067;10.15;81071.21
1659380400000;10.149;10.192;10.107;10.17;68814.27
1659384000000;10.17;10.285;10.155;10.241;58662.19
1659387600000;10.245;10.25;10.141;10.183;27551.82
1659391200000;10.182;10.293;10.077;10.267;77249.76
1659394800000;10.269;10.494;10.24;10.396;127195.53
1659398400000;10.397;10.471;10.254;10.271;134063.89
1659402000000;10.272;10.353;10.058;10.059;109475.84
1659405600000;10.057;10.182;9.991;10.033;151730.77
1659409200000;10.029;10.029;9.8;9.814;219945.72
1659412800000;9.814;9.865;9.761;9.856;119498.12
1659416400000;9.854;9.939;9.838;9.896;63774.81
1659420000000;9.9;9.965;9.868;9.878;86145.63
1659423600000;9.875;9.943;9.783;9.942;120302.2
1659427200000;9.935;9.942;9.84;9.9;75226.93
1659430800000;9.896;9.912;9.772;9.834;61896.43
1659434400000;9.835;10.033;9.823;9.993;99836.18
1659438000000;9.991;10.04;9.961;9.984;67464.5
1659441600000;9.975;10.004;9.833;9.882;73866.78
1659445200000;9.878;10.024;9.877;9.999;110509.06
1659448800000;9.998;10.216;9.877;10.214;195126.03
1659452400000;10.215;10.237;10.031;10.166;210945.58
1659456000000;10.164;10.284;10.052;10.222;253382.77
1659459600000;10.224;10.24;10.082;10.117;112593.06
1659463200000;10.114;10.164;9.99;9.996;64418.74
1659466800000;9.993;10.093;9.921;10.012;68145.79
1659470400000;10.015;10.095;10.002;10.077;56997.41
1659474000000;10.079;10.118;9.992;10.098;32360.24
1659477600000;10.098;10.124;10.031;10.078;45550.88
1659481200000;10.076;10.093;9.897;9.914;77604.49
1659484800000;9.915;9.988;9.642;9.697;214471.18
1659488400000;9.698;10.004;9.653;9.92;100666.05
1659492000000;9.92;9.952;9.85;9.912;57878.96
1659495600000;9.906;10.024;9.878;10.006;58615.78
1659499200000;10.003;10.035;9.962;9.976;39984.94
1659502800000;9.976;10.159;9.971;10.105;70735.8
1659506400000;10.109;10.169;10.061;10.104;57833.41
1659510000000;10.105;10.166;10.077;10.142;53183.88
1659513600000;10.143;10.213;10.137;10.187;78876.73
1659517200000;10.185;10.295;10.185;10.289;113480.41
1659520800000;10.289;10.342;10.258;10.278;93360.9
1659524400000;10.279;10.387;10.279;10.365;100117.63
1659528000000;10.363;10.46;10.314;10.341;144297.36
1659531600000;10.343;10.396;10.303;10.393;72740.77
1659535200000;10.39;10.417;10.26;10.315;80060.1
1659538800000;10.318;10.393;10.292;10.361;74894.56
1659542400000;10.358;10.536;10.318;10.472;118448.03
1659546000000;10.469;10.49;10.404;10.437;75892.72
1659549600000;10.433;10.502;10.406;10.449;40510.44
1659553200000;10.449;10.473;10.353;10.389;117722.78
1659556800000;10.389;10.41;10.296;10.359;97004.38
1659560400000;10.361;10.4;10.35;10.35;29610.09
1659564000000;10.351;10.367;10.169;10.232;96990.49
1659567600000;10.221;10.223;10.086;10.159;97783.2
1659571200000;10.159;10.379;10.12;10.373;105906.88
1659574800000;10.37;10.558;10.362;10.45;168741.53
1659578400000;10.449;10.495;10.384;10.426;103342.44
1659582000000;10.424;10.46;10.378;10.425;62079.43
1659585600000;10.428;10.543;10.42;10.48;87279.46
1659589200000;10.48;10.6;10.451;10.55;75706.6
1659592800000;10.551;10.618;10.256;10.396;220373.56
1659596400000;10.398;10.439;10.337;10.344;59876.61
1659600000000;10.345;10.351;10.203;10.234;102429.89
1659603600000;10.237;10.296;10.208;10.296;71601.62
1659607200000;10.296;10.408;10.285;10.358;76919.64
1659610800000;10.357;10.396;10.295;10.304;54010.64
1659614400000;10.303;10.365;10.156;10.245;83669.13
1659618000000;10.245;10.488;10.223;10.437;108607.26
1659621600000;10.435;10.491;10.251;10.384;111933.38
1659625200000;10.39;10.476;10.34;10.461;110871.63
1659628800000;10.462;10.507;10.142;10.19;161354.35
1659632400000;10.187;10.326;10.18;10.311;95800.62
1659636000000;10.313;10.421;10.216;10.329;93773.45
1659639600000;10.328;10.403;10.228;10.32;54560.17
1659643200000;10.327;10.345;10.261;10.287;36496.32
1659646800000;10.289;10.345;10.227;10.227;30068.36
1659650400000;10.227;10.348;10.202;10.289;50146.61
1659654000000;10.289;10.41;10.289;10.356;78740.48
1659657600000;10.36;10.42;10.307;10.31;57585.37
1659661200000;10.308;10.531;10.297;10.513;81549.55
1659664800000;10.516;10.631;10.516;10.625;129411.22
1659668400000;10.626;10.7;10.61;10.694;84624.21
1659672000000;10.695;10.71;10.619;10.642;69150.81
1659675600000;10.642;10.725;10.583;10.719;90552.26
1659679200000;10.719;10.773;10.667;10.682;75310.95
1659682800000;10.684;10.689;10.612;10.633;40436.95
1659686400000;10.633;10.679;10.564;10.632;63160.3
1659690000000;10.631;10.685;10.606;10.663;56315.77
1659693600000;10.667;10.755;10.646;10.703;70478.64
1659697200000;10.705;10.869;10.683;10.843;149653.09
1659700800000;10.841;10.913;10.593;10.696;306189.78
1659704400000;10.699;10.749;10.595;10.708;109683.26
1659708000000;10.708;10.985;10.696;10.86;289672.75
1659711600000;10.86;10.878;10.678;10.678;121410.35
1659715200000;10.678;10.736;10.611;10.704;91801.11
1659718800000;10.702;10.737;10.619;10.629;53684.18
1659722400000;10.628;10.677;10.588;10.603;51931.96
1659726000000;10.603;10.706;10.597;10.688;49656.15
1659729600000;10.687;10.735;10.637;10.734;50972.85
1659733200000;10.734;10.852;10.732;10.807;68240.16
1659736800000;10.807;10.928;10.805;10.911;63821.33
1659740400000;10.911;10.993;10.892;10.967;83030.22
1659744000000;10.968;11.013;10.863;10.877;105332.05
1659747600000;10.878;10.972;10.799;10.815;62153.07
1659751200000;10.819;10.89;10.807;10.87;37387.81
1659754800000;10.868;10.88;10.793;10.816;52650.06
1659758400000;10.816;10.903;10.807;10.892;41780.51
1659762000000;10.891;10.911;10.818;10.902;46808.74
1659765600000;10.902;10.913;10.847;10.88;36053.22
1659769200000;10.884;10.912;10.846;10.866;36597.49
1659772800000;10.867;10.927;10.85;10.871;63514.78
1659776400000;10.867;10.884;10.85;10.852;62028.84
1659780000000;10.851;10.904;10.85;10.867;32599.06
1659783600000;10.867;10.894;10.85;10.858;33718.07
1659787200000;10.856;10.876;10.798;10.804;48703.29
1659790800000;10.805;10.884;10.8;10.817;37594.45
1659794400000;10.816;10.853;10.798;10.835;36085.27
1659798000000;10.836;10.846;10.726;10.751;59881.83
1659801600000;10.751;10.811;10.725;10.726;45865.46
1659805200000;10.728;10.794;10.629;10.737;108907
1659808800000;10.733;10.776;10.68;10.739;36565.45
1659812400000;10.738;10.757;10.698;10.724;25914.07
1659816000000;10.726;10.742;10.684;10.734;31027.17
1659819600000;10.731;10.788;10.716;10.774;21776.25
1659823200000;10.77;10.779;10.701;10.715;40601.29
1659826800000;10.711;10.711;10.566;10.631;84617.59
1659830400000;10.631;10.7;10.461;10.518;84022.3
1659834000000;10.519;10.61;10.461;10.587;49909.78
1659837600000;10.587;10.655;10.567;10.645;34490.7
1659841200000;10.645;10.677;10.619;10.63;42091.09
1659844800000;10.63;10.69;10.597;10.6;31968.21
1659848400000;10.599;10.666;10.59;10.635;20803.37
1659852000000;10.634;10.693;10.631;10.672;25331.65
1659855600000;10.674;10.87;10.639;10.846;119828.79
1659859200000;10.845;10.948;10.808;10.878;145094.74
1659862800000;10.88;10.95;10.857;10.867;97446.69
1659866400000;10.869;10.897;10.852;10.889;53914.49
1659870000000;10.886;11.078;10.861;11.071;131404.18
1659873600000;11.068;11.35;11.015;11.189;426571.52
1659877200000;11.19;11.255;11.162;11.249;153332.08
1659880800000;11.249;11.322;11.198;11.295;156483.19
1659884400000;11.295;11.469;11.228;11.309;304057.19
1659888000000;11.31;11.476;11.295;11.41;197840.81
1659891600000;11.41;11.487;11.358;11.389;134738.12
1659895200000;11.392;11.44;11.364;11.379;75037.68
1659898800000;11.379;11.415;11.33;11.344;104256.85
1659902400000;11.344;11.453;11.343;11.385;93309.04
1659906000000;11.382;11.61;11.377;11.465;243421.03
1659909600000;11.464;11.594;11.394;11.423;114516.55
1659913200000;11.424;11.436;11.293;11.36;156463.41
1659916800000;11.358;11.562;11.319;11.348;154642.17
1659920400000;11.348;11.371;11.214;11.265;106045.45
1659924000000;11.263;11.366;11.244;11.331;137357.73
1659927600000;11.332;11.45;11.322;11.43;114296.23
1659931200000;11.432;11.52;11.402;11.511;94110.52
1659934800000;11.515;11.55;11.446;11.463;93201.87
1659938400000;11.471;11.694;11.461;11.626;151812.61
1659942000000;11.624;11.63;11.526;11.536;106508.79
1659945600000;11.535;11.779;11.534;11.743;357910.96
1659949200000;11.743;11.85;11.705;11.834;163603.61
1659952800000;11.832;11.909;11.796;11.85;163747.21
1659956400000;11.85;11.898;11.799;11.861;81280.01
1659960000000;11.859;11.957;11.753;11.811;216236.02
1659963600000;11.812;12.027;11.715;11.927;206343.45
1659967200000;11.928;12.164;11.899;11.93;347472.9
1659970800000;11.929;11.983;11.792;11.868;196409.29
1659974400000;11.866;11.888;11.7;11.729;159177.46
1659978000000;11.726;11.814;11.71;11.804;63269.43
1659981600000;11.803;11.817;11.701;11.805;106480.49
1659985200000;11.8;11.82;11.74;11.768;98344.58
1659988800000;11.768;11.851;11.682;11.817;94682.98
1659992400000;11.817;11.822;11.68;11.776;80344.18
1659996000000;11.772;11.808;11.591;11.726;109685.44
1659999600000;11.73;11.827;11.704;11.813;66391.34
1660003200000;11.812;12.058;11.705;11.942;253293.25
1660006800000;11.945;11.998;11.752;11.758;120243.25
1660010400000;11.756;11.842;11.731;11.836;53060.73
1660014000000;11.837;11.924;11.813;11.86;138581.82
1660017600000;11.86;12.1;11.848;12.066;127186.66
1660021200000;12.068;12.248;12.03;12.112;201711.13
1660024800000;12.114;12.116;11.667;11.702;570966.66
1660028400000;11.702;11.831;11.682;11.784;143096.19
1660032000000;11.784;11.792;11.591;11.594;188881.04
1660035600000;11.591;11.681;11.46;11.468;204457.44
1660039200000;11.469;11.603;11.463;11.492;144789.42
1660042800000;11.493;11.544;11.37;11.408;135334.76
1660046400000;11.411;11.536;11.395;11.475;108323.8
1660050000000;11.474;11.536;11.238;11.288;199665.79
1660053600000;11.288;11.31;11.074;11.153;229019.92
1660057200000;11.153;11.23;11.113;11.15;90245.67
1660060800000;11.15;11.203;11.111;11.176;73155.92
1660064400000;11.178;11.26;11.159;11.227;73102.13
1660068000000;11.227;11.235;11.163;11.204;45424.79
1660071600000;11.206;11.249;11.172;11.208;73990.86
1660075200000;11.207;11.446;11.207;11.434;74996.22
1660078800000;11.431;11.55;11.417;11.473;104111.1
1660082400000;11.471;11.576;11.409;11.448;75213.19
1660086000000;11.44;11.536;11.372;11.386;68368.59
1660089600000;11.381;11.47;10.685;10.9;1083467.24
1660093200000;10.899;10.928;10.808;10.842;370082.74
1660096800000;10.842;10.873;10.49;10.723;810121.87
1660100400000;10.723;10.791;10.682;10.738;167197.53
1660104000000;10.745;10.886;10.736;10.868;177115.72
1660107600000;10.867;10.894;10.782;10.797;116350.08
1660111200000;10.796;10.814;10.697;10.771;146516.46
1660114800000;10.771;10.877;10.771;10.845;105478.57
1660118400000;10.844;10.983;10.807;10.982;106724.58
1660122000000;10.982;10.997;10.88;10.927;115473.23
1660125600000;10.927;10.928;10.845;10.875;73960.75
1660129200000;10.875;11.011;10.856;10.951;97089.44
1660132800000;10.956;11.718;10.872;11.637;768561.16
1660136400000;11.637;11.724;11.516;11.708;372841.2
1660140000000;11.709;12.02;11.682;11.993;401053.63
1660143600000;11.997;12.043;11.813;11.893;316585.77
1660147200000;11.895;11.916;11.719;11.783;256825.59
1660150800000;11.783;11.866;11.741;11.847;141180.62
1660154400000;11.845;11.914;11.703;11.741;134757.01
1660158000000;11.738;11.847;11.728;11.759;81283.62
1660161600000;11.758;12.011;11.758;11.988;152930.1
1660165200000;11.979;12.01;11.853;11.941;147601.17
1660168800000;11.942;11.981;11.844;11.851;72446.23
1660172400000;11.851;11.981;11.842;11.973;48283.73
1660176000000;11.974;12.09;11.845;12.061;201386.38
1660179600000;12.061;12.089;11.944;12.022;158639.33
1660183200000;12.025;12.026;11.865;11.903;89813.55
1660186800000;11.902;12.027;11.865;11.966;71719.22
1660190400000;11.967;12.14;11.955;12.123;132103.6
1660194000000;12.124;12.314;12.077;12.232;193168.25
1660197600000;12.235;12.285;12.201;12.22;111885.39
1660201200000;12.217;12.256;12.081;12.146;148655.88
1660204800000;12.145;12.167;12.078;12.16;128186.48
1660208400000;12.162;12.193;12.015;12.027;107406.84
1660212000000;12.027;12.034;11.913;11.982;170838.8
1660215600000;11.983;12.025;11.931;11.966;90313.96
1660219200000;11.965;12.159;11.956;12.109;204711.13
1660222800000;12.105;12.138;11.963;12.005;121415.54
1660226400000;12.004;12.116;11.911;12.006;159248.25
1660230000000;12.006;12.025;11.774;11.824;195681.83
1660233600000;11.823;11.978;11.784;11.971;96924.87
1660237200000;11.97;12.045;11.913;11.965;67217.83
1660240800000;11.966;11.969;11.804;11.896;87992.84
1660244400000;11.893;11.919;11.848;11.865;61948.31
1660248000000;11.869;11.935;11.823;11.897;48568.36
1660251600000;11.892;11.959;11.83;11.938;51405.72
1660255200000;11.938;11.938;11.775;11.778;76632.88
1660258800000;11.779;11.824;11.677;11.754;98506.21
1660262400000;11.755;11.783;11.533;11.699;177067.94
1660266000000;11.699;11.749;11.679;11.705;78651.6
1660269600000;11.697;11.803;11.576;11.735;85738.36
1660273200000;11.738;11.767;11.705;11.726;46057.61
1660276800000;11.726;11.774;11.67;11.673;50540.94
1660280400000;11.672;11.737;11.639;11.652;51948.74
1660284000000;11.65;11.673;11.562;11.624;57868.59
1660287600000;11.619;11.71;11.587;11.705;60843.11
1660291200000;11.704;11.772;11.668;11.703;54918.28
1660294800000;11.701;11.861;11.652;11.756;111067.79
1660298400000;11.76;11.793;11.509;11.509;103432.87
1660302000000;11.509;11.577;11.42;11.498;147693.44
1660305600000;11.5;11.666;11.476;11.652;73533.34
1660309200000;11.65;11.779;11.616;11.709;94090.05
1660312800000;11.703;11.787;11.633;11.702;65466.94
1660316400000;11.7;11.87;11.658;11.777;79478.56
1660320000000;11.775;11.854;11.71;11.722;43241.36
1660323600000;11.723;11.786;11.689;11.763;50339.79
1660327200000;11.764;11.862;11.723;11.828;69422.7
1660330800000;11.824;11.929;11.806;11.894;96226.78
1660334400000;11.891;11.937;11.801;11.91;58738.85
1660338000000;11.912;11.919;11.819;11.836;38596.79
1660341600000;11.838;11.944;11.838;11.941;40348.74
1660345200000;11.941;12.091;11.907;12.05;110315.37
1660348800000;12.049;12.111;11.982;12.048;69064
1660352400000;12.048;12.136;12.018;12.093;62741.85
1660356000000;12.096;12.188;12.044;12.184;57335.22
1660359600000;12.183;12.206;12.115;12.174;94218.85
1660363200000;12.179;12.2;12.078;12.123;58048.38
1660366800000;12.12;12.16;12.082;12.159;65408.92
1660370400000;12.161;12.375;12.161;12.226;172563.13
1660374000000;12.225;12.41;12.202;12.284;120809.22
1660377600000;12.284;12.395;12.206;12.221;108615.04
1660381200000;12.223;12.281;12.185;12.222;81733.97
1660384800000;12.222;12.231;12.08;12.107;67637.65
1660388400000;12.106;12.118;11.978;12.052;61658.36
1660392000000;12.051;12.063;11.938;12.035;53055.29
1660395600000;12.034;12.103;12.015;12.08;50956.96
1660399200000;12.076;12.109;12.038;12.061;58426.3
1660402800000;12.062;12.153;12.032;12.071;57034.11
1660406400000;12.071;12.113;12.024;12.041;64952.34
1660410000000;12.04;12.113;12.019;12.071;45584.36
1660413600000;12.067;12.088;11.939;11.992;73817.47
1660417200000;11.991;11.991;11.861;11.903;63070.77
1660420800000;11.9;11.968;11.846;11.944;42814.29
1660424400000;11.951;11.958;11.919;11.942;24139.5
1660428000000;11.942;11.983;11.866;11.872;32552.88
1660431600000;11.87;11.971;11.837;11.902;36819.35
1660435200000;11.905;11.984;11.807;11.9;56215.76
1660438800000;11.901;11.983;11.781;11.931;68801.29
1660442400000;11.931;12.008;11.917;11.994;42612.87
1660446000000;11.99;12.041;11.94;11.987;48324.84
1660449600000;11.991;12.05;11.914;11.984;42783.52
1660453200000;11.985;12.067;11.951;12.036;44108.21
1660456800000;12.037;12.1;12.033;12.09;58403.36
1660460400000;12.09;12.185;12.052;12.121;128156.29
1660464000000;12.12;12.127;12.009;12.091;99478.61
1660467600000;12.084;12.119;12.066;12.105;49214.38
1660471200000;12.106;12.109;11.963;11.989;71209.72
1660474800000;11.991;12.006;11.877;11.916;64806.84
1660478400000;11.916;11.918;11.837;11.908;67179.92
1660482000000;11.906;11.913;11.664;11.755;123507.79
1660485600000;11.755;11.838;11.736;11.817;64460.98
1660489200000;11.818;11.848;11.78;11.836;75908.24
1660492800000;11.833;11.842;11.534;11.536;136715.17
1660496400000;11.537;11.624;11.45;11.56;107599.47
1660500000000;11.557;11.654;11.515;11.638;60983.52
1660503600000;11.641;11.666;11.602;11.633;36037.96
1660507200000;11.639;11.696;11.6;11.616;29773.82
1660510800000;11.615;11.735;11.605;11.66;59702.65
1660514400000;11.66;11.701;11.52;11.617;47078.18
1660518000000;11.618;11.69;11.56;11.583;32839.94
1660521600000;11.584;11.71;11.468;11.692;56596.24
1660525200000;11.692;11.756;11.621;11.748;62369.17
1660528800000;11.742;11.907;11.686;11.864;69441.65
1660532400000;11.864;11.95;11.77;11.778;72278.85
1660536000000;11.776;11.798;11.715;11.785;47182.16
1660539600000;11.785;11.83;11.67;11.695;39635.75
1660543200000;11.694;11.704;11.307;11.332;186834.35
1660546800000;11.331;11.435;11.294;11.421;94405.43
1660550400000;11.417;11.42;11.264;11.412;75096.63
1660554000000;11.411;11.499;11.372;11.498;56045.02
1660557600000;11.499;11.5;11.43;11.493;49758.44
1660561200000;11.493;11.5;11.342;11.37;63731.22
1660564800000;11.368;11.441;11.226;11.275;84113.4
1660568400000;11.276;11.5;11.262;11.474;89188.49
1660572000000;11.477;11.487;11.358;11.38;49816.6
1660575600000;11.377;11.5;11.35;11.492;39196.96
1660579200000;11.49;11.598;11.452;11.582;124516.91
1660582800000;11.588;11.609;11.466;11.477;71264.96
1660586400000;11.477;11.493;11.393;11.401;36408.72
1660590000000;11.399;11.434;11.286;11.343;42933.97
1660593600000;11.342;11.421;11.334;11.412;44566.18
1660597200000;11.41;11.472;11.359;11.404;26065.73
1660600800000;11.403;11.506;11.313;11.319;32008.5
1660604400000;11.32;11.446;11.172;11.4;97041.14
1660608000000;11.397;11.468;11.272;11.443;57736.1
1660611600000;11.446;11.503;11.41;11.424;53720.8
1660615200000;11.423;11.456;11.275;11.309;38892.29
1660618800000;11.309;11.463;11.174;11.422;120463.06
1660622400000;11.423;11.45;11.336;11.344;45058.88
1660626000000;11.342;11.36;11.225;11.315;61050.09
1660629600000;11.315;11.41;11.299;11.375;46599.99
1660633200000;11.372;11.526;11.355;11.515;64882.5
1660636800000;11.522;11.623;11.468;11.475;134098.99
1660640400000;11.477;11.657;11.462;11.6;99578.42
1660644000000;11.6;11.636;11.51;11.521;65176.9
1660647600000;11.52;11.666;11.5;11.58;162736.9
1660651200000;11.58;11.629;11.449;11.454;74293.37
1660654800000;11.454;11.499;11.323;11.335;114807.48
1660658400000;11.335;11.361;11.242;11.321;145086.28
1660662000000;11.319;11.519;11.296;11.499;81738.59
1660665600000;11.501;11.588;11.343;11.48;97876.15
1660669200000;11.481;11.55;11.401;11.45;59129.84
1660672800000;11.445;11.611;11.277;11.43;237302.96
1660676400000;11.428;11.45;11.338;11.44;57083.29
1660680000000;11.441;11.51;11.38;11.485;48046.4
1660683600000;11.486;11.506;11.376;11.39;43865.24
1660687200000;11.396;11.428;11.304;11.387;41322.46
1660690800000;11.384;11.448;11.341;11.399;43325.36
1660694400000;11.397;11.621;11.367;11.553;116480.55
1660698000000;11.557;11.644;11.541;11.568;55227.26
1660701600000;11.568;11.646;11.523;11.573;34880.14
1660705200000;11.573;11.769;11.573;11.702;77373.74
1660708800000;11.7;11.761;11.69;11.692;44370.38
1660712400000;11.693;11.8;11.685;11.766;65745.02
1660716000000;11.765;11.89;11.765;11.848;106998.42
1660719600000;11.848;11.86;11.522;11.552;169826.43
1660723200000;11.551;11.674;11.529;11.656;70735.91
1660726800000;11.657;11.809;11.633;11.746;112137.26
1660730400000;11.746;11.823;11.582;11.669;150800.56
1660734000000;11.671;11.754;11.652;11.698;75070.7
1660737600000;11.699;11.766;11.376;11.535;236914.74
1660741200000;11.53;11.544;11.236;11.327;225230.9
1660744800000;11.326;11.367;11.184;11.213;168435.59
1660748400000;11.212;11.333;11.19;11.29;90026
1660752000000;11.292;11.407;11.23;11.38;79806.98
1660755600000;11.38;11.483;11.331;11.471;71992.92
1660759200000;11.469;11.622;11.355;11.505;126671.58
1660762800000;11.504;11.927;11.501;11.813;433325.33
1660766400000;11.812;11.883;11.713;11.713;206247.25
1660770000000;11.714;11.746;11.582;11.717;131143.96
1660773600000;11.715;11.839;11.645;11.733;103684.35
1660777200000;11.733;11.77;11.623;11.745;60027.26
1660780800000;11.749;11.899;11.564;11.809;235678.51
1660784400000;11.809;11.973;11.783;11.922;220668.62
1660788000000;11.922;12.256;11.897;12.247;429971.39
1660791600000;12.245;12.284;11.991;12.021;277702.39
1660795200000;12.019;12.08;11.943;11.986;135253.9
1660798800000;11.985;12.005;11.903;11.908;106122.24
1660802400000;11.908;11.945;11.833;11.854;153723.71
1660806000000;11.855;11.945;11.826;11.901;159160.85
1660809600000;11.901;11.933;11.774;11.845;110466.52
1660813200000;11.847;11.944;11.768;11.944;98070.39
1660816800000;11.945;12.038;11.881;11.945;182975.32
1660820400000;11.944;12.097;11.928;11.982;223371.61
1660824000000;11.983;12.08;11.885;11.911;206078.47
1660827600000;11.911;11.925;11.775;11.845;186227.09
1660831200000;11.847;11.892;11.773;11.796;90645.95
1660834800000;11.794;11.8;11.677;11.714;100201.46
1660838400000;11.717;11.738;11.588;11.644;165847.5
1660842000000;11.644;11.83;11.641;11.74;122841.35
1660845600000;11.741;11.839;11.696;11.809;67617.53
1660849200000;11.811;11.986;11.794;11.881;181270.89
1660852800000;11.879;11.951;11.819;11.91;72810.36
1660856400000;11.913;11.922;11.818;11.829;78429.18
1660860000000;11.828;11.905;11.75;11.801;156372.75
1660863600000;11.799;11.878;11.398;11.442;339584.78
1660867200000;11.443;11.449;10.991;10.997;368012.87
1660870800000;10.994;11.013;10.736;10.833;268686.51
1660874400000;10.835;10.872;10.746;10.829;173702.06
1660878000000;10.828;10.924;10.731;10.867;184966.18
1660881600000;10.866;10.978;10.83;10.939;137047.63
1660885200000;10.94;10.971;10.871;10.916;70630.83
1660888800000;10.912;10.919;10.157;10.507;683039.45
1660892400000;10.503;10.687;10.495;10.581;252626.64
1660896000000;10.584;10.585;10.389;10.471;195254.46
1660899600000;10.472;10.562;10.426;10.541;109520.34
1660903200000;10.545;10.602;10.466;10.499;81626.88
1660906800000;10.498;10.661;10.312;10.638;263430.45
1660910400000;10.641;10.78;10.5;10.756;220609.99
1660914000000;10.756;10.782;10.621;10.647;123955.92
1660917600000;10.647;10.875;10.644;10.737;194649.06
1660921200000;10.739;10.881;10.718;10.802;110249.47
1660924800000;10.8;11.055;10.754;10.947;216205.98
1660928400000;10.947;10.971;10.801;10.848;92388.51
1660932000000;10.847;10.866;10.778;10.816;49832.54
1660935600000;10.816;10.997;10.675;10.894;100604.57
1660939200000;10.896;10.935;10.705;10.82;102954.45
1660942800000;10.822;10.876;10.511;10.617;143544.96
1660946400000;10.617;10.996;10.595;10.856;259771.65
1660950000000;10.856;10.946;10.686;10.753;216697.69
1660953600000;10.753;10.973;10.745;10.829;161230.26
1660957200000;10.832;10.946;10.789;10.797;78705.38
1660960800000;10.799;10.917;10.793;10.861;83282.23
1660964400000;10.861;10.9;10.77;10.829;137033.38
1660968000000;10.829;10.899;10.67;10.832;269493.29
1660971600000;10.833;10.839;10.683;10.685;120180.45
1660975200000;10.684;10.783;10.586;10.767;184900.21
1660978800000;10.767;10.824;10.708;10.775;119411.34
1660982400000;10.775;10.796;10.678;10.696;84095.54
1660986000000;10.698;10.757;10.675;10.72;77314.8
1660989600000;10.72;10.735;10.636;10.712;96777.38
1660993200000;10.709;10.793;10.706;10.76;75509.58
1660996800000;10.761;10.849;10.738;10.777;116325.9
1661000400000;10.778;10.81;10.722;10.791;71627.03
1661004000000;10.792;10.825;10.645;10.683;96239.64
1661007600000;10.679;10.7;10.601;10.682;80584.25
1661011200000;10.677;10.699;10.476;10.482;84115.19
1661014800000;10.482;10.52;10.282;10.348;186906.06
1661018400000;10.349;10.386;10.164;10.194;157091.81
1661022000000;10.196;10.241;10.069;10.153;195955.67
1661025600000;10.155;10.314;10;10.017;186229.09
1661029200000;10.017;10.273;9.969;10.271;130202.82
1661032800000;10.271;10.333;10.203;10.223;62006.34
1661036400000;10.223;10.313;10.164;10.233;110366.31
1661040000000;10.233;10.326;10.213;10.24;82253.23
1661043600000;10.239;10.388;10.237;10.376;62981.18
1661047200000;10.376;10.394;10.301;10.343;57690.71
1661050800000;10.341;10.355;10.255;10.289;38689.09
1661054400000;10.291;10.375;10.279;10.293;32901.59
1661058000000;10.298;10.461;10.281;10.381;197764.02
1661061600000;10.381;10.406;10.298;10.329;107143.61
1661065200000;10.33;10.46;10.276;10.452;63740.22
1661068800000;10.45;10.62;10.445;10.5;200272.47
1661072400000;10.5;10.616;10.47;10.599;91283.14
1661076000000;10.598;10.627;10.548;10.571;52849.19
1661079600000;10.573;10.69;10.551;10.667;85613.8
1661083200000;10.664;10.744;10.601;10.602;93459.91
1661086800000;10.603;10.625;10.549;10.574;53205.38
1661090400000;10.576;10.68;10.529;10.628;57991.77
1661094000000;10.627;10.661;10.575;10.634;35696.8
1661097600000;10.633;10.731;10.572;10.673;76917
1661101200000;10.674;10.713;10.614;10.629;49206.03
1661104800000;10.629;10.644;10.577;10.624;60110.61
1661108400000;10.623;10.669;10.597;10.634;69244.27
1661112000000;10.634;10.78;10.588;10.663;81018.98
1661115600000;10.669;10.787;10.638;10.673;72272.52
1661119200000;10.672;10.727;10.435;10.67;144528.95
1661122800000;10.675;10.737;10.617;10.642;43419.94
1661126400000;10.647;10.659;10.528;10.591;65460.9
1661130000000;10.589;10.612;10.547;10.59;37105.94
1661133600000;10.591;10.645;10.56;10.622;40370.51
1661137200000;10.616;10.634;10.541;10.547;62190.09
1661140800000;10.542;10.592;10.457;10.575;56888.5
1661144400000;10.573;10.643;10.559;10.621;32817.1
1661148000000;10.621;10.625;10.363;10.405;95964.72
1661151600000;10.406;10.459;10.252;10.267;119527.89
1661155200000;10.262;10.269;10.043;10.206;221662.83
1661158800000;10.208;10.267;10.155;10.216;71158.95
1661162400000;10.214;10.349;10.184;10.318;71637.59
1661166000000;10.321;10.372;10.26;10.29;42043.77
1661169600000;10.291;10.327;10.204;10.251;61636.09
1661173200000;10.251;10.356;10.114;10.307;101115.56
1661176800000;10.302;10.37;10.197;10.231;76244.88
1661180400000;10.228;10.547;10.222;10.534;106622.11
1661184000000;10.537;10.994;10.532;10.92;596847.11
1661187600000;10.92;10.961;10.811;10.837;164630.15
1661191200000;10.841;10.893;10.745;10.82;98555.95
1661194800000;10.821;10.92;10.759;10.79;100574.57
1661198400000;10.788;10.951;10.788;10.848;136325.53
1661202000000;10.847;10.847;10.688;10.701;65665.37
1661205600000;10.705;10.873;10.681;10.806;71851.36
1661209200000;10.808;11.15;10.798;11.09;201691.87
1661212800000;11.089;11.115;10.967;11.032;147951.42
1661216400000;11.033;11.879;11.032;11.843;585561.25
1661220000000;11.84;12;11.717;11.898;348657.01
1661223600000;11.9;11.977;11.799;11.881;181988.01
1661227200000;11.88;11.939;11.627;11.634;228987.38
1661230800000;11.631;11.714;11.357;11.359;243212.04
1661234400000;11.359;11.545;11.33;11.413;275284.9
1661238000000;11.418;11.535;11.398;11.514;173758.46
1661241600000;11.514;11.633;11.426;11.447;188947.33
1661245200000;11.447;11.57;11.376;11.475;125758.34
1661248800000;11.477;11.492;11.36;11.445;98521.45
1661252400000;11.446;11.575;11.412;11.52;108513.93
1661256000000;11.522;11.583;11.414;11.484;111552.32
1661259600000;11.48;11.741;11.451;11.611;378404.47
1661263200000;11.61;11.711;11.519;11.543;146469.21
1661266800000;11.539;11.633;11.485;11.591;92411.22
1661270400000;11.587;11.76;11.562;11.701;146695.74
1661274000000;11.7;11.832;11.684;11.775;116487.75
1661277600000;11.772;12.205;11.772;12.154;597115.68
1661281200000;12.15;12.39;11.868;11.904;1023764.28
1661284800000;11.908;12.009;11.865;11.933;118769.35
1661288400000;11.932;12.121;11.93;12.03;151976.81
1661292000000;12.032;12.167;12.027;12.096;175738.1
1661295600000;12.1;12.254;12.091;12.122;164466.66
1661299200000;12.13;12.577;11.971;12.003;930610.06
1661302800000;12.003;12.163;11.639;11.673;335909.59
1661306400000;11.673;11.722;11.595;11.646;211157.23
1661310000000;11.646;11.773;11.619;11.739;110662.53
1661313600000;11.741;11.915;11.679;11.89;133764.69
1661317200000;11.888;11.946;11.781;11.789;138196.81
1661320800000;11.792;11.928;11.759;11.917;126148.72
1661324400000;11.918;11.955;11.641;11.854;184944.85
1661328000000;11.854;11.955;11.72;11.742;130043.89
1661331600000;11.739;11.927;11.739;11.8;114717.1
1661335200000;11.798;11.891;11.736;11.745;95284.92
1661338800000;11.745;11.898;11.728;11.872;64894.43
1661342400000;11.872;12.065;11.835;11.984;191570.86
1661346000000;11.985;12.008;11.848;11.929;121847.34
1661349600000;11.928;12.285;11.881;12.101;322122.73
1661353200000;12.099;12.587;12.093;12.43;573119.02
1661356800000;12.441;13.2;12.336;12.986;1256669.67
1661360400000;12.986;13.162;12.896;13.003;519117.6
1661364000000;13.003;13.2;12.935;12.955;475308.01
1661367600000;12.954;13.388;12.927;13.021;716645.43
1661371200000;13.023;13.246;12.984;13.228;279900.82
1661374800000;13.228;13.45;13.099;13.191;587402.66
1661378400000;13.192;13.32;12.973;13.041;494828.36
1661382000000;13.041;13.195;12.938;13.019;443781.14
1661385600000;13.021;13.158;12.843;12.952;317086.92
1661389200000;12.959;12.994;12.851;12.902;126711.05
1661392800000;12.9;12.93;12.73;12.744;167235.3
1661396400000;12.743;12.826;12.636;12.676;152700.43
1661400000000;12.675;12.839;12.671;12.69;185006.16
1661403600000;12.69;12.826;12.666;12.797;109681.66
1661407200000;12.798;12.93;12.715;12.927;225568.22
1661410800000;12.927;12.931;12.778;12.89;128983.89
1661414400000;12.891;12.946;12.787;12.806;164286.83
1661418000000;12.805;12.838;12.56;12.72;344723.28
1661421600000;12.72;13.195;12.666;12.809;522199.45
1661425200000;12.808;12.954;12.68;12.888;249669.97
1661428800000;12.887;13.029;12.588;12.697;969751.63
1661432400000;12.697;12.819;12.575;12.707;243959.79
1661436000000;12.706;12.86;12.659;12.735;144208.25
1661439600000;12.74;12.925;12.596;12.884;265787.51
1661443200000;12.886;12.946;12.71;12.819;184433.81
1661446800000;12.822;13.09;12.771;13.017;226677.58
1661450400000;13.018;13.432;12.87;12.911;901123.59
1661454000000;12.912;13.216;12.88;13.159;139341.09
1661457600000;13.161;13.229;12.934;12.988;199593.36
1661461200000;12.988;13.082;12.931;12.967;103429.31
1661464800000;12.968;13.074;12.822;12.831;99386.99
1661468400000;12.834;12.889;12.75;12.859;91680.84
1661472000000;12.853;12.884;12.651;12.724;272291.73
1661475600000;12.717;12.76;12.653;12.718;74098.14
1661479200000;12.713;12.73;12.634;12.701;83552.08
1661482800000;12.701;12.794;12.637;12.718;104456.23
1661486400000;12.715;12.782;12.682;12.753;62531.02
1661490000000;12.755;12.871;12.58;12.637;269792.87
1661493600000;12.639;12.82;12.554;12.704;201971.53
1661497200000;12.702;12.745;12.385;12.474;725271.87
1661500800000;12.474;12.558;12.45;12.478;116160.29
1661504400000;12.475;12.545;12.337;12.357;129792.57
1661508000000;12.358;12.423;12.256;12.318;148379.14
1661511600000;12.318;12.343;12.102;12.293;289983.57
1661515200000;12.293;12.893;12.274;12.883;396527.21
1661518800000;12.884;13.129;12.8;12.936;415116.78
1661522400000;12.938;13.1;12.56;12.669;698301.09
1661526000000;12.657;12.66;12.136;12.495;819881.81
1661529600000;12.494;12.606;12.05;12.256;671714.49
1661533200000;12.255;12.288;12.019;12.083;268273.32
1661536800000;12.083;12.083;11.742;11.83;369496.7
1661540400000;11.83;11.953;11.78;11.909;235794.91
1661544000000;11.911;12.02;11.874;11.975;230536.77
1661547600000;11.973;12.037;11.86;11.88;101094.82
1661551200000;11.88;11.88;11.479;11.633;215413.64
1661554800000;11.634;11.669;11.339;11.549;355684.25
1661558400000;11.549;11.549;11.116;11.178;442483.04
1661562000000;11.174;11.221;11.1;11.126;176106.61
1661565600000;11.126;11.145;10.986;11.026;216319.4
1661569200000;11.023;11.087;10.907;10.973;166564.97
1661572800000;10.971;11.036;10.856;10.86;202578.68
1661576400000;10.861;10.896;10.687;10.863;323557.14
1661580000000;10.863;10.946;10.775;10.927;187136.55
1661583600000;10.927;10.997;10.848;10.986;173563.99
1661587200000;10.984;10.993;10.863;10.89;173924.98
1661590800000;10.889;10.926;10.803;10.856;152992.8
1661594400000;10.853;10.982;10.842;10.885;149776.52
1661598000000;10.884;10.934;10.838;10.869;121502.64
1661601600000;10.869;10.882;10.8;10.823;160661.86
1661605200000;10.828;11.123;10.816;11.043;363672.56
1661608800000;11.044;11.212;10.986;10.99;429073.16
1661612400000;10.989;11.111;10.841;11;293886.46
1661616000000;11.005;11.281;10.954;11.236;257860.78
1661619600000;11.236;11.286;11.062;11.082;173637.41
1661623200000;11.082;11.098;10.963;11.002;108462.53
1661626800000;11;11.079;10.946;11.044;85045.44
1661630400000;11.044;11.102;10.958;11.088;107805.42
1661634000000;11.091;11.126;11.017;11.024;54075.8
1661637600000;11.022;11.318;11.012;11.21;129455.97
1661641200000;11.204;11.303;11.154;11.171;113036.48
1661644800000;11.17;11.376;11.033;11.266;270044.54
1661648400000;11.267;11.363;11.244;11.247;122922.39
1661652000000;11.248;11.369;11.222;11.264;97893.18
1661655600000;11.265;11.306;11.172;11.185;116068.91
1661659200000;11.184;11.233;11.154;11.206;66586.29
1661662800000;11.205;11.241;11.079;11.204;87504.55
1661666400000;11.204;11.253;11.152;11.209;55686.69
1661670000000;11.211;11.229;11.174;11.203;53792.45
1661673600000;11.205;11.278;11.124;11.161;99715.02
1661677200000;11.159;11.181;11.038;11.073;76486.19
1661680800000;11.073;11.134;11.016;11.05;130169.64
1661684400000;11.048;11.069;10.924;11.003;164469.07
1661688000000;11.005;11.042;10.846;10.884;168602.85
1661691600000;10.884;10.978;10.855;10.921;73305.51
1661695200000;10.919;10.976;10.751;10.9;140271.19
1661698800000;10.9;11.071;10.881;11.035;126402.96
1661702400000;11.036;11.12;10.966;10.973;141287.7
1661706000000;10.974;11.054;10.967;10.99;50537.29
1661709600000;10.998;11.063;10.989;11.041;43817.25
1661713200000;11.04;11.08;11.001;11.009;85210.03
1661716800000;11.009;11.077;11.002;11.021;44207.73
1661720400000;11.02;11.067;10.892;10.919;57066.16
1661724000000;10.916;10.959;10.81;10.82;113167.6
1661727600000;10.818;10.82;10.452;10.567;365953.09
1661731200000;10.565;10.594;10.281;10.291;289209.05
1661734800000;10.291;10.376;10.173;10.372;207360.01
1661738400000;10.37;10.449;10.336;10.378;104276.26
1661742000000;10.379;10.545;10.352;10.439;112668.61
1661745600000;10.44;10.497;10.394;10.419;79900.27
1661749200000;10.421;10.464;10.239;10.265;110729.29
1661752800000;10.265;10.449;10.265;10.413;111579.49
1661756400000;10.413;10.47;10.365;10.435;113030.93
1661760000000;10.438;10.449;10.361;10.361;80234.92
1661763600000;10.361;10.462;10.344;10.443;58429.44
1661767200000;10.442;10.47;10.397;10.452;68808.66
1661770800000;10.452;10.524;10.428;10.505;150365.78
1661774400000;10.505;10.881;10.473;10.673;282808.48
1661778000000;10.675;10.997;10.668;10.969;268750.34
1661781600000;10.967;11.335;10.888;11.095;516355.08
1661785200000;11.092;11.269;11.092;11.198;145520.03
1661788800000;11.2;11.426;11.186;11.327;350180.36
1661792400000;11.327;11.36;11.192;11.202;122810.28
1661796000000;11.201;11.217;11.103;11.141;100727.9
1661799600000;11.141;11.154;11.098;11.11;65861.31
1661803200000;11.111;11.252;11.109;11.195;113868.51
1661806800000;11.195;11.273;11.152;11.259;78152.4
1661810400000;11.255;11.304;11.197;11.233;65938.26
1661814000000;11.234;11.729;11.169;11.435;336496.19
1661817600000;11.434;11.758;11.417;11.703;442962.33
1661821200000;11.713;11.713;11.477;11.505;199291.96
1661824800000;11.511;11.547;11.42;11.539;141162.18
1661828400000;11.54;11.651;11.487;11.627;107223.49
1661832000000;11.623;11.721;11.55;11.581;154228.28
1661835600000;11.582;11.657;11.485;11.54;92730.89
1661839200000;11.539;11.553;11.46;11.493;75898.64
1661842800000;11.484;11.65;11.477;11.568;111121.63
1661846400000;11.571;11.739;11.568;11.666;124517.57
1661850000000;11.667;11.862;11.655;11.778;243818.81
1661853600000;11.78;11.9;11.72;11.785;179652.35
1661857200000;11.786;11.827;11.709;11.757;97974.71
1661860800000;11.763;11.89;11.643;11.791;199987.26
1661864400000;11.791;11.88;11.676;11.692;178021.39
1661868000000;11.691;11.749;11.174;11.345;631652.4
1661871600000;11.345;11.419;11.191;11.357;263976.08
1661875200000;11.359;11.496;11.115;11.185;231810.31
1661878800000;11.184;11.237;11.119;11.23;109047.78
1661882400000;11.231;11.443;11.212;11.413;169646.16
1661886000000;11.415;11.849;11.391;11.701;456817.73
1661889600000;11.701;11.958;11.661;11.891;268687.5
1661893200000;11.891;11.983;11.719;11.808;216876.49
1661896800000;11.813;12.17;11.812;12.112;282560.48
1661900400000;12.116;12.154;11.859;11.927;181207.36
1661904000000;11.93;12.054;11.791;11.884;196626.88
1661907600000;11.884;12.057;11.862;11.935;176864.92
1661911200000;11.936;12.18;11.923;12.057;136036.62
1661914800000;12.057;12.167;12.018;12.114;116212.13
1661918400000;12.112;12.236;12.101;12.113;142965.25
1661922000000;12.114;12.158;11.975;11.99;142182.02
1661925600000;11.988;12.128;11.881;11.903;181016
1661929200000;11.905;11.969;11.85;11.863;132065.95
1661932800000;11.864;11.959;11.75;11.836;144540.11
1661936400000;11.838;11.868;11.782;11.79;72211.23
1661940000000;11.791;12.156;11.782;12.081;166735.69
1661943600000;12.084;12.199;11.978;12.076;100177.57
1661947200000;12.074;12.244;12.058;12.164;194186.88
1661950800000;12.167;12.184;11.892;11.998;195536.27
1661954400000;12.001;12.017;11.801;11.82;171218.85
1661958000000;11.823;11.866;11.656;11.843;197966.31
1661961600000;11.842;11.869;11.688;11.714;97723.83
1661965200000;11.716;11.8;11.546;11.649;127747.03
1661968800000;11.65;11.751;11.644;11.699;76203.28
1661972400000;11.696;12.349;11.692;12.199;530677.01
1661976000000;12.196;12.34;11.982;12.046;249921.78
1661979600000;12.042;12.085;12.028;12.079;10418.06
